2.968337999999999965e+02 -7.418923314922663792e+01
2.959432985999999914e+02 -7.418954917326679777e+01
2.950527971999999863e+02 -7.418986583140434732e+01
2.941622957999999812e+02 -7.419018280570023194e+01
2.932717943999999761e+02 -7.419050002280506817e+01
2.923812929999999710e+02 -7.419081759010980193e+01
2.914907915999999659e+02 -7.419113524375411828e+01
2.906002901999999608e+02 -7.419145316323961481e+01
2.897097887999999557e+02 -7.419177109098230005e+01
2.888192873999999506e+02 -7.419208911986844157e+01
2.879287859999999455e+02 -7.419240713205600457e+01
2.870382845999999404e+02 -7.419272506622327512e+01
2.861477831999999353e+02 -7.419304280446002053e+01
2.852572817999999302e+02 -7.419336037073006196e+01
2.843667803999999251e+02 -7.419367764460515957e+01
2.834762789999999200e+02 -7.419399459793636709e+01
2.825857775999999149e+02 -7.419431104575365055e+01
2.816952761999999097e+02 -7.419462704386521068e+01
2.808047747999999046e+02 -7.419494247157030031e+01
2.799142733999998995e+02 -7.419525721426124676e+01
2.790237719999998944e+02 -7.419557116944596942e+01
2.781332705999998893e+02 -7.419588431349339430e+01
2.772427691999998842e+02 -7.419619649805073891e+01
2.763522677999998791e+02 -7.419650769043224159e+01
2.754617663999998740e+02 -7.419681771549421967e+01
2.745712649999998689e+02 -7.419712653547867376e+01
2.736807635999998638e+02 -7.419743403881436450e+01
2.727902621999998587e+02 -7.419774009746083721e+01
2.718997607999998536e+02 -7.419804458900756572e+01
2.710092593999998485e+02 -7.419834744357574152e+01
2.701187579999998434e+02 -7.419864853171860375e+01
2.692282565999998383e+02 -7.419894764371328222e+01
2.683377551999998332e+02 -7.419924479730578071e+01
2.674472537999998281e+02 -7.419953975509059774e+01
2.665567523999998230e+02 -7.419983246355469930e+01
2.656662509999998179e+02 -7.420012275445138528e+01
2.647757495999998127e+02 -7.420041046585683375e+01
2.638852481999998076e+02 -7.420069550565398231e+01
2.629947467999998025e+02 -7.420097766067580380e+01
2.621042453999997974e+02 -7.420125686511660490e+01
2.612137439999997923e+02 -7.420153290791949985e+01
2.603232425999997872e+02 -7.420180567281202855e+01
2.594327411999997821e+02 -7.420207495185094615e+01
2.585422397999997770e+02 -7.420234084141300457e+01
2.576517383999997719e+02 -7.420260250694370541e+01
2.567612369999997668e+02 -7.420286042505173896e+01
2.558707355999997617e+02 -7.420311414528735838e+01
2.549802341999997566e+02 -7.420336389740556626e+01
2.540897327999997515e+02 -7.420360881647023632e+01
2.531992313999997464e+02 -7.420384916252983487e+01
2.523087299999997413e+02 -7.420408448249970945e+01
2.514182285999997362e+02 -7.420431478747511278e+01
2.505277271999997311e+02 -7.420453975646567812e+01
2.496372257999997260e+02 -7.420475941314977320e+01
2.487467243999997208e+02 -7.420497319408576686e+01
2.478562229999997157e+02 -7.420518118403626318e+01
2.469657215999997106e+02 -7.420538308746560574e+01
2.460752201999997055e+02 -7.420557862944993133e+01
2.451847187999997004e+02 -7.420576764466770214e+01
2.442942173999996953e+02 -7.420594987146444055e+01
2.434037159999996902e+02 -7.420612504593006520e+01
2.425132145999996851e+02 -7.420629310441043458e+01
2.416227131999996800e+02 -7.420645363705496322e+01
2.407322117999996749e+02 -7.420660647387636288e+01
2.398417103999996698e+02 -7.420675131609603170e+01
2.389512089999996647e+02 -7.420688802279335050e+01
2.380607075999996596e+02 -7.420701627216739382e+01
2.371702061999996545e+02 -7.420713580474118487e+01
2.362797047999996494e+02 -7.420724635908067057e+01
2.353892033999996443e+02 -7.420734771524334406e+01
2.344987019999996392e+02 -7.420743952660808418e+01
2.336082005999996341e+02 -7.420752165556402247e+01
2.327176991999996289e+02 -7.420759370512604391e+01
2.318271977999996238e+02 -7.420765543300608158e+01
2.309366963999996187e+02 -7.420770655605659272e+01
2.300461949999996136e+02 -7.420774684984957048e+01
2.291556935999996085e+02 -7.420777595146084593e+01
2.282651921999996034e+02 -7.420779356283057382e+01
2.273746907999995983e+02 -7.420779943531695722e+01
2.264841893999995932e+02 -7.420779326799640785e+01
2.255936879999995881e+02 -7.420777459560983402e+01
2.247031865999995830e+02 -7.420774328311729562e+01
2.238126851999995779e+02 -7.420769900709422018e+01
2.229221837999995728e+02 -7.420764135815518614e+01
2.220316823999995677e+02 -7.420756686264306268e+01
2.211411809999995626e+02 -7.420748474741159839e+01
2.202506795999995575e+02 -7.420738506641872334e+01
2.193601781999995524e+02 -7.420727071236764516e+01
2.184696767999995473e+02 -7.420714133770688647e+01
2.175791753999995422e+02 -7.420699653979386312e+01
2.166886739999995370e+02 -7.420683596105287450e+01
2.157981725999995319e+02 -7.420665927562050967e+01
2.149076711999995268e+02 -7.420646598188510268e+01
2.140171697999995217e+02 -7.420625589688940238e+01
2.131266683999995166e+02 -7.420602845224647126e+01
2.122361669999995115e+02 -7.420578324091897571e+01
2.113456655999995064e+02 -7.420552009266232574e+01
2.104551641999995013e+02 -7.420523855427926208e+01
2.095646627999994962e+02 -7.420493780883221291e+01
2.086741613999994911e+02 -7.420460948907428644e+01
2.077836599999994860e+02 -7.420427777419604354e+01
2.068931585999994809e+02 -7.420390474172613438e+01
2.060026571999994758e+02 -7.420353587948702057e+01
2.051121557999994707e+02 -7.420312244992359751e+01
2.042216543999994656e+02 -7.420269761299127254e+01
2.033311529999994605e+02 -7.420225048174854976e+01
2.024406515999994554e+02 -7.420178049662807496e+01
2.015501501999994503e+02 -7.420128845293911013e+01
2.006596487999994451e+02 -7.420077141985373714e+01
1.997691473999994400e+02 -7.420023002773335463e+01
1.988786459999994349e+02 -7.419966349398274019e+01
1.979881445999994298e+02 -7.419907167033704809e+01
1.970976431999994247e+02 -7.419845388351329518e+01
1.962071417999994196e+02 -7.419780940908790967e+01
1.953166403999994145e+02 -7.419713769349918664e+01
1.944261389999994094e+02 -7.419643793593102998e+01
1.935356375999994043e+02 -7.419570951091684208e+01
1.926451361999993992e+02 -7.419495190837535858e+01
1.917546347999993941e+02 -7.419416417099955652e+01
1.908641333999993890e+02 -7.419334583709148490e+01
1.899736319999993839e+02 -7.419249596091613341e+01
1.890831305999993788e+02 -7.419161387270943919e+01
1.881926291999993737e+02 -7.419069903981778680e+01
1.873021277999993686e+02 -7.418975031185530611e+01
1.864116263999993635e+02 -7.418876697772702755e+01
1.855211249999993584e+02 -7.418774850472784976e+01
1.846306235999993532e+02 -7.418669371478128483e+01
1.837401221999993481e+02 -7.418560170873512050e+01
1.828496207999993430e+02 -7.418447192414410551e+01
1.819591193999993379e+02 -7.418330307976749793e+01
1.810686179999993328e+02 -7.418209431110113883e+01
1.801781165999993277e+02 -7.418084490773098594e+01
1.792876151999993226e+02 -7.417955345287418822e+01
1.783971137999993175e+02 -7.417821915162180346e+01
1.775066123999993124e+02 -7.417684098604732412e+01
1.766161109999993073e+02 -7.417541758881391445e+01
1.757256095999993022e+02 -7.417394797618402436e+01
1.748351081999992971e+02 -7.417243110645496529e+01
1.739446067999992920e+02 -7.417086563169890212e+01
1.730541053999992869e+02 -7.416925043559709252e+01
1.721636039999992818e+02 -7.416758378336260193e+01
1.712731025999992767e+02 -7.416586485311292165e+01
1.703826011999992716e+02 -7.416409219271180575e+01
1.694920997999992665e+02 -7.416226419139037773e+01
1.686015983999992613e+02 -7.416037936563294863e+01
1.677110969999992562e+02 -7.415843650881932092e+01
1.668205955999992511e+02 -7.415643359755037523e+01
1.659300941999992460e+02 -7.415436928677858930e+01
1.650395927999992409e+02 -7.415224196722365946e+01
1.641490913999992358e+02 -7.415004945927398694e+01
1.632585899999992307e+02 -7.414779031515391239e+01
1.623680885999992256e+02 -7.414546273980249680e+01
1.614775871999992205e+02 -7.414306438781135000e+01
1.605870857999992154e+02 -7.414059343539959457e+01
1.596965843999992103e+02 -7.413804788587157191e+01
1.588060829999992052e+02 -7.413542507854502617e+01
1.579155815999992001e+02 -7.413272299607250204e+01
1.570250801999991950e+02 -7.412993955439797844e+01
1.561345787999991899e+02 -7.412707161165853620e+01
1.552440773999991848e+02 -7.412411699517107877e+01
1.543535759999991797e+02 -7.412107320784359388e+01
1.534630745999991746e+02 -7.411793657278217040e+01
1.525725731999991694e+02 -7.411470520442986754e+01
1.516820717999991643e+02 -7.411137505932602210e+01
1.507915703999991592e+02 -7.410794351734838870e+01
1.499010689999991541e+02 -7.410440735973534743e+01
1.490105675999991490e+02 -7.410076237922977782e+01
1.481200661999991439e+02 -7.409700538625151012e+01
1.472295647999991388e+02 -7.409313300422932969e+01
1.463390633999991337e+02 -7.408914062113952070e+01
1.454485619999991286e+02 -7.408502406775255622e+01
1.445580605999991235e+02 -7.408077983058254290e+01
1.436675591999991184e+02 -7.407640238739361394e+01
1.427770577999991133e+02 -7.407188758047895760e+01
1.418865563999991082e+02 -7.406723123648741591e+01
1.409960549999991031e+02 -7.406242684886441907e+01
1.401055535999990980e+02 -7.405747000693236259e+01
1.392150521999990929e+02 -7.405235563959296030e+01
1.383245507999990878e+02 -7.404707699433117796e+01
1.374340493999990827e+02 -7.404162893913715493e+01
1.365435479999990775e+02 -7.403600556448839143e+01
1.356530465999990724e+02 -7.403019935540186225e+01
1.347625451999990673e+02 -7.402420513115482947e+01
1.338720437999990622e+02 -7.401801473565379297e+01
1.329815423999990571e+02 -7.401162196551310046e+01
1.320910409999990520e+02 -7.400501970279184150e+01
1.312005395999990469e+02 -7.399819922253050208e+01
1.303100381999990418e+02 -7.399115345513126840e+01
1.294195367999990367e+02 -7.398387501526329402e+01
1.285290353999990316e+02 -7.397635409803100970e+01
1.276385339999990265e+02 -7.396858310214125254e+01
1.267480325999990214e+02 -7.396055346223738525e+01
1.258575311999990163e+02 -7.395225451637766412e+01
1.249670297999990112e+02 -7.394367773325643611e+01
1.240765283999990061e+02 -7.393481432735306669e+01
1.231860269999990010e+02 -7.392565301828155100e+01
1.222955255999989959e+02 -7.391618338819451139e+01
1.214050241999989908e+02 -7.390639640704306146e+01
1.205145227999989856e+02 -7.389627909717712839e+01
1.196240213999989805e+02 -7.388582130505305656e+01
1.187335199999989754e+02 -7.387501321997476111e+01
1.178430185999989703e+02 -7.386383960842471197e+01
1.169525171999989652e+02 -7.385229002939267673e+01
1.160620157999989601e+02 -7.384035317290774003e+01
1.151715143999989550e+02 -7.382801380258946722e+01
1.142810129999989499e+02 -7.381526191347074928e+01
1.133905115999989448e+02 -7.380207921383671987e+01
1.125000101999989397e+02 -7.378845521568952392e+01
1.116095087999989346e+02 -7.377437626414891270e+01
1.107190073999989295e+02 -7.375982480619748571e+01
1.098285059999989244e+02 -7.374478793575984525e+01
1.089380045999989193e+02 -7.372924996566723621e+01
1.080475031999989142e+02 -7.371319257314787876e+01
1.071570017999989091e+02 -7.369660078241673773e+01
1.062665003999989040e+02 -7.367945930100059115e+01
1.053759989999988989e+02 -7.366174719341988464e+01
1.044854975999988937e+02 -7.364344921443196768e+01
1.035949961999988886e+02 -7.362454648726068740e+01
1.027044947999988835e+02 -7.360501708934756948e+01
1.018139933999988784e+02 -7.358484308935072704e+01
1.009234919999988733e+02 -7.356400602154407409e+01
1.000329905999988682e+02 -7.354248199057278157e+01
9.914248919999886311e+01 -7.352024857393082868e+01
9.825198779999885801e+01 -7.349728664750512053e+01
9.736148639999885290e+01 -7.347356836083221765e+01
9.647098499999884780e+01 -7.344907405749698626e+01
9.558048359999884269e+01 -7.342377550174673217e+01
9.468998219999883759e+01 -7.339764604310583707e+01
9.379948079999883248e+01 -7.337066257240795153e+01
9.290897939999882738e+01 -7.334279236631003585e+01
9.201847799999882227e+01 -7.331400916152321656e+01
9.112797659999881716e+01 -7.328428748768627088e+01
9.023747519999881206e+01 -7.325358721864209599e+01
8.934697379999880695e+01 -7.322188114720017893e+01
8.845647239999880185e+01 -7.318913951587599342e+01
8.756597099999879674e+01 -7.315532205073182581e+01
8.667546959999879164e+01 -7.312039945150647213e+01
8.578496819999878653e+01 -7.308433566654890967e+01
8.489446679999878143e+01 -7.304708994338756156e+01
8.400396539999877632e+01 -7.300862935058266601e+01
8.311346399999877121e+01 -7.296892173649222002e+01
8.222296259999876611e+01 -7.292792672712809576e+01
8.133246119999876100e+01 -7.288560871516121153e+01
8.044195979999875590e+01 -7.284194233259103157e+01
7.955145839999875079e+01 -7.279689001075306010e+01
7.866095699999874569e+01 -7.275043541636833311e+01
7.777045559999874058e+01 -7.270255042230186859e+01
7.687995419999873548e+01 -7.265322970587934037e+01
7.598945279999873037e+01 -7.260246815300696710e+01
7.509895139999872526e+01 -7.255026326355267940e+01
7.420844999999872016e+01 -7.249663208167186212e+01
7.331794859999871505e+01 -7.244159844049102048e+01
7.242744719999870995e+01 -7.238517121569893220e+01
7.153694579999870484e+01 -7.232735694162681739e+01
7.064644439999869974e+01 -7.226814705470565059e+01
6.975594299999869463e+01 -7.220746969274823357e+01
6.886544159999868953e+01 -7.214521329196168153e+01
6.797494019999868442e+01 -7.208119905476047506e+01
6.708443879999867931e+01 -7.201514292795738470e+01
6.619393739999867421e+01 -7.194671927767896591e+01
6.530343599999866910e+01 -7.187554253303648011e+01
6.441293459999866400e+01 -7.180116645644926621e+01
6.352243319999865889e+01 -7.172315638951874917e+01
6.263193179999865379e+01 -7.164107615631802162e+01
6.174143039999864868e+01 -7.155452002628967989e+01
6.085092899999864358e+01 -7.146316464717530437e+01
5.996042759999863847e+01 -7.136679870812780280e+01
5.906992619999863336e+01 -7.126527487604559497e+01
5.817942479999862826e+01 -7.115854802455950789e+01
5.728892339999862315e+01 -7.104660990698589274e+01
5.639842199999861805e+01 -7.092947676853268035e+01
5.550792059999861294e+01 -7.080713084373847721e+01
5.461741919999860784e+01 -7.067946340623468870e+01
5.372691779999860273e+01 -7.054633149654866031e+01
5.283641639999859763e+01 -7.040748362814494499e+01
5.194591499999859252e+01 -7.026259509002504444e+01
5.105541359999858742e+01 -7.011129096602964239e+01
5.016491219999858231e+01 -6.995312770148916570e+01
