2.968337999999999965e+02 -7.406819230176976987e+01
2.959432985999999914e+02 -7.406875793759824944e+01
2.950527971999999863e+02 -7.406932673940663392e+01
2.941622957999999812e+02 -7.406989876415724439e+01
2.932717943999999761e+02 -7.407047406743186002e+01
2.923812929999999710e+02 -7.407105256775260216e+01
2.914907915999999659e+02 -7.407163436672742307e+01
2.906002901999999608e+02 -7.407221942684408589e+01
2.897097887999999557e+02 -7.407280766185972709e+01
2.888192873999999506e+02 -7.407339926655323836e+01
2.879287859999999455e+02 -7.407399415369144435e+01
2.870382845999999404e+02 -7.407459228161617659e+01
2.861477831999999353e+02 -7.407519374915862898e+01
2.852572817999999302e+02 -7.407579841622218453e+01
2.843667803999999251e+02 -7.407640647895658503e+01
2.834762789999999200e+02 -7.407701784226438235e+01
2.825857775999999149e+02 -7.407763245981628586e+01
2.816952761999999097e+02 -7.407825042669358595e+01
2.808047747999999046e+02 -7.407887169385118398e+01
2.799142733999998995e+02 -7.407949615865931037e+01
2.790237719999998944e+02 -7.408012401726777796e+01
2.781332705999998893e+02 -7.408075516505287794e+01
2.772427691999998842e+02 -7.408138954739096960e+01
2.763522677999998791e+02 -7.408202725359286944e+01
2.754617663999998740e+02 -7.408266817205488053e+01
2.745712649999998689e+02 -7.408331235179899465e+01
2.736807635999998638e+02 -7.408395982449353312e+01
2.727902621999998587e+02 -7.408461052806829628e+01
2.718997607999998536e+02 -7.408526439858718504e+01
2.710092593999998485e+02 -7.408592146035942960e+01
2.701187579999998434e+02 -7.408658181632497985e+01
2.692282565999998383e+02 -7.408724522701500348e+01
2.683377551999998332e+02 -7.408791182510957185e+01
2.674472537999998281e+02 -7.408858148856002401e+01
2.665567523999998230e+02 -7.408925423016492573e+01
2.656662509999998179e+02 -7.408993009097066818e+01
2.647757495999998127e+02 -7.409060893295658445e+01
2.638852481999998076e+02 -7.409129082250190379e+01
2.629947467999998025e+02 -7.409197567478403812e+01
2.621042453999997974e+02 -7.409266334234592932e+01
2.612137439999997923e+02 -7.409335400732794596e+01
2.603232425999997872e+02 -7.409404750327976785e+01
2.594327411999997821e+02 -7.409474377914246190e+01
2.585422397999997770e+02 -7.409544303533816390e+01
2.576517383999997719e+02 -7.409614461078348313e+01
2.567612369999997668e+02 -7.409684891517009930e+01
2.558707355999997617e+02 -7.409755592824075165e+01
2.549802341999997566e+02 -7.409826551647816473e+01
2.540897327999997515e+02 -7.409897751454710146e+01
2.531992313999997464e+02 -7.409969197168767607e+01
2.523087299999997413e+02 -7.410040870284184678e+01
2.514182285999997362e+02 -7.410112772567379125e+01
2.505277271999997311e+02 -7.410184899204482178e+01
2.496372257999997260e+02 -7.410257237558099064e+01
2.487467243999997208e+02 -7.410329774712576523e+01
2.478562229999997157e+02 -7.410402504207618790e+01
2.469657215999997106e+02 -7.410475422034943449e+01
2.460752201999997055e+02 -7.410548520889363999e+01
2.451847187999997004e+02 -7.410621786281792822e+01
2.442942173999996953e+02 -7.410695203427425781e+01
2.434037159999996902e+02 -7.410768763120962888e+01
2.425132145999996851e+02 -7.410842464649111605e+01
2.416227131999996800e+02 -7.410916284514570407e+01
2.407322117999996749e+02 -7.410990219411814905e+01
2.398417103999996698e+02 -7.411064252292237597e+01
2.389512089999996647e+02 -7.411138357887084283e+01
2.380607075999996596e+02 -7.411212546806545731e+01
2.371702061999996545e+02 -7.411286792745791274e+01
2.362797047999996494e+02 -7.411361076887286004e+01
2.353892033999996443e+02 -7.411435392137187250e+01
2.344987019999996392e+02 -7.411509710191805311e+01
2.336082005999996341e+02 -7.411584027153521959e+01
2.327176991999996289e+02 -7.411658325552951965e+01
2.318271977999996238e+02 -7.411732583700312205e+01
2.309366963999996187e+02 -7.411806779544717472e+01
2.300461949999996136e+02 -7.411880901434793145e+01
2.291556935999996085e+02 -7.411954913637467257e+01
2.282651921999996034e+02 -7.412028820218547764e+01
2.273746907999995983e+02 -7.412102587754849026e+01
2.264841893999995932e+02 -7.412176191114637902e+01
2.255936879999995881e+02 -7.412249614169928691e+01
2.247031865999995830e+02 -7.412322820974652871e+01
2.238126851999995779e+02 -7.412395802622965846e+01
2.229221837999995728e+02 -7.412468530878361150e+01
2.220316823999995677e+02 -7.412540724032028550e+01
2.211411809999995626e+02 -7.412613111008225530e+01
2.202506795999995575e+02 -7.412684901468979604e+01
2.193601781999995524e+02 -7.412756336019857883e+01
2.184696767999995473e+02 -7.412827373421598054e+01
2.175791753999995422e+02 -7.412897997519829119e+01
2.166886739999995370e+02 -7.412968154829307821e+01
2.157981725999995319e+02 -7.413037810818912021e+01
2.149076711999995268e+02 -7.413106955572925472e+01
2.140171697999995217e+02 -7.413175542616053804e+01
2.131266683999995166e+02 -7.413243534905419097e+01
2.122361669999995115e+02 -7.413310898229970292e+01
2.113456655999995064e+02 -7.413377581704719432e+01
2.104551641999995013e+02 -7.413443582763174788e+01
2.095646627999994962e+02 -7.413508821120356629e+01
2.086741613999994911e+02 -7.413572631827487669e+01
2.077836599999994860e+02 -7.413636884931290183e+01
2.068931585999994809e+02 -7.413698670791841039e+01
2.060026571999994758e+02 -7.413761418100963851e+01
2.051121557999994707e+02 -7.413821409737086299e+01
2.042216543999994656e+02 -7.413881181402143739e+01
2.033311529999994605e+02 -7.413939880973987329e+01
2.024406515999994554e+02 -7.413997453505581348e+01
2.015501501999994503e+02 -7.414053921188880736e+01
2.006596487999994451e+02 -7.414109093414448637e+01
1.997691473999994400e+02 -7.414162975938704392e+01
1.988786459999994349e+02 -7.414215515442171522e+01
1.979881445999994298e+02 -7.414266662172846623e+01
1.970976431999994247e+02 -7.414316338237019011e+01
1.962071417999994196e+02 -7.414364500197416419e+01
1.953166403999994145e+02 -7.414411070698312756e+01
1.944261389999994094e+02 -7.414455973932685140e+01
1.935356375999994043e+02 -7.414499143045803464e+01
1.926451361999993992e+02 -7.414540497938595820e+01
1.917546347999993941e+02 -7.414579980586272256e+01
1.908641333999993890e+02 -7.414617511798643079e+01
1.899736319999993839e+02 -7.414653002254010516e+01
1.890831305999993788e+02 -7.414686375950634556e+01
1.881926291999993737e+02 -7.414717542814686624e+01
1.873021277999993686e+02 -7.414746430224639084e+01
1.864116263999993635e+02 -7.414772942745780426e+01
1.855211249999993584e+02 -7.414796997237019127e+01
1.846306235999993532e+02 -7.414818484167884094e+01
1.837401221999993481e+02 -7.414837300689629274e+01
1.828496207999993430e+02 -7.414853384438818296e+01
1.819591193999993379e+02 -7.414866600870662694e+01
1.810686179999993328e+02 -7.414876853818110192e+01
1.801781165999993277e+02 -7.414884046266398343e+01
1.792876151999993226e+02 -7.414888045305487196e+01
1.783971137999993175e+02 -7.414888732771331092e+01
1.775066123999993124e+02 -7.414886033166568780e+01
1.766161109999993073e+02 -7.414879786355945157e+01
1.757256095999993022e+02 -7.414869880972196370e+01
1.748351081999992971e+02 -7.414856204954202212e+01
1.739446067999992920e+02 -7.414838583959424057e+01
1.730541053999992869e+02 -7.414816945105802404e+01
1.721636039999992818e+02 -7.414791104732465499e+01
