2.968337999999999965e+02 1.329209703158085176e-01
2.959432985999999914e+02 1.329209703158085176e-01
2.950527971999999863e+02 1.329209703158085176e-01
2.941622957999999812e+02 1.329209703158085176e-01
2.932717943999999761e+02 1.329209703158085176e-01
2.923812929999999710e+02 1.477759525130295515e-01
2.914907915999999659e+02 1.477759525130295515e-01
2.906002901999999608e+02 1.477759525130295515e-01
2.897097887999999557e+02 1.477759525130295515e-01
2.888192873999999506e+02 1.477759525130295515e-01
2.879287859999999455e+02 1.646294655728297585e-01
2.870382845999999404e+02 1.646294655728297585e-01
2.861477831999999353e+02 1.646294655728297585e-01
2.852572817999999302e+02 1.646294655728297585e-01
2.843667803999999251e+02 1.646294655728297585e-01
2.834762789999999200e+02 1.839200162692122831e-01
2.825857775999999149e+02 1.839200162692122831e-01
2.816952761999999097e+02 1.839200162692122831e-01
2.808047747999999046e+02 1.839200162692122831e-01
2.799142733999998995e+02 1.839200162692122831e-01
2.790237719999998944e+02 2.059909855773867093e-01
2.781332705999998893e+02 2.059909855773867093e-01
2.772427691999998842e+02 2.059909855773867093e-01
2.763522677999998791e+02 2.059909855773867093e-01
2.754617663999998740e+02 2.059909855773867093e-01
2.745712649999998689e+02 2.312831009163573981e-01
2.736807635999998638e+02 2.312831009163573981e-01
2.727902621999998587e+02 2.312831009163573981e-01
2.718997607999998536e+02 2.312831009163573981e-01
2.710092593999998485e+02 2.312831009163573981e-01
2.701187579999998434e+02 2.602976280883240179e-01
2.692282565999998383e+02 2.602976280883240179e-01
2.683377551999998332e+02 2.602976280883240179e-01
2.674472537999998281e+02 2.602976280883240179e-01
2.665567523999998230e+02 2.602976280883240179e-01
2.656662509999998179e+02 2.936566954190311662e-01
2.647757495999998127e+02 2.936566954190311662e-01
2.638852481999998076e+02 2.936566954190311662e-01
2.629947467999998025e+02 2.936566954190311662e-01
2.621042453999997974e+02 2.936566954190311662e-01
2.612137439999997923e+02 3.320522202869824469e-01
2.603232425999997872e+02 3.320522202869824469e-01
2.594327411999997821e+02 3.320522202869824469e-01
2.585422397999997770e+02 3.320522202869824469e-01
2.576517383999997719e+02 3.320522202869824469e-01
2.567612369999997668e+02 3.763384214749976309e-01
2.558707355999997617e+02 3.763384214749976309e-01
2.549802341999997566e+02 3.763384214749976309e-01
2.540897327999997515e+02 3.763384214749976309e-01
2.531992313999997464e+02 3.763384214749976309e-01
2.523087299999997413e+02 4.273036791460071981e-01
2.514182285999997362e+02 4.273036791460071981e-01
2.505277271999997311e+02 4.273036791460071981e-01
2.496372257999997260e+02 4.273036791460071981e-01
2.487467243999997208e+02 4.273036791460071981e-01
2.478562229999997157e+02 4.865220169705253284e-01
2.469657215999997106e+02 4.865220169705253284e-01
2.460752201999997055e+02 4.865220169705253284e-01
2.451847187999997004e+02 4.865220169705253284e-01
2.442942173999996953e+02 4.865220169705253284e-01
2.434037159999996902e+02 5.552014876997191095e-01
2.425132145999996851e+02 5.552014876997191095e-01
2.416227131999996800e+02 5.552014876997191095e-01
2.407322117999996749e+02 5.552014876997191095e-01
2.398417103999996698e+02 5.552014876997191095e-01
2.389512089999996647e+02 6.350263785748211376e-01
2.380607075999996596e+02 6.350263785748211376e-01
2.371702061999996545e+02 6.350263785748211376e-01
2.362797047999996494e+02 6.350263785748211376e-01
2.353892033999996443e+02 6.350263785748211376e-01
2.344987019999996392e+02 7.279829623172417996e-01
2.336082005999996341e+02 7.279829623172417996e-01
2.327176991999996289e+02 7.279829623172417996e-01
2.318271977999996238e+02 7.279829623172417996e-01
2.309366963999996187e+02 7.279829623172417996e-01
2.300461949999996136e+02 8.363623868774539005e-01
2.291556935999996085e+02 8.363623868774539005e-01
2.282651921999996034e+02 8.363623868774539005e-01
2.273746907999995983e+02 8.363623868774539005e-01
2.264841893999995932e+02 8.363623868774539005e-01
2.255936879999995881e+02 9.627599719266299871e-01
2.247031865999995830e+02 9.627599719266299871e-01
2.238126851999995779e+02 9.627599719266299871e-01
2.229221837999995728e+02 9.627599719266299871e-01
2.220316823999995677e+02 9.627599719266299871e-01
2.211411809999995626e+02 1.110052858393828501e+00
2.202506795999995575e+02 1.110052858393828501e+00
2.193601781999995524e+02 1.110052858393828501e+00
2.184696767999995473e+02 1.110052858393828501e+00
2.175791753999995422e+02 1.110052858393828501e+00
2.166886739999995370e+02 1.281215748690556211e+00
2.157981725999995319e+02 1.281215748690556211e+00
2.149076711999995268e+02 1.281215748690556211e+00
2.140171697999995217e+02 1.281215748690556211e+00
2.131266683999995166e+02 1.281215748690556211e+00
2.122361669999995115e+02 1.479079612579425884e+00
2.113456655999995064e+02 1.479079612579425884e+00
2.104551641999995013e+02 1.479079612579425884e+00
2.095646627999994962e+02 1.479079612579425884e+00
2.086741613999994911e+02 1.479079612579425884e+00
2.077836599999994860e+02 1.705589263281126478e+00
2.068931585999994809e+02 1.705589263281126478e+00
2.060026571999994758e+02 1.705589263281126478e+00
2.051121557999994707e+02 1.705589263281126478e+00
2.042216543999994656e+02 1.705589263281126478e+00
2.033311529999994605e+02 1.961946801571912147e+00
2.024406515999994554e+02 1.961946801571912147e+00
2.015501501999994503e+02 1.961946801571912147e+00
2.006596487999994451e+02 1.961946801571912147e+00
1.997691473999994400e+02 1.961946801571912147e+00
1.988786459999994349e+02 2.245192586642019705e+00
1.979881445999994298e+02 2.245192586642019705e+00
1.970976431999994247e+02 2.245192586642019705e+00
1.962071417999994196e+02 2.245192586642019705e+00
1.953166403999994145e+02 2.245192586642019705e+00
1.944261389999994094e+02 2.550232207084945912e+00
1.935356375999994043e+02 2.550232207084945912e+00
1.926451361999993992e+02 2.550232207084945912e+00
1.917546347999993941e+02 2.550232207084945912e+00
1.908641333999993890e+02 2.550232207084945912e+00
1.899736319999993839e+02 2.866926972941996610e+00
1.890831305999993788e+02 2.866926972941996610e+00
1.881926291999993737e+02 2.866926972941996610e+00
1.873021277999993686e+02 2.866926972941996610e+00
1.864116263999993635e+02 2.866926972941996610e+00
1.855211249999993584e+02 3.180715256661414969e+00
1.846306235999993532e+02 3.180715256661414969e+00
1.837401221999993481e+02 3.180715256661414969e+00
1.828496207999993430e+02 3.180715256661414969e+00
1.819591193999993379e+02 3.180715256661414969e+00
1.810686179999993328e+02 3.475098867468773278e+00
1.801781165999993277e+02 3.475098867468773278e+00
1.792876151999993226e+02 3.475098867468773278e+00
1.783971137999993175e+02 3.475098867468773278e+00
1.775066123999993124e+02 3.475098867468773278e+00
1.766161109999993073e+02 3.736963301079754274e+00
1.757256095999993022e+02 3.736963301079754274e+00
1.748351081999992971e+02 3.736963301079754274e+00
1.739446067999992920e+02 3.736963301079754274e+00
1.730541053999992869e+02 3.736963301079754274e+00
1.721636039999992818e+02 3.990470997536021969e+00
1.712731025999992767e+02 3.990470997536021969e+00
1.703826011999992716e+02 3.990470997536021969e+00
1.694920997999992665e+02 3.990470997536021969e+00
1.686015983999992613e+02 3.990470997536021969e+00
1.677110969999992562e+02 4.175858657831099663e+00
1.668205955999992511e+02 4.175858657831099663e+00
1.659300941999992460e+02 4.175858657831099663e+00
1.650395927999992409e+02 4.175858657831099663e+00
1.641490913999992358e+02 4.175858657831099663e+00
1.632585899999992307e+02 4.411573733548834753e+00
1.623680885999992256e+02 4.411573733548834753e+00
1.614775871999992205e+02 4.411573733548834753e+00
1.605870857999992154e+02 4.411573733548834753e+00
1.596965843999992103e+02 4.411573733548834753e+00
1.588060829999992052e+02 4.695076367866590772e+00
1.579155815999992001e+02 4.695076367866590772e+00
1.570250801999991950e+02 4.695076367866590772e+00
1.561345787999991899e+02 4.695076367866590772e+00
1.552440773999991848e+02 4.695076367866590772e+00
1.543535759999991797e+02 5.001141595812441665e+00
1.534630745999991746e+02 5.001141595812441665e+00
1.525725731999991694e+02 5.001141595812441665e+00
1.516820717999991643e+02 5.001141595812441665e+00
1.507915703999991592e+02 5.001141595812441665e+00
1.499010689999991541e+02 5.292918513561062355e+00
1.490105675999991490e+02 5.292918513561062355e+00
1.481200661999991439e+02 5.292918513561062355e+00
1.472295647999991388e+02 5.292918513561062355e+00
1.463390633999991337e+02 5.292918513561062355e+00
1.454485619999991286e+02 5.540104882513219309e+00
1.445580605999991235e+02 5.540104882513219309e+00
1.436675591999991184e+02 5.540104882513219309e+00
1.427770577999991133e+02 5.540104882513219309e+00
1.418865563999991082e+02 5.540104882513219309e+00
1.409960549999991031e+02 5.714155822829525277e+00
1.401055535999990980e+02 5.714155822829525277e+00
1.392150521999990929e+02 5.714155822829525277e+00
1.383245507999990878e+02 5.714155822829525277e+00
1.374340493999990827e+02 5.714155822829525277e+00
1.365435479999990775e+02 5.779275651292437033e+00
1.356530465999990724e+02 5.779275651292437033e+00
1.347625451999990673e+02 5.779275651292437033e+00
1.338720437999990622e+02 5.779275651292437033e+00
1.329815423999990571e+02 5.779275651292437033e+00
1.320910409999990520e+02 5.716318950490517636e+00
1.312005395999990469e+02 5.716318950490517636e+00
1.303100381999990418e+02 5.716318950490517636e+00
1.294195367999990367e+02 5.716318950490517636e+00
1.285290353999990316e+02 5.716318950490517636e+00
1.276385339999990265e+02 5.437740437926663617e+00
1.267480325999990214e+02 5.437740437926663617e+00
1.258575311999990163e+02 5.437740437926663617e+00
1.249670297999990112e+02 5.437740437926663617e+00
1.240765283999990061e+02 5.437740437926663617e+00
1.231860269999990010e+02 4.648790100659994096e+00
1.222955255999989959e+02 4.648790100659994096e+00
1.214050241999989908e+02 4.648790100659994096e+00
1.205145227999989856e+02 4.648790100659994096e+00
1.196240213999989805e+02 4.648790100659994096e+00
1.187335199999989754e+02 4.379881531832552355e+00
1.178430185999989703e+02 4.379881531832552355e+00
1.169525171999989652e+02 4.379881531832552355e+00
1.160620157999989601e+02 4.379881531832552355e+00
1.151715143999989550e+02 4.379881531832552355e+00
1.142810129999989499e+02 4.097261815431352261e+00
1.133905115999989448e+02 4.097261815431352261e+00
1.125000101999989397e+02 4.097261815431352261e+00
1.116095087999989346e+02 4.097261815431352261e+00
1.107190073999989295e+02 4.097261815431352261e+00
1.098285059999989244e+02 3.815968924371304638e+00
1.089380045999989193e+02 3.815968924371304638e+00
1.080475031999989142e+02 3.815968924371304638e+00
1.071570017999989091e+02 3.815968924371304638e+00
1.062665003999989040e+02 3.815968924371304638e+00
1.053759989999988989e+02 3.553424270336336122e+00
1.044854975999988937e+02 3.553424270336336122e+00
1.035949961999988886e+02 3.553424270336336122e+00
1.027044947999988835e+02 3.553424270336336122e+00
1.018139933999988784e+02 3.553424270336336122e+00
1.009234919999988733e+02 3.318956854954535629e+00
1.000329905999988682e+02 3.318956854954535629e+00
9.914248919999886311e+01 3.318956854954535629e+00
9.825198779999885801e+01 3.318956854954535629e+00
9.736148639999885290e+01 3.318956854954535629e+00
9.647098499999884780e+01 3.112717250473906461e+00
9.558048359999884269e+01 3.112717250473906461e+00
9.468998219999883759e+01 3.112717250473906461e+00
9.379948079999883248e+01 3.112717250473906461e+00
9.290897939999882738e+01 3.112717250473906461e+00
9.201847799999882227e+01 2.949585818839750573e+00
9.112797659999881716e+01 2.949585818839750573e+00
9.023747519999881206e+01 2.949585818839750573e+00
8.934697379999880695e+01 2.949585818839750573e+00
8.845647239999880185e+01 2.949585818839750573e+00
8.756597099999879674e+01 2.857251329189125499e+00
8.667546959999879164e+01 2.857251329189125499e+00
8.578496819999878653e+01 2.857251329189125499e+00
8.489446679999878143e+01 2.857251329189125499e+00
8.400396539999877632e+01 2.857251329189125499e+00
8.311346399999877121e+01 2.589145622650335099e+00
8.222296259999876611e+01 2.589145622650335099e+00
8.133246119999876100e+01 2.589145622650335099e+00
8.044195979999875590e+01 2.589145622650335099e+00
7.955145839999875079e+01 2.589145622650335099e+00
7.866095699999874569e+01 2.358859226717413549e+00
7.777045559999874058e+01 2.358859226717413549e+00
7.687995419999873548e+01 2.358859226717413549e+00
7.598945279999873037e+01 2.358859226717413549e+00
7.509895139999872526e+01 2.358859226717413549e+00
7.420844999999872016e+01 2.172228672066012223e+00
7.331794859999871505e+01 2.172228672066012223e+00
7.242744719999870995e+01 2.172228672066012223e+00
7.153694579999870484e+01 2.172228672066012223e+00
7.064644439999869974e+01 2.172228672066012223e+00
6.975594299999869463e+01 2.023680992365939346e+00
6.886544159999868953e+01 2.023680992365939346e+00
6.797494019999868442e+01 2.023680992365939346e+00
6.708443879999867931e+01 2.023680992365939346e+00
6.619393739999867421e+01 2.023680992365939346e+00
6.530343599999866910e+01 1.883152475713245622e+00
6.441293459999866400e+01 1.883152475713245622e+00
6.352243319999865889e+01 1.883152475713245622e+00
6.263193179999865379e+01 1.883152475713245622e+00
6.174143039999864868e+01 1.883152475713245622e+00
6.085092899999864358e+01 1.766024963970380668e+00
5.996042759999863847e+01 1.766024963970380668e+00
5.906992619999863336e+01 1.766024963970380668e+00
5.817942479999862826e+01 1.766024963970380668e+00
5.728892339999862315e+01 1.766024963970380668e+00
5.639842199999861805e+01 1.687383957715837823e+00
5.550792059999861294e+01 1.687383957715837823e+00
5.461741919999860784e+01 1.687383957715837823e+00
5.372691779999860273e+01 1.687383957715837823e+00
5.283641639999859763e+01 1.687383957715837823e+00
5.194591499999859252e+01 1.635552257354788708e+00
5.105541359999858742e+01 1.635552257354788708e+00
5.016491219999858231e+01 1.635552257354788708e+00
