4.000000000000000000e+02 1.576023965832422102e-01
3.990000000000000000e+02 1.570463666925007995e-01
3.980000000000000000e+02 1.564854407999618224e-01
3.970000000000000000e+02 1.559195739998756880e-01
3.960000000000000000e+02 1.553487206722371783e-01
3.950000000000000000e+02 1.547728398715754738e-01
3.940000000000000000e+02 1.541918762140234989e-01
3.930000000000000000e+02 1.536057966114020013e-01
3.920000000000000000e+02 1.530145442013098878e-01
3.910000000000000000e+02 1.524180842082662746e-01
3.900000000000000000e+02 1.518163661170642831e-01
3.890000000000000000e+02 1.512093573980568262e-01
3.880000000000000000e+02 1.505969996337665762e-01
3.870000000000000000e+02 1.499792563619595509e-01
3.860000000000000000e+02 1.493560909080549892e-01
3.850000000000000000e+02 1.487274549088834497e-01
3.840000000000000000e+02 1.480933071478300334e-01
3.830000000000000000e+02 1.474536128355564413e-01
3.820000000000000000e+02 1.468083264110617292e-01
3.810000000000000000e+02 1.461574111668164366e-01
3.800000000000000000e+02 1.455008250173603079e-01
3.790000000000000000e+02 1.448385325885871155e-01
3.780000000000000000e+02 1.441705022636444178e-01
3.770000000000000000e+02 1.434966835214925851e-01
3.760000000000000000e+02 1.428170650946228026e-01
3.750000000000000000e+02 1.421315824332484157e-01
3.740000000000000000e+02 1.414402262977871305e-01
3.730000000000000000e+02 1.407429540759245756e-01
3.720000000000000000e+02 1.400397358079542576e-01
3.710000000000000000e+02 1.393305428368826482e-01
3.700000000000000000e+02 1.386153489555964347e-01
3.690000000000000000e+02 1.378941156350738106e-01
3.680000000000000000e+02 1.371668311076840452e-01
3.670000000000000000e+02 1.364334593974987075e-01
3.660000000000000000e+02 1.356939806185995523e-01
3.650000000000000000e+02 1.349483735048335187e-01
3.640000000000000000e+02 1.341966157940888138e-01
3.630000000000000000e+02 1.334386935809658004e-01
3.620000000000000000e+02 1.326745743062190119e-01
3.610000000000000000e+02 1.319042590108725765e-01
3.600000000000000000e+02 1.311277259607368517e-01
3.590000000000000000e+02 1.303449639575631758e-01
3.580000000000000000e+02 1.295559608797238194e-01
3.570000000000000000e+02 1.287607101174602919e-01
3.560000000000000000e+02 1.279591946031024829e-01
3.550000000000000000e+02 1.271514284579622900e-01
3.540000000000000000e+02 1.263373952947231538e-01
3.530000000000000000e+02 1.255171016575817866e-01
3.520000000000000000e+02 1.246905384237609327e-01
3.510000000000000000e+02 1.238577194837433282e-01
3.500000000000000000e+02 1.230186492349282790e-01
3.490000000000000000e+02 1.221733373943791751e-01
3.480000000000000000e+02 1.213217878687884582e-01
3.470000000000000000e+02 1.204640194715492219e-01
3.460000000000000000e+02 1.196000472985368074e-01
3.450000000000000000e+02 1.187298890895830822e-01
3.440000000000000000e+02 1.178535644705980961e-01
3.430000000000000000e+02 1.169710989009159624e-01
3.420000000000000000e+02 1.160825260600673453e-01
3.410000000000000000e+02 1.151878667742855245e-01
3.400000000000000000e+02 1.142871479272184604e-01
3.390000000000000000e+02 1.133804208804639752e-01
3.380000000000000000e+02 1.124677096707864810e-01
3.370000000000000000e+02 1.115490666226713889e-01
3.360000000000000000e+02 1.106245315044181721e-01
3.350000000000000000e+02 1.096941449983141609e-01
3.340000000000000000e+02 1.087579671621672905e-01
3.330000000000000000e+02 1.078160582672230555e-01
3.320000000000000000e+02 1.068684634664838484e-01
3.310000000000000000e+02 1.059152482226693309e-01
3.300000000000000000e+02 1.049564777656577103e-01
3.290000000000000000e+02 1.039922209550290383e-01
3.280000000000000000e+02 1.030225457158261693e-01
3.270000000000000000e+02 1.020475298968036432e-01
3.260000000000000000e+02 1.010672571391879326e-01
3.250000000000000000e+02 1.000818018228617351e-01
3.240000000000000000e+02 9.909126099492823747e-02
3.230000000000000000e+02 9.809570524174957007e-02
3.220000000000000000e+02 9.709524917275333400e-02
3.210000000000000000e+02 9.608997958211838719e-02
3.200000000000000000e+02 9.507999721180329655e-02
3.190000000000000000e+02 9.406542373035672866e-02
3.180000000000000000e+02 9.304634469764083704e-02
3.170000000000000000e+02 9.202288523851356872e-02
3.160000000000000000e+02 9.099517578271723584e-02
3.150000000000000000e+02 8.996331371611103467e-02
3.140000000000000000e+02 8.892743799534991167e-02
3.130000000000000000e+02 8.788767428672576709e-02
3.120000000000000000e+02 8.684416808876491145e-02
3.110000000000000000e+02 8.579703677405844942e-02
3.100000000000000000e+02 8.474643706754973749e-02
3.090000000000000000e+02 8.369250867205650646e-02
3.080000000000000000e+02 8.263540284661455293e-02
3.070000000000000000e+02 8.157527740358222479e-02
3.060000000000000000e+02 8.051229575317381260e-02
3.050000000000000000e+02 7.944659806859394324e-02
3.040000000000000000e+02 7.837837255882747212e-02
3.030000000000000000e+02 7.730778918510586295e-02
3.020000000000000000e+02 7.623499793132325342e-02
3.010000000000000000e+02 7.516021358672263231e-02
3.000000000000000000e+02 7.408359366477447472e-02
2.990000000000000000e+02 7.300533980947263024e-02
2.980000000000000000e+02 7.192564087153871522e-02
2.970000000000000000e+02 7.084467081920327314e-02
2.960000000000000000e+02 6.976265409035511955e-02
2.950000000000000000e+02 6.867978505204970496e-02
2.940000000000000000e+02 6.759626439123307684e-02
2.930000000000000000e+02 6.651230564822432911e-02
2.920000000000000000e+02 6.542812801875362572e-02
2.910000000000000000e+02 6.434394160788461936e-02
2.900000000000000000e+02 6.325998013614178572e-02
2.890000000000000000e+02 6.217645697338432254e-02
2.880000000000000000e+02 6.109360144802038206e-02
2.870000000000000000e+02 6.001165093902459391e-02
2.860000000000000000e+02 5.893083246910883755e-02
2.850000000000000000e+02 5.785139028786660809e-02
2.840000000000000000e+02 5.677356872891743678e-02
2.830000000000000000e+02 5.569761113348943582e-02
2.820000000000000000e+02 5.462376584397860002e-02
2.810000000000000000e+02 5.355228854963087204e-02
2.800000000000000000e+02 5.248342336800671665e-02
2.790000000000000000e+02 5.141743651151126082e-02
2.780000000000000000e+02 5.035458040145075059e-02
2.770000000000000000e+02 4.929513196207804815e-02
2.760000000000000000e+02 4.823934766457421697e-02
2.750000000000000000e+02 4.718748998206509504e-02
2.740000000000000000e+02 4.613983972059781946e-02
2.730000000000000000e+02 4.509666574116896059e-02
2.720000000000000000e+02 4.405824156210171733e-02
2.710000000000000000e+02 4.302484178169117129e-02
2.700000000000000000e+02 4.199676890364534981e-02
2.690000000000000000e+02 4.097427237891895085e-02
2.680000000000000000e+02 3.995766163795580472e-02
2.670000000000000000e+02 3.894720610565130525e-02
2.660000000000000000e+02 3.794319938249304802e-02
2.650000000000000000e+02 3.694592792678247362e-02
2.640000000000000000e+02 3.595569024673114095e-02
2.630000000000000000e+02 3.497276449739621790e-02
2.620000000000000000e+02 3.399746061874607539e-02
2.610000000000000000e+02 3.303006285133396058e-02
2.600000000000000000e+02 3.207086200334460790e-02
2.590000000000000000e+02 3.112017628115048423e-02
2.580000000000000000e+02 3.017828822049587606e-02
2.570000000000000000e+02 2.924549773504632119e-02
2.560000000000000000e+02 2.832210933954721482e-02
2.550000000000000000e+02 2.740842536092275017e-02
2.540000000000000000e+02 2.650474490402612154e-02
2.530000000000000000e+02 2.561137005007023404e-02
2.520000000000000000e+02 2.472861648054682643e-02
2.510000000000000000e+02 2.385677560416455886e-02
2.500000000000000000e+02 2.299615368362069312e-02
2.490000000000000000e+02 2.214706526622124694e-02
2.480000000000000000e+02 2.130980582111523247e-02
2.470000000000000000e+02 2.048469464358564085e-02
2.460000000000000000e+02 1.967203241531949309e-02
2.450000000000000000e+02 1.887212214593350645e-02
2.440000000000000000e+02 1.808527943583185249e-02
2.430000000000000000e+02 1.731181702968495606e-02
2.420000000000000000e+02 1.655202871936748560e-02
2.410000000000000000e+02 1.580624942469702199e-02
2.400000000000000000e+02 1.507477051544813852e-02
2.390000000000000000e+02 1.435790680173536574e-02
2.380000000000000000e+02 1.365597981860335389e-02
2.370000000000000000e+02 1.296929019729139813e-02
2.360000000000000000e+02 1.229815869267578826e-02
2.350000000000000000e+02 1.164290231828924750e-02
2.340000000000000000e+02 1.100381711495375912e-02
2.330000000000000000e+02 1.038124129361166041e-02
2.320000000000000000e+02 9.775483066487126310e-03
2.310000000000000000e+02 9.186860223532621050e-03
2.300000000000000000e+02 8.615693955122081041e-03
2.290000000000000000e+02 8.062304086760039429e-03
2.280000000000000000e+02 7.527009331390548119e-03
2.270000000000000000e+02 7.010137840782684412e-03
2.260000000000000000e+02 6.512011120985082904e-03
2.250000000000000000e+02 6.032953498134078010e-03
2.240000000000000000e+02 5.573300107536724099e-03
2.230000000000000000e+02 5.133382333448071808e-03
2.220000000000000000e+02 4.713527340043112066e-03
2.210000000000000000e+02 4.314067920634335682e-03
2.200000000000000000e+02 3.935353643429730444e-03
2.190000000000000000e+02 3.577719696880860348e-03
2.180000000000000000e+02 3.241497098874814020e-03
2.170000000000000000e+02 2.927050402867996393e-03
2.160000000000000000e+02 2.634722222447177797e-03
2.150000000000000000e+02 2.364866296697158352e-03
2.140000000000000000e+02 2.117833573397840882e-03
2.130000000000000000e+02 1.893995116689037653e-03
2.120000000000000000e+02 1.693707535600946432e-03
2.110000000000000000e+02 1.517340350202657506e-03
2.100000000000000000e+02 1.365275933092569352e-03
2.090000000000000000e+02 1.237879989917943513e-03
2.080000000000000000e+02 1.135539283575962705e-03
2.070000000000000000e+02 1.058641831086603105e-03
2.060000000000000000e+02 1.007584806941345945e-03
2.050000000000000000e+02 9.827587572401839944e-04
2.040000000000000000e+02 9.845729660349269302e-04
2.030000000000000000e+02 1.013436532777089311e-03
2.020000000000000000e+02 1.069766776796834962e-03
2.010000000000000000e+02 1.153979620783738072e-03
2.000000000000000000e+02 1.266511507915533963e-03
1.990000000000000000e+02 1.407795178500518066e-03
1.980000000000000000e+02 1.578267342209230956e-03
1.970000000000000000e+02 1.778374678624629682e-03
1.960000000000000000e+02 2.008585462116985534e-03
1.950000000000000000e+02 2.269345546318217097e-03
1.940000000000000000e+02 2.561135943646809104e-03
1.930000000000000000e+02 2.884430418200018345e-03
1.920000000000000000e+02 3.239722930551379443e-03
1.910000000000000000e+02 3.627500239071483612e-03
1.900000000000000000e+02 4.048256418480757068e-03
1.890000000000000000e+02 4.502504465660472910e-03
1.880000000000000000e+02 4.990785615003294137e-03
1.870000000000000000e+02 5.513580393434332552e-03
1.860000000000000000e+02 6.071450981057095742e-03
1.850000000000000000e+02 6.664939117627581219e-03
1.840000000000000000e+02 7.294593071886639260e-03
1.830000000000000000e+02 7.960961866219300187e-03
1.820000000000000000e+02 8.664623132904008748e-03
1.810000000000000000e+02 9.406159794530587898e-03
1.800000000000000000e+02 1.018614299267731754e-02
1.790000000000000000e+02 1.100518492829986872e-02
1.780000000000000000e+02 1.186386996602838140e-02
1.770000000000000000e+02 1.276283133783421078e-02
1.760000000000000000e+02 1.370267418827798497e-02
1.750000000000000000e+02 1.468404199859693268e-02
1.740000000000000000e+02 1.570756364159249172e-02
1.730000000000000000e+02 1.677390444454588889e-02
1.720000000000000000e+02 1.788371980336529721e-02
1.710000000000000000e+02 1.903768052859336132e-02
1.700000000000000000e+02 2.023646868334395832e-02
1.690000000000000000e+02 2.148076890273585907e-02
1.680000000000000000e+02 2.277129864367406428e-02
1.670000000000000000e+02 2.410874983119189185e-02
1.660000000000000000e+02 2.549386229919898411e-02
1.650000000000000000e+02 2.692735503413998255e-02
1.640000000000000000e+02 2.840998992407229098e-02
1.630000000000000000e+02 2.994250529891064397e-02
1.620000000000000000e+02 3.152569411897114537e-02
1.610000000000000000e+02 3.316032033036810101e-02
1.600000000000000000e+02 3.484718461528510391e-02
1.590000000000000000e+02 3.658709108788075343e-02
1.580000000000000000e+02 3.838086717950767168e-02
1.570000000000000000e+02 4.022933178748021310e-02
1.560000000000000000e+02 4.213334639673668724e-02
1.550000000000000000e+02 4.409377000933850654e-02
1.540000000000000000e+02 4.611148527550278098e-02
1.530000000000000000e+02 4.818737711065218532e-02
1.520000000000000000e+02 5.032235985094850317e-02
1.510000000000000000e+02 5.251735745377686393e-02
1.500000000000000000e+02 5.477331522124692653e-02
1.490000000000000000e+02 5.709117810304267099e-02
1.480000000000000000e+02 5.947192694473582564e-02
1.470000000000000000e+02 6.191656982267974840e-02
1.460000000000000000e+02 6.442609845450804340e-02
1.450000000000000000e+02 6.700152929639895116e-02
1.440000000000000000e+02 6.964392586142345576e-02
1.430000000000000000e+02 7.235434474687878204e-02
1.420000000000000000e+02 7.513385469605866895e-02
1.410000000000000000e+02 7.798355141880813912e-02
1.400000000000000000e+02 8.090454231173802024e-02
1.390000000000000000e+02 8.389795180238436567e-02
1.380000000000000000e+02 8.696489002002696922e-02
1.370000000000000000e+02 9.010652925181721062e-02
1.360000000000000000e+02 9.332400405191933201e-02
1.350000000000000000e+02 9.661847740216418512e-02
1.340000000000000000e+02 9.999110462011803757e-02
1.330000000000000000e+02 1.034430437270606740e-01
1.320000000000000000e+02 1.069754527445025138e-01
1.310000000000000000e+02 1.105894798575203092e-01
1.300000000000000000e+02 1.142862333339003666e-01
1.290000000000000000e+02 1.180668334913775319e-01
1.280000000000000000e+02 1.219323532514723224e-01
1.270000000000000000e+02 1.258838235854777277e-01
1.260000000000000000e+02 1.299222071478732810e-01
1.250000000000000000e+02 1.340484620072466271e-01
1.240000000000000000e+02 1.382634167746595311e-01
1.230000000000000000e+02 1.425678386784596796e-01
1.220000000000000000e+02 1.469623895192954111e-01
1.210000000000000000e+02 1.514475869986891543e-01
1.200000000000000000e+02 1.560238165145304556e-01
1.190000000000000000e+02 1.606912893857644908e-01
1.180000000000000000e+02 1.654500429172003073e-01
1.170000000000000000e+02 1.702998435532477317e-01
1.160000000000000000e+02 1.752402272219936441e-01
1.150000000000000000e+02 1.802704371038034437e-01
1.140000000000000000e+02 1.853893601607394803e-01
1.130000000000000000e+02 1.905955166912989274e-01
1.120000000000000000e+02 1.958869914119689692e-01
1.110000000000000000e+02 2.012614002426818538e-01
1.100000000000000000e+02 2.067158113923133200e-01
1.090000000000000000e+02 2.122466805947221535e-01
1.080000000000000000e+02 2.178498654002846424e-01
1.070000000000000000e+02 2.235204822897261523e-01
1.060000000000000000e+02 2.292528955969046212e-01
1.050000000000000000e+02 2.350406634540552764e-01
1.040000000000000000e+02 2.408765091995644925e-01
1.030000000000000000e+02 2.467522749321225117e-01
1.020000000000000000e+02 2.526589782455354039e-01
1.010000000000000000e+02 2.585867925985109728e-01
1.000000000000000000e+02 2.645251962019247727e-01
9.900000000000000000e+01 2.704630176216429316e-01
9.800000000000000000e+01 2.763886537924377107e-01
9.700000000000000000e+01 2.822903793112623849e-01
9.600000000000000000e+01 2.881565872504635029e-01
9.500000000000000000e+01 2.939762121942871564e-01
9.400000000000000000e+01 2.997391673578222449e-01
9.300000000000000000e+01 3.054368456815038102e-01
9.200000000000000000e+01 3.110626052568736255e-01
9.100000000000000000e+01 3.166122523002504741e-01
9.000000000000000000e+01 3.220845212284780823e-01
8.900000000000000000e+01 3.274814186404532146e-01
8.800000000000000000e+01 3.328084861281382367e-01
8.700000000000000000e+01 3.380749605460965368e-01
8.600000000000000000e+01 3.432937536113248589e-01
8.500000000000000000e+01 3.484813674963211372e-01
8.400000000000000000e+01 3.536576721647332056e-01
8.300000000000000000e+01 3.588455785877284754e-01
8.200000000000000000e+01 3.640707150898460087e-01
8.100000000000000000e+01 3.693610356988954457e-01
8.000000000000000000e+01 3.747464386870543729e-01
7.900000000000000000e+01 3.802583998215305905e-01
7.800000000000000000e+01 3.859296487535423537e-01
7.700000000000000000e+01 3.917938895743715566e-01
7.600000000000000000e+01 3.978855479890986424e-01
7.500000000000000000e+01 4.042395768840618131e-01
7.400000000000000000e+01 4.108913100621787162e-01
7.300000000000000000e+01 4.178763394947319076e-01
7.200000000000000000e+01 4.252304279307353996e-01
7.100000000000000000e+01 4.329894619347221529e-01
7.000000000000000000e+01 4.411894431276446871e-01
6.900000000000000000e+01 4.498663717116895833e-01
6.800000000000000000e+01 4.590563505404285927e-01
6.700000000000000000e+01 4.687955283329247602e-01
6.600000000000000000e+01 4.791201106062282222e-01
6.500000000000000000e+01 4.900663719434480425e-01
6.400000000000000000e+01 5.016706615789013890e-01
6.300000000000000000e+01 5.139693959127356049e-01
6.200000000000000000e+01 5.269990822673604747e-01
6.100000000000000000e+01 5.407962554249975407e-01
6.000000000000000000e+01 5.553975569831136605e-01
5.900000000000000000e+01 5.708396487095581673e-01
5.800000000000000000e+01 5.871592402962757529e-01
5.700000000000000000e+01 6.043930280306152314e-01
5.600000000000000000e+01 6.225777353202981423e-01
5.500000000000000000e+01 6.417500884688638330e-01
5.400000000000000000e+01 6.619468452920983514e-01
5.300000000000000000e+01 6.832048687469987058e-01
5.200000000000000000e+01 7.055611999225941400e-01
5.100000000000000000e+01 7.290532305608280472e-01
5.000000000000000000e+01 7.537189882494854665e-01
