4.000000000000000000e+02 7.042895303773100135e-01
3.990000000000000000e+02 7.038315282814051610e-01
3.980000000000000000e+02 7.033708342078881515e-01
3.970000000000000000e+02 7.029074224563848228e-01
3.960000000000000000e+02 7.024412667755118855e-01
3.950000000000000000e+02 7.019723381763871561e-01
3.940000000000000000e+02 7.015006118971153226e-01
3.930000000000000000e+02 7.010260605079849938e-01
3.920000000000000000e+02 7.005486466226230613e-01
3.910000000000000000e+02 7.000683750993403898e-01
3.900000000000000000e+02 6.995851857217678660e-01
3.890000000000000000e+02 6.990990728714049363e-01
3.880000000000000000e+02 6.986099753970740345e-01
3.870000000000000000e+02 6.981178949228413755e-01
3.860000000000000000e+02 6.976228049621849836e-01
3.850000000000000000e+02 6.971246581157054534e-01
3.840000000000000000e+02 6.966234452829753732e-01
3.830000000000000000e+02 6.961191240622005560e-01
3.820000000000000000e+02 6.956116712683738657e-01
3.810000000000000000e+02 6.951010612561400182e-01
3.800000000000000000e+02 6.945872649254964948e-01
3.790000000000000000e+02 6.940702452569433856e-01
3.780000000000000000e+02 6.935499831077373001e-01
3.770000000000000000e+02 6.930264482709663776e-01
3.760000000000000000e+02 6.924996103340057552e-01
3.750000000000000000e+02 6.919694481566028843e-01
3.740000000000000000e+02 6.914359151299205308e-01
3.730000000000000000e+02 6.908990120290819936e-01
3.720000000000000000e+02 6.903586902388011426e-01
3.710000000000000000e+02 6.898149293090947154e-01
3.700000000000000000e+02 6.892676956940412270e-01
3.690000000000000000e+02 6.887169703584317126e-01
3.680000000000000000e+02 6.881627270450509926e-01
3.670000000000000000e+02 6.876049227019400689e-01
3.660000000000000000e+02 6.870435669417587210e-01
3.650000000000000000e+02 6.864786064023247203e-01
3.640000000000000000e+02 6.859100223347254222e-01
3.630000000000000000e+02 6.853377880319491133e-01
3.620000000000000000e+02 6.847618839657290124e-01
3.610000000000000000e+02 6.841822871488615343e-01
3.600000000000000000e+02 6.835989730323315250e-01
3.590000000000000000e+02 6.830119270169532353e-01
3.580000000000000000e+02 6.824211161105520063e-01
3.570000000000000000e+02 6.818265341480669317e-01
3.560000000000000000e+02 6.812281471913937958e-01
3.550000000000000000e+02 6.806259502059600619e-01
3.540000000000000000e+02 6.800199109370664852e-01
3.530000000000000000e+02 6.794100392318273007e-01
3.520000000000000000e+02 6.787962992509813942e-01
3.510000000000000000e+02 6.781786803337660485e-01
3.500000000000000000e+02 6.775571654183401016e-01
3.490000000000000000e+02 6.769317514735073704e-01
3.480000000000000000e+02 6.763024316336705422e-01
3.470000000000000000e+02 6.756691897259006208e-01
3.460000000000000000e+02 6.750320194545575969e-01
3.450000000000000000e+02 6.743909177610415417e-01
3.440000000000000000e+02 6.737458889110218285e-01
3.430000000000000000e+02 6.730969173549112838e-01
3.420000000000000000e+02 6.724440078960746137e-01
3.410000000000000000e+02 6.717871658851396477e-01
3.400000000000000000e+02 6.711263918877861112e-01
3.390000000000000000e+02 6.704616922301946946e-01
3.380000000000000000e+02 6.697930740135451533e-01
3.370000000000000000e+02 6.691205443250084484e-01
3.360000000000000000e+02 6.684441293495240188e-01
3.350000000000000000e+02 6.677638299941505151e-01
3.340000000000000000e+02 6.670796664176076307e-01
3.330000000000000000e+02 6.663916602369016617e-01
3.320000000000000000e+02 6.656998322289522374e-01
3.310000000000000000e+02 6.650042133826555846e-01
3.300000000000000000e+02 6.643048201491603688e-01
3.290000000000000000e+02 6.636016931826365095e-01
3.280000000000000000e+02 6.628948628381654551e-01
3.270000000000000000e+02 6.621843663589732643e-01
3.260000000000000000e+02 6.614702442422404349e-01
3.250000000000000000e+02 6.607525337339666960e-01
3.240000000000000000e+02 6.600312900487065315e-01
3.230000000000000000e+02 6.593065575666368083e-01
3.220000000000000000e+02 6.585783905558162399e-01
3.210000000000000000e+02 6.578468432982422787e-01
3.200000000000000000e+02 6.571119804056350100e-01
3.190000000000000000e+02 6.563738619624267523e-01
3.180000000000000000e+02 6.556325348890865712e-01
3.170000000000000000e+02 6.548881367795610364e-01
3.160000000000000000e+02 6.541406825735309738e-01
3.150000000000000000e+02 6.533902523285364250e-01
3.140000000000000000e+02 6.526369608204840578e-01
3.130000000000000000e+02 6.518808753114545551e-01
3.120000000000000000e+02 6.511220867726863482e-01
3.110000000000000000e+02 6.503606978142077999e-01
3.100000000000000000e+02 6.495967996633904562e-01
3.090000000000000000e+02 6.488305142167045680e-01
3.080000000000000000e+02 6.480619321802746358e-01
3.070000000000000000e+02 6.472911629093898167e-01
3.060000000000000000e+02 6.465183502834682683e-01
3.050000000000000000e+02 6.457435892726398619e-01
3.040000000000000000e+02 6.449670214554689140e-01
3.030000000000000000e+02 6.441887706641995504e-01
3.020000000000000000e+02 6.434089679858012722e-01
3.010000000000000000e+02 6.426277599132969032e-01
3.000000000000000000e+02 6.418452990153833415e-01
2.990000000000000000e+02 6.410617159130672649e-01
2.980000000000000000e+02 6.402771751358802277e-01
2.970000000000000000e+02 6.394918171462240508e-01
2.960000000000000000e+02 6.387058331286435964e-01
2.950000000000000000e+02 6.379193766629435158e-01
2.940000000000000000e+02 6.371326195771407352e-01
2.930000000000000000e+02 6.363457273218040555e-01
2.920000000000000000e+02 6.355588947190889959e-01
2.910000000000000000e+02 6.347723003774401462e-01
2.900000000000000000e+02 6.339861328415589137e-01
2.890000000000000000e+02 6.332005858120782760e-01
2.880000000000000000e+02 6.324158562899272473e-01
2.870000000000000000e+02 6.316321450520916425e-01
2.860000000000000000e+02 6.308496575704735099e-01
2.850000000000000000e+02 6.300686018979393399e-01
2.840000000000000000e+02 6.292891913987841424e-01
2.830000000000000000e+02 6.285116419539783505e-01
2.820000000000000000e+02 6.277361742868349248e-01
2.810000000000000000e+02 6.269630105058140446e-01
2.800000000000000000e+02 6.261923784482736899e-01
2.790000000000000000e+02 6.254245091439042392e-01
2.780000000000000000e+02 6.246596262488336437e-01
2.770000000000000000e+02 6.238979746988890795e-01
2.760000000000000000e+02 6.231397932926137084e-01
2.750000000000000000e+02 6.223853087816216823e-01
2.740000000000000000e+02 6.216347706885241298e-01
2.730000000000000000e+02 6.208884443717245238e-01
2.720000000000000000e+02 6.201465489068207493e-01
2.710000000000000000e+02 6.194093410415006939e-01
2.700000000000000000e+02 6.186770730739715729e-01
2.690000000000000000e+02 6.179499930868137536e-01
2.680000000000000000e+02 6.172283544193662985e-01
2.670000000000000000e+02 6.165123957084187589e-01
2.660000000000000000e+02 6.158023930001599311e-01
2.650000000000000000e+02 6.150985843138240261e-01
2.640000000000000000e+02 6.144012279261202858e-01
2.630000000000000000e+02 6.137105745634960918e-01
2.620000000000000000e+02 6.130268760739115974e-01
2.610000000000000000e+02 6.123503834867999318e-01
2.600000000000000000e+02 6.116813342464827441e-01
2.590000000000000000e+02 6.110200164915405852e-01
2.580000000000000000e+02 6.103666303058911113e-01
2.570000000000000000e+02 6.097214429133548386e-01
2.560000000000000000e+02 6.090846918153821621e-01
2.550000000000000000e+02 6.084566172734586775e-01
2.540000000000000000e+02 6.078374547846320253e-01
2.530000000000000000e+02 6.072274388104225151e-01
2.520000000000000000e+02 6.066267997896165332e-01
2.510000000000000000e+02 6.060357513891416747e-01
2.500000000000000000e+02 6.054545479008770492e-01
2.490000000000000000e+02 6.048833701219911152e-01
2.480000000000000000e+02 6.043224375044609076e-01
2.470000000000000000e+02 6.037719657386404482e-01
2.460000000000000000e+02 6.032321622189156241e-01
2.450000000000000000e+02 6.027032124355753417e-01
2.440000000000000000e+02 6.021853100827390115e-01
2.430000000000000000e+02 6.016786372562104024e-01
2.420000000000000000e+02 6.011833768823444668e-01
2.410000000000000000e+02 6.006996927670891218e-01
2.400000000000000000e+02 6.002277570821664687e-01
2.390000000000000000e+02 5.997677192447536942e-01
2.380000000000000000e+02 5.993197246230740349e-01
2.370000000000000000e+02 5.988839279870261656e-01
2.360000000000000000e+02 5.984604595695687257e-01
2.350000000000000000e+02 5.980494478057364338e-01
2.340000000000000000e+02 5.976510038189355445e-01
2.330000000000000000e+02 5.972652433557478213e-01
2.320000000000000000e+02 5.968922666541769395e-01
2.310000000000000000e+02 5.965321722435958929e-01
2.300000000000000000e+02 5.961850297754951455e-01
2.290000000000000000e+02 5.958509423468173472e-01
2.280000000000000000e+02 5.955299595910579225e-01
2.270000000000000000e+02 5.952221468670784166e-01
2.260000000000000000e+02 5.949275508223484943e-01
2.250000000000000000e+02 5.946462300704420390e-01
2.240000000000000000e+02 5.943782102885868390e-01
2.230000000000000000e+02 5.941235182983735097e-01
2.220000000000000000e+02 5.938821774474838389e-01
2.210000000000000000e+02 5.936541979894656151e-01
2.200000000000000000e+02 5.934395863112299496e-01
2.190000000000000000e+02 5.932383397167464434e-01
2.180000000000000000e+02 5.930504545340623546e-01
2.170000000000000000e+02 5.928758986125352015e-01
2.160000000000000000e+02 5.927146786876614781e-01
2.150000000000000000e+02 5.925667506979332977e-01
2.140000000000000000e+02 5.924320833404059794e-01
2.130000000000000000e+02 5.923106399297171087e-01
2.120000000000000000e+02 5.922023829613853874e-01
2.110000000000000000e+02 5.921072689467515859e-01
2.100000000000000000e+02 5.920252483246761788e-01
2.090000000000000000e+02 5.919562635463193612e-01
2.080000000000000000e+02 5.919002777579122077e-01
2.070000000000000000e+02 5.918572323743244157e-01
2.060000000000000000e+02 5.918270816433542914e-01
2.050000000000000000e+02 5.918097369986913270e-01
2.040000000000000000e+02 5.918051920967919433e-01
2.030000000000000000e+02 5.918133717497309210e-01
2.020000000000000000e+02 5.918342419591869907e-01
2.010000000000000000e+02 5.918677540993277919e-01
2.000000000000000000e+02 5.919138655690021622e-01
1.990000000000000000e+02 5.919725400013983174e-01
1.980000000000000000e+02 5.920437551031904055e-01
1.970000000000000000e+02 5.921274878840731004e-01
1.960000000000000000e+02 5.922237194215815848e-01
1.950000000000000000e+02 5.923324466990089743e-01
1.940000000000000000e+02 5.924536704346214933e-01
1.930000000000000000e+02 5.925874020785746321e-01
1.920000000000000000e+02 5.927336791355315437e-01
1.910000000000000000e+02 5.928925192345870787e-01
1.900000000000000000e+02 5.930639740795239367e-01
1.890000000000000000e+02 5.932481061004956091e-01
1.880000000000000000e+02 5.934449855316495936e-01
1.870000000000000000e+02 5.936547003959032898e-01
1.860000000000000000e+02 5.938773545255945363e-01
1.850000000000000000e+02 5.941130471285739345e-01
1.840000000000000000e+02 5.943619336191530156e-01
1.830000000000000000e+02 5.946241382587523772e-01
1.820000000000000000e+02 5.948998430401821746e-01
1.810000000000000000e+02 5.951892034350398930e-01
1.800000000000000000e+02 5.954924205556411110e-01
1.790000000000000000e+02 5.958097016622182496e-01
1.780000000000000000e+02 5.961412655279685335e-01
1.770000000000000000e+02 5.964873595702707698e-01
1.760000000000000000e+02 5.968482172266237340e-01
1.750000000000000000e+02 5.972241192308596069e-01
1.740000000000000000e+02 5.976153259996279665e-01
1.730000000000000000e+02 5.980221402234784378e-01
1.720000000000000000e+02 5.984448459168684176e-01
1.710000000000000000e+02 5.988837657569064943e-01
1.700000000000000000e+02 5.993392107640114208e-01
1.690000000000000000e+02 5.998114883697289734e-01
1.680000000000000000e+02 6.003009491625679317e-01
1.670000000000000000e+02 6.008079062140424531e-01
1.660000000000000000e+02 6.013326998804787715e-01
1.650000000000000000e+02 6.018756525398436530e-01
1.640000000000000000e+02 6.024370929215636661e-01
1.630000000000000000e+02 6.030173398323439571e-01
1.620000000000000000e+02 6.036167039392885680e-01
1.610000000000000000e+02 6.042354882062875854e-01
1.600000000000000000e+02 6.048739758821803925e-01
1.590000000000000000e+02 6.055324284871341778e-01
1.580000000000000000e+02 6.062111047898190996e-01
1.570000000000000000e+02 6.069102143751018419e-01
1.560000000000000000e+02 6.076299737833735781e-01
1.550000000000000000e+02 6.083705384618819378e-01
1.540000000000000000e+02 6.091320500916315162e-01
1.530000000000000000e+02 6.099146055949269396e-01
1.520000000000000000e+02 6.107182612737735994e-01
1.510000000000000000e+02 6.115430367210612506e-01
1.500000000000000000e+02 6.123889061329885752e-01
1.490000000000000000e+02 6.132557842235139001e-01
1.480000000000000000e+02 6.141435406522177676e-01
1.470000000000000000e+02 6.150520027316095373e-01
1.460000000000000000e+02 6.159809123918299489e-01
1.450000000000000000e+02 6.169299757793064165e-01
1.440000000000000000e+02 6.178988234769275945e-01
1.430000000000000000e+02 6.188870290114643069e-01
1.420000000000000000e+02 6.198940971117895549e-01
1.410000000000000000e+02 6.209194628641105940e-01
1.400000000000000000e+02 6.219625034679747699e-01
1.390000000000000000e+02 6.230225131341271538e-01
1.380000000000000000e+02 6.240987283295559296e-01
1.370000000000000000e+02 6.251903178774120828e-01
1.360000000000000000e+02 6.262963796076167489e-01
1.350000000000000000e+02 6.274159428450664100e-01
1.340000000000000000e+02 6.285479774755871052e-01
1.330000000000000000e+02 6.296913971171288482e-01
1.320000000000000000e+02 6.308450545946950871e-01
1.310000000000000000e+02 6.320077451715973016e-01
1.300000000000000000e+02 6.331782227644062733e-01
1.290000000000000000e+02 6.343551976880044130e-01
1.280000000000000000e+02 6.355373419227906551e-01
1.270000000000000000e+02 6.367233087989192519e-01
1.260000000000000000e+02 6.379117174412672897e-01
1.250000000000000000e+02 6.391011807380290177e-01
1.240000000000000000e+02 6.402903280665136476e-01
1.230000000000000000e+02 6.414777709361041413e-01
1.220000000000000000e+02 6.426621655747658535e-01
1.210000000000000000e+02 6.438421955751900683e-01
1.200000000000000000e+02 6.450165925749882234e-01
1.190000000000000000e+02 6.461841601707501992e-01
1.180000000000000000e+02 6.473437726010901061e-01
1.170000000000000000e+02 6.484944131465245620e-01
1.160000000000000000e+02 6.496351762264649388e-01
1.150000000000000000e+02 6.507652976215227980e-01
1.140000000000000000e+02 6.518841570984381661e-01
1.130000000000000000e+02 6.529913221288529135e-01
1.120000000000000000e+02 6.540865541537848049e-01
1.110000000000000000e+02 6.551698480642835776e-01
1.100000000000000000e+02 6.562414200518829066e-01
1.090000000000000000e+02 6.573017886302436885e-01
1.080000000000000000e+02 6.583517505739719944e-01
1.070000000000000000e+02 6.593924169678441194e-01
1.060000000000000000e+02 6.604252825898678791e-01
1.050000000000000000e+02 6.614521890323861175e-01
1.040000000000000000e+02 6.624754035614016656e-01
1.030000000000000000e+02 6.634976395047456066e-01
1.020000000000000000e+02 6.645220721420358467e-01
1.010000000000000000e+02 6.655523996119669938e-01
1.000000000000000000e+02 6.665928611814874172e-01
9.900000000000000000e+01 6.676482835280956873e-01
9.800000000000000000e+01 6.687241356767682499e-01
9.700000000000000000e+01 6.698265655875215163e-01
9.600000000000000000e+01 6.709624757989147703e-01
9.500000000000000000e+01 6.721395707615168691e-01
9.400000000000000000e+01 6.733664614932879378e-01
9.300000000000000000e+01 6.746527200969216764e-01
9.200000000000000000e+01 6.760090321942098246e-01
9.100000000000000000e+01 6.774472909185530467e-01
9.000000000000000000e+01 6.789807857711017691e-01
8.900000000000000000e+01 6.806243767110249365e-01
8.800000000000000000e+01 6.823946883002833808e-01
8.700000000000000000e+01 6.843104617482870244e-01
8.600000000000000000e+01 6.863927899111785802e-01
8.500000000000000000e+01 6.886655270803277995e-01
8.400000000000000000e+01 6.911557285358399527e-01
8.300000000000000000e+01 6.938941160694175325e-01
8.200000000000000000e+01 6.969155717170218978e-01
8.100000000000000000e+01 7.002598018550200143e-01
8.000000000000000000e+01 7.039715777329957902e-01
7.900000000000000000e+01 7.081014028567812479e-01
7.800000000000000000e+01 7.127053835872783072e-01
7.700000000000000000e+01 7.178449360855425621e-01
7.600000000000000000e+01 7.235856504254509769e-01
7.500000000000000000e+01 7.299950847447040925e-01
7.400000000000000000e+01 7.371391834311795677e-01
7.300000000000000000e+01 7.450771771900832618e-01
7.200000000000000000e+01 7.538552126407973564e-01
7.100000000000000000e+01 7.634997591154277785e-01
7.000000000000000000e+01 7.740124127919981722e-01
6.900000000000000000e+01 7.853685222940869348e-01
6.800000000000000000e+01 7.975210738517714004e-01
6.700000000000000000e+01 8.104095938957982526e-01
6.600000000000000000e+01 8.239718261559629831e-01
6.500000000000000000e+01 8.381547107527436147e-01
6.400000000000000000e+01 8.529220580648408934e-01
6.300000000000000000e+01 8.682578763690286250e-01
6.200000000000000000e+01 8.841663323355728465e-01
6.100000000000000000e+01 9.006695408719540552e-01
6.000000000000000000e+01 9.178045574006552521e-01
5.900000000000000000e+01 9.356204578912489245e-01
5.800000000000000000e+01 9.541758123377287459e-01
5.700000000000000000e+01 9.735367515625810153e-01
5.600000000000000000e+01 9.937755148414091355e-01
5.500000000000000000e+01 1.014969410390622828e+00
5.400000000000000000e+01 1.037200051140801049e+00
5.300000000000000000e+01 1.060552778678180319e+00
5.200000000000000000e+01 1.085116277357609960e+00
5.100000000000000000e+01 1.110982244135380048e+00
5.000000000000000000e+01 1.138245116844482707e+00
