4.000000000000000000e+02 2.717494172647242356e-01
3.990000000000000000e+02 2.714145470259143322e-01
3.980000000000000000e+02 2.710779064949198069e-01
3.970000000000000000e+02 2.707394773770945839e-01
3.960000000000000000e+02 2.703992571316469196e-01
3.950000000000000000e+02 2.700572263455646715e-01
3.940000000000000000e+02 2.697133630722196029e-01
3.930000000000000000e+02 2.693676638873028772e-01
3.920000000000000000e+02 2.690201061498311841e-01
3.910000000000000000e+02 2.686706771355017453e-01
3.900000000000000000e+02 2.683193660010855242e-01
3.890000000000000000e+02 2.679661526176078667e-01
3.880000000000000000e+02 2.676110227007049702e-01
3.870000000000000000e+02 2.672539646017761950e-01
3.860000000000000000e+02 2.668949578571915282e-01
3.850000000000000000e+02 2.665339904294001805e-01
3.840000000000000000e+02 2.661710483037987851e-01
3.830000000000000000e+02 2.658061137053441270e-01
3.820000000000000000e+02 2.654391777371549743e-01
3.810000000000000000e+02 2.650702178381237339e-01
3.800000000000000000e+02 2.646992218441443501e-01
3.790000000000000000e+02 2.643261738993591958e-01
3.780000000000000000e+02 2.639510650499689581e-01
3.770000000000000000e+02 2.635738731567132676e-01
3.760000000000000000e+02 2.631945903182184021e-01
3.750000000000000000e+02 2.628131909082185302e-01
3.740000000000000000e+02 2.624296719242955600e-01
3.730000000000000000e+02 2.620440142177237197e-01
3.720000000000000000e+02 2.616562042013613754e-01
3.710000000000000000e+02 2.612662297325354377e-01
3.700000000000000000e+02 2.608740720576894767e-01
3.690000000000000000e+02 2.604797209641424582e-01
3.680000000000000000e+02 2.600831655872388737e-01
3.670000000000000000e+02 2.596843887314201349e-01
3.660000000000000000e+02 2.592833767458335159e-01
3.650000000000000000e+02 2.588801252151226029e-01
3.640000000000000000e+02 2.584746088551567178e-01
3.630000000000000000e+02 2.580668257511219976e-01
3.620000000000000000e+02 2.576567608979867252e-01
3.610000000000000000e+02 2.572444031318396052e-01
3.600000000000000000e+02 2.568297422290596876e-01
3.590000000000000000e+02 2.564127664596045353e-01
3.580000000000000000e+02 2.559934673163288821e-01
3.570000000000000000e+02 2.555718339394996708e-01
3.560000000000000000e+02 2.551478591579957600e-01
3.550000000000000000e+02 2.547215312931005449e-01
3.540000000000000000e+02 2.542928483690996555e-01
3.530000000000000000e+02 2.538617939068382734e-01
3.520000000000000000e+02 2.534283680346354761e-01
3.510000000000000000e+02 2.529925623334676743e-01
3.500000000000000000e+02 2.525543743907689431e-01
3.490000000000000000e+02 2.521137931187714676e-01
3.480000000000000000e+02 2.516708207358809846e-01
3.470000000000000000e+02 2.512254501950306751e-01
3.460000000000000000e+02 2.507776827269596054e-01
3.450000000000000000e+02 2.503275137975398135e-01
3.440000000000000000e+02 2.498749415651569661e-01
3.430000000000000000e+02 2.494199677134095738e-01
3.420000000000000000e+02 2.489625959889329998e-01
3.410000000000000000e+02 2.485028233757596572e-01
3.400000000000000000e+02 2.480406610336356454e-01
3.390000000000000000e+02 2.475761003575437658e-01
3.380000000000000000e+02 2.471091601885615496e-01
3.370000000000000000e+02 2.466398393732783245e-01
3.360000000000000000e+02 2.461681471486262263e-01
3.350000000000000000e+02 2.456940931553850960e-01
3.340000000000000000e+02 2.452176861407316111e-01
3.330000000000000000e+02 2.447389370570174083e-01
3.320000000000000000e+02 2.442578655391416387e-01
3.310000000000000000e+02 2.437744760774951946e-01
3.300000000000000000e+02 2.432887869300137118e-01
3.290000000000000000e+02 2.428008233866811583e-01
3.280000000000000000e+02 2.423105908839139344e-01
3.270000000000000000e+02 2.418181186298993257e-01
3.260000000000000000e+02 2.413234260724405611e-01
3.250000000000000000e+02 2.408265373156889266e-01
3.240000000000000000e+02 2.403274757428363884e-01
3.230000000000000000e+02 2.398262696668929661e-01
3.220000000000000000e+02 2.393229475457767652e-01
3.210000000000000000e+02 2.388175380404237991e-01
3.200000000000000000e+02 2.383100788062337272e-01
3.190000000000000000e+02 2.378006013053076406e-01
3.180000000000000000e+02 2.372891358480219148e-01
3.170000000000000000e+02 2.367757335084178516e-01
3.160000000000000000e+02 2.362604188261046845e-01
3.150000000000000000e+02 2.357432405734198877e-01
3.140000000000000000e+02 2.352242520567625894e-01
3.130000000000000000e+02 2.347034835303513922e-01
3.120000000000000000e+02 2.341810082198554632e-01
3.110000000000000000e+02 2.336568512821539934e-01
3.100000000000000000e+02 2.331310764758082466e-01
3.090000000000000000e+02 2.326037442373049546e-01
3.080000000000000000e+02 2.320749032246491317e-01
3.070000000000000000e+02 2.315446210569400143e-01
3.060000000000000000e+02 2.310129567344403612e-01
3.050000000000000000e+02 2.304799807432425796e-01
3.040000000000000000e+02 2.299457494787110479e-01
3.030000000000000000e+02 2.294103368204869764e-01
3.020000000000000000e+02 2.288738327410033135e-01
3.010000000000000000e+02 2.283362894036644886e-01
3.000000000000000000e+02 2.277977949650092093e-01
2.990000000000000000e+02 2.272584280945602886e-01
2.980000000000000000e+02 2.267182707871119307e-01
2.970000000000000000e+02 2.261774094534493851e-01
2.960000000000000000e+02 2.256359348365476747e-01
2.950000000000000000e+02 2.250939335215942916e-01
2.940000000000000000e+02 2.245514993652163172e-01
2.930000000000000000e+02 2.240087322432413319e-01
2.920000000000000000e+02 2.234657231679182954e-01
2.910000000000000000e+02 2.229225801852298128e-01
2.900000000000000000e+02 2.223794029268431061e-01
2.890000000000000000e+02 2.218362979170407923e-01
2.880000000000000000e+02 2.212933806630571487e-01
2.870000000000000000e+02 2.207507527185635088e-01
2.860000000000000000e+02 2.202085343222727754e-01
2.850000000000000000e+02 2.196668461105521220e-01
2.840000000000000000e+02 2.191257949665576521e-01
2.830000000000000000e+02 2.185855122545357909e-01
2.820000000000000000e+02 2.180461146881532697e-01
2.810000000000000000e+02 2.175077229059157180e-01
2.800000000000000000e+02 2.169704801415451856e-01
2.790000000000000000e+02 2.164345119784144844e-01
2.780000000000000000e+02 2.158999443165176280e-01
2.770000000000000000e+02 2.153669191826366180e-01
2.760000000000000000e+02 2.148355682869724503e-01
2.750000000000000000e+02 2.143060319433798822e-01
2.740000000000000000e+02 2.137784504673426456e-01
2.730000000000000000e+02 2.132529615063920858e-01
2.720000000000000000e+02 2.127297190519814862e-01
2.710000000000000000e+02 2.122088564505378305e-01
2.700000000000000000e+02 2.116905250255080029e-01
2.690000000000000000e+02 2.111748714859569553e-01
2.680000000000000000e+02 2.106620426524823675e-01
2.670000000000000000e+02 2.101521939560823948e-01
2.660000000000000000e+02 2.096454725398316232e-01
2.650000000000000000e+02 2.091420231188184653e-01
2.640000000000000000e+02 2.086420085768420640e-01
2.630000000000000000e+02 2.081455677539032212e-01
2.620000000000000000e+02 2.076528744346315125e-01
2.610000000000000000e+02 2.071640563982214966e-01
2.600000000000000000e+02 2.066792777276671988e-01
2.590000000000000000e+02 2.061986884211131632e-01
2.580000000000000000e+02 2.057224407044337955e-01
2.570000000000000000e+02 2.052506879546515672e-01
2.560000000000000000e+02 2.047835741987386882e-01
2.550000000000000000e+02 2.043212447096665052e-01
2.540000000000000000e+02 2.038638535734613455e-01
2.530000000000000000e+02 2.034115457809210215e-01
2.520000000000000000e+02 2.029644649772662790e-01
2.510000000000000000e+02 2.025227504461079575e-01
2.500000000000000000e+02 2.020865430708659871e-01
2.490000000000000000e+02 2.016559837588196569e-01
2.480000000000000000e+02 2.012311927441434167e-01
2.470000000000000000e+02 2.008123205698787717e-01
2.460000000000000000e+02 2.003994877570039190e-01
2.450000000000000000e+02 1.999928171990847103e-01
2.440000000000000000e+02 1.995924256047967305e-01
2.430000000000000000e+02 1.991984471174467197e-01
2.420000000000000000e+02 1.988109862272055550e-01
2.410000000000000000e+02 1.984301440421549767e-01
2.400000000000000000e+02 1.980560390828730311e-01
2.390000000000000000e+02 1.976887606830493582e-01
2.380000000000000000e+02 1.973284089762859517e-01
2.370000000000000000e+02 1.969750730902838642e-01
2.360000000000000000e+02 1.966288371088616982e-01
2.350000000000000000e+02 1.962897803348754577e-01
2.340000000000000000e+02 1.959579724776861764e-01
2.330000000000000000e+02 1.956334798575150580e-01
2.320000000000000000e+02 1.953163746217844998e-01
2.310000000000000000e+02 1.950066976885885262e-01
2.300000000000000000e+02 1.947044936639540647e-01
2.290000000000000000e+02 1.944098183832834170e-01
2.280000000000000000e+02 1.941226945797241699e-01
2.270000000000000000e+02 1.938431524577040321e-01
2.260000000000000000e+02 1.935712056801854042e-01
2.250000000000000000e+02 1.933068713520300907e-01
2.240000000000000000e+02 1.930501507281355000e-01
2.230000000000000000e+02 1.928010408401661935e-01
2.220000000000000000e+02 1.925595305032903048e-01
2.210000000000000000e+02 1.923255978673377442e-01
2.200000000000000000e+02 1.920992137375739373e-01
2.190000000000000000e+02 1.918803378941126014e-01
2.180000000000000000e+02 1.916689514501252745e-01
2.170000000000000000e+02 1.914649726265113538e-01
2.160000000000000000e+02 1.912683529833253682e-01
2.150000000000000000e+02 1.910790188803851986e-01
2.140000000000000000e+02 1.908968979234791363e-01
2.130000000000000000e+02 1.907218940917770056e-01
2.120000000000000000e+02 1.905539291868468543e-01
2.110000000000000000e+02 1.903928842391794107e-01
2.100000000000000000e+02 1.902386519198336901e-01
2.090000000000000000e+02 1.900911165384177315e-01
2.080000000000000000e+02 1.899501488458522624e-01
2.070000000000000000e+02 1.898156073706722125e-01
2.060000000000000000e+02 1.896873476648422707e-01
2.050000000000000000e+02 1.895652281744507062e-01
2.040000000000000000e+02 1.894490756658979980e-01
2.030000000000000000e+02 1.893387238150576191e-01
2.020000000000000000e+02 1.892340002040579783e-01
2.010000000000000000e+02 1.891347168769664522e-01
2.000000000000000000e+02 1.890406839214241463e-01
1.990000000000000000e+02 1.889517052746617909e-01
1.980000000000000000e+02 1.888675754588821365e-01
1.970000000000000000e+02 1.887880839786568454e-01
1.960000000000000000e+02 1.887130062239996686e-01
1.950000000000000000e+02 1.886421221812789872e-01
1.940000000000000000e+02 1.885752014209086114e-01
1.930000000000000000e+02 1.885120190974917675e-01
1.920000000000000000e+02 1.884523334816591011e-01
1.910000000000000000e+02 1.883958904232635456e-01
1.900000000000000000e+02 1.883424525269324079e-01
1.890000000000000000e+02 1.882917694277360665e-01
1.880000000000000000e+02 1.882435849249813331e-01
1.870000000000000000e+02 1.881976539934109849e-01
1.860000000000000000e+02 1.881537142782995220e-01
1.850000000000000000e+02 1.881115154771276221e-01
1.840000000000000000e+02 1.880708071079523480e-01
1.830000000000000000e+02 1.880313378265929258e-01
1.820000000000000000e+02 1.879928545702723997e-01
1.810000000000000000e+02 1.879551181963830808e-01
1.800000000000000000e+02 1.879178958592822857e-01
1.790000000000000000e+02 1.878809516755653997e-01
1.780000000000000000e+02 1.878440659538856417e-01
1.770000000000000000e+02 1.878070265205172285e-01
1.760000000000000000e+02 1.877696383541462843e-01
1.750000000000000000e+02 1.877317202806515484e-01
1.740000000000000000e+02 1.876930997566021164e-01
1.730000000000000000e+02 1.876536335710231040e-01
1.720000000000000000e+02 1.876131938845949365e-01
1.710000000000000000e+02 1.875716690491398553e-01
1.700000000000000000e+02 1.875289991494104025e-01
1.690000000000000000e+02 1.874851315584059597e-01
1.680000000000000000e+02 1.874400541259029773e-01
1.670000000000000000e+02 1.873937965879694523e-01
1.660000000000000000e+02 1.873464208341250326e-01
1.650000000000000000e+02 1.872980435981524139e-01
1.640000000000000000e+02 1.872488174866793476e-01
1.630000000000000000e+02 1.871989651546312472e-01
1.620000000000000000e+02 1.871487609400585006e-01
1.610000000000000000e+02 1.870985241117858744e-01
1.600000000000000000e+02 1.870486790471969918e-01
1.590000000000000000e+02 1.869997062516972064e-01
1.580000000000000000e+02 1.869521451393020561e-01
1.570000000000000000e+02 1.869066593866664516e-01
1.560000000000000000e+02 1.868639835146030936e-01
1.550000000000000000e+02 1.868249491133108231e-01
1.540000000000000000e+02 1.867905095214882072e-01
1.530000000000000000e+02 1.867617102473942414e-01
1.520000000000000000e+02 1.867397316807759000e-01
1.510000000000000000e+02 1.867258745811913312e-01
1.500000000000000000e+02 1.867215627935068234e-01
1.490000000000000000e+02 1.867283904027023655e-01
1.480000000000000000e+02 1.867480540377526033e-01
1.470000000000000000e+02 1.867824722808690552e-01
1.460000000000000000e+02 1.868336540681804769e-01
1.450000000000000000e+02 1.869038348350935408e-01
1.440000000000000000e+02 1.869953867111052159e-01
1.430000000000000000e+02 1.871108905119528987e-01
1.420000000000000000e+02 1.872531021499165005e-01
1.410000000000000000e+02 1.874249812306113538e-01
1.400000000000000000e+02 1.876296821592016162e-01
1.390000000000000000e+02 1.878705736874229926e-01
1.380000000000000000e+02 1.881512171863892746e-01
1.370000000000000000e+02 1.884754045470281025e-01
1.360000000000000000e+02 1.888471366711652888e-01
1.350000000000000000e+02 1.892706353425809285e-01
1.340000000000000000e+02 1.897503353457002939e-01
1.330000000000000000e+02 1.902908989046576127e-01
1.320000000000000000e+02 1.908972334285778671e-01
1.310000000000000000e+02 1.915744157327142205e-01
1.300000000000000000e+02 1.923277865673459208e-01
1.290000000000000000e+02 1.931628891254496272e-01
1.280000000000000000e+02 1.940854757058347313e-01
1.270000000000000000e+02 1.951015563854027191e-01
1.260000000000000000e+02 1.962172917714034848e-01
1.250000000000000000e+02 1.974391061494156774e-01
1.240000000000000000e+02 1.987736210533489478e-01
1.230000000000000000e+02 2.002276623225292540e-01
1.220000000000000000e+02 2.018082553754302344e-01
1.210000000000000000e+02 2.035226658364586161e-01
1.200000000000000000e+02 2.053783676446462869e-01
1.190000000000000000e+02 2.073830116707081062e-01
1.180000000000000000e+02 2.095444676636101233e-01
1.170000000000000000e+02 2.118708711164291048e-01
1.160000000000000000e+02 2.143705039848105287e-01
1.150000000000000000e+02 2.170519235391228929e-01
1.140000000000000000e+02 2.199238341805700714e-01
1.130000000000000000e+02 2.229951766139144365e-01
1.120000000000000000e+02 2.262750731867633203e-01
1.110000000000000000e+02 2.297726874781302331e-01
1.100000000000000000e+02 2.334973459798782569e-01
1.090000000000000000e+02 2.374583070855119937e-01
1.080000000000000000e+02 2.416646613067524318e-01
1.070000000000000000e+02 2.461251085042172326e-01
1.060000000000000000e+02 2.508476585722339003e-01
1.050000000000000000e+02 2.558390844332540937e-01
1.040000000000000000e+02 2.611043710993502520e-01
1.030000000000000000e+02 2.666456221997205445e-01
1.020000000000000000e+02 2.724606797315058393e-01
1.010000000000000000e+02 2.785413628956484589e-01
1.000000000000000000e+02 2.848710585234791592e-01
9.900000000000000000e+01 2.914221619237774563e-01
9.800000000000000000e+01 2.981537665847179275e-01
9.700000000000000000e+01 3.050107504598251196e-01
9.600000000000000000e+01 3.119256010204831675e-01
9.500000000000000000e+01 3.188236762740251917e-01
9.400000000000000000e+01 3.256311889966588824e-01
9.300000000000000000e+01 3.322832224233941978e-01
9.200000000000000000e+01 3.387289587947428515e-01
9.100000000000000000e+01 3.449328499317337315e-01
9.000000000000000000e+01 3.508723492751223971e-01
8.900000000000000000e+01 3.565345103106004609e-01
8.800000000000000000e+01 3.619120750489675520e-01
8.700000000000000000e+01 3.670011470196810066e-01
8.600000000000000000e+01 3.717995006846620543e-01
8.500000000000000000e+01 3.763059423797552316e-01
8.400000000000000000e+01 3.805202862367426109e-01
8.300000000000000000e+01 3.844437114763357699e-01
8.200000000000000000e+01 3.880794955169689087e-01
8.100000000000000000e+01 3.914335887160492744e-01
8.000000000000000000e+01 3.945155873020600445e-01
7.900000000000000000e+01 3.973394265809749859e-01
7.800000000000000000e+01 3.999243714968199193e-01
7.700000000000000000e+01 4.022959752782198084e-01
7.600000000000000000e+01 4.044872137062765494e-01
7.500000000000000000e+01 4.065397515614547763e-01
7.400000000000000000e+01 4.085053802380925747e-01
7.300000000000000000e+01 4.104474446079037220e-01
7.200000000000000000e+01 4.124422980893964752e-01
7.100000000000000000e+01 4.145804287370785102e-01
7.000000000000000000e+01 4.169669151574096899e-01
6.900000000000000000e+01 4.197208957324150003e-01
6.800000000000000000e+01 4.229733965128671391e-01
6.700000000000000000e+01 4.268631709144957154e-01
6.600000000000000000e+01 4.315304238441526885e-01
6.500000000000000000e+01 4.371087011249713550e-01
6.400000000000000000e+01 4.437160259830486009e-01
6.300000000000000000e+01 4.514056883821474520e-01
6.200000000000000000e+01 4.596310072676580427e-01
6.100000000000000000e+01 4.682996611029005551e-01
6.000000000000000000e+01 4.774329001209492995e-01
5.900000000000000000e+01 4.870538848044963509e-01
5.800000000000000000e+01 4.971878470680635154e-01
5.700000000000000000e+01 5.078623019956282070e-01
5.600000000000000000e+01 5.191072343906834030e-01
5.500000000000000000e+01 5.309552762228346712e-01
5.400000000000000000e+01 5.434419868414791521e-01
5.300000000000000000e+01 5.566059778657969082e-01
5.200000000000000000e+01 5.704892413238296101e-01
5.100000000000000000e+01 5.851373390273361119e-01
5.000000000000000000e+01 6.005997012349948427e-01
