4.000000000000000000e+02 -7.521436191359567314e-01
3.990000000000000000e+02 -7.523095796819307957e-01
3.980000000000000000e+02 -7.524763724698364520e-01
3.970000000000000000e+02 -7.526440033401942120e-01
3.960000000000000000e+02 -7.528124781614188299e-01
3.950000000000000000e+02 -7.529818028286566767e-01
3.940000000000000000e+02 -7.531519832626484279e-01
3.930000000000000000e+02 -7.533230254083744803e-01
3.920000000000000000e+02 -7.534949352338388140e-01
3.910000000000000000e+02 -7.536677187285309998e-01
3.900000000000000000e+02 -7.538413819020645112e-01
3.890000000000000000e+02 -7.540159307825110568e-01
3.880000000000000000e+02 -7.541913714147967518e-01
3.870000000000000000e+02 -7.543677098590434449e-01
3.860000000000000000e+02 -7.545449521886485877e-01
3.850000000000000000e+02 -7.547231044563649238e-01
3.840000000000000000e+02 -7.549021728163198830e-01
3.830000000000000000e+02 -7.550821633418628442e-01
3.820000000000000000e+02 -7.552630821397274818e-01
3.810000000000000000e+02 -7.554449353196512895e-01
3.800000000000000000e+02 -7.556277289918912343e-01
3.790000000000000000e+02 -7.558114692647811550e-01
3.780000000000000000e+02 -7.559961622421892402e-01
3.770000000000000000e+02 -7.561818140208956818e-01
3.760000000000000000e+02 -7.563684306876714558e-01
3.750000000000000000e+02 -7.565560183165245256e-01
3.740000000000000000e+02 -7.567445829656143097e-01
3.730000000000000000e+02 -7.569341306742003450e-01
3.720000000000000000e+02 -7.571246674594285242e-01
3.710000000000000000e+02 -7.573161993127960345e-01
3.700000000000000000e+02 -7.575087321970197518e-01
3.690000000000000000e+02 -7.577022720421791036e-01
3.680000000000000000e+02 -7.578968247420694304e-01
3.670000000000000000e+02 -7.580923961504284492e-01
3.660000000000000000e+02 -7.582889920769571024e-01
3.650000000000000000e+02 -7.584866182831512260e-01
3.640000000000000000e+02 -7.586852804781711868e-01
3.630000000000000000e+02 -7.588849843144994667e-01
3.620000000000000000e+02 -7.590857353833204701e-01
3.610000000000000000e+02 -7.592875392100647547e-01
3.600000000000000000e+02 -7.594904012495343748e-01
3.590000000000000000e+02 -7.596943268811054972e-01
3.580000000000000000e+02 -7.598993214035461019e-01
3.570000000000000000e+02 -7.601053900300740462e-01
3.560000000000000000e+02 -7.603125378826847136e-01
3.550000000000000000e+02 -7.605207699871314730e-01
3.540000000000000000e+02 -7.607300912669858750e-01
3.530000000000000000e+02 -7.609405065379928335e-01
3.520000000000000000e+02 -7.611520205022251906e-01
3.510000000000000000e+02 -7.613646377420213440e-01
3.500000000000000000e+02 -7.615783627137815426e-01
3.490000000000000000e+02 -7.617931997416261813e-01
3.480000000000000000e+02 -7.620091530109999178e-01
3.470000000000000000e+02 -7.622262265620238786e-01
3.460000000000000000e+02 -7.624444242826068363e-01
3.450000000000000000e+02 -7.626637499017022703e-01
3.440000000000000000e+02 -7.628842069821791805e-01
3.430000000000000000e+02 -7.631057989136046382e-01
3.420000000000000000e+02 -7.633285289048993283e-01
3.410000000000000000e+02 -7.635523999768591974e-01
3.400000000000000000e+02 -7.637774149544774849e-01
3.390000000000000000e+02 -7.640035764592102430e-01
3.380000000000000000e+02 -7.642308869010270289e-01
3.370000000000000000e+02 -7.644593484703445796e-01
3.360000000000000000e+02 -7.646889631297536516e-01
3.350000000000000000e+02 -7.649197326058103652e-01
3.340000000000000000e+02 -7.651516583804476301e-01
3.330000000000000000e+02 -7.653847416823477134e-01
3.320000000000000000e+02 -7.656189834782173298e-01
3.310000000000000000e+02 -7.658543844639081888e-01
3.300000000000000000e+02 -7.660909450553764488e-01
3.290000000000000000e+02 -7.663286653794820769e-01
3.280000000000000000e+02 -7.665675452647552346e-01
3.270000000000000000e+02 -7.668075842320120072e-01
3.260000000000000000e+02 -7.670487814846977948e-01
3.250000000000000000e+02 -7.672911358993605990e-01
3.240000000000000000e+02 -7.675346460158659623e-01
3.230000000000000000e+02 -7.677793100272867211e-01
3.220000000000000000e+02 -7.680251257701439238e-01
3.210000000000000000e+02 -7.682720907141207256e-01
3.200000000000000000e+02 -7.685202019518975192e-01
3.190000000000000000e+02 -7.687694561886525557e-01
3.180000000000000000e+02 -7.690198497317106696e-01
3.170000000000000000e+02 -7.692713784799580790e-01
3.160000000000000000e+02 -7.695240379130582342e-01
3.150000000000000000e+02 -7.697778230807007516e-01
3.140000000000000000e+02 -7.700327285916866993e-01
3.130000000000000000e+02 -7.702887486029602604e-01
3.120000000000000000e+02 -7.705458768084620935e-01
3.110000000000000000e+02 -7.708041058761221365e-01
3.100000000000000000e+02 -7.710634296435742163e-01
3.090000000000000000e+02 -7.713238397963543269e-01
3.080000000000000000e+02 -7.715853280632143374e-01
3.070000000000000000e+02 -7.718478856527967169e-01
3.060000000000000000e+02 -7.721115032419801905e-01
3.050000000000000000e+02 -7.723761709639681561e-01
3.040000000000000000e+02 -7.726418783964353887e-01
3.030000000000000000e+02 -7.729086145494976634e-01
3.020000000000000000e+02 -7.731763678535017448e-01
3.010000000000000000e+02 -7.734451261469228456e-01
3.000000000000000000e+02 -7.737148766638599628e-01
2.990000000000000000e+02 -7.739856060216839806e-01
2.980000000000000000e+02 -7.742573002084249811e-01
2.970000000000000000e+02 -7.745299445701393504e-01
2.960000000000000000e+02 -7.748035237979605805e-01
2.950000000000000000e+02 -7.750780219153290407e-01
2.940000000000000000e+02 -7.753534222647823215e-01
2.930000000000000000e+02 -7.756297074948539372e-01
2.920000000000000000e+02 -7.759068595466985796e-01
2.910000000000000000e+02 -7.761848596405406253e-01
2.900000000000000000e+02 -7.764636882061546341e-01
2.890000000000000000e+02 -7.767433250837852965e-01
2.880000000000000000e+02 -7.770237492002561863e-01
2.870000000000000000e+02 -7.773049387539889832e-01
2.860000000000000000e+02 -7.775868711525590893e-01
2.850000000000000000e+02 -7.778695229982991455e-01
2.840000000000000000e+02 -7.781528700734061665e-01
2.830000000000000000e+02 -7.784368873250886445e-01
2.820000000000000000e+02 -7.787215488503700378e-01
2.810000000000000000e+02 -7.790068278806683288e-01
2.800000000000000000e+02 -7.792926967661815141e-01
2.790000000000000000e+02 -7.795791269599650075e-01
2.780000000000000000e+02 -7.798660890018189740e-01
2.770000000000000000e+02 -7.801535525017188055e-01
2.760000000000000000e+02 -7.804414861231764311e-01
2.750000000000000000e+02 -7.807298575660800433e-01
2.740000000000000000e+02 -7.810186335495158394e-01
2.730000000000000000e+02 -7.813077797937696412e-01
2.720000000000000000e+02 -7.815972610025210265e-01
2.710000000000000000e+02 -7.818870408442604170e-01
2.700000000000000000e+02 -7.821770819336071323e-01
2.690000000000000000e+02 -7.824673458120381397e-01
2.680000000000000000e+02 -7.827577929283443536e-01
2.670000000000000000e+02 -7.830483826185556939e-01
2.660000000000000000e+02 -7.833390730855497308e-01
2.650000000000000000e+02 -7.836298213781383026e-01
2.640000000000000000e+02 -7.839205833696983872e-01
2.630000000000000000e+02 -7.842113137362545228e-01
2.620000000000000000e+02 -7.845019659343002161e-01
2.610000000000000000e+02 -7.847924921778569596e-01
2.600000000000000000e+02 -7.850828434150676216e-01
2.590000000000000000e+02 -7.853729693045027327e-01
2.580000000000000000e+02 -7.856628181904727892e-01
2.570000000000000000e+02 -7.859523370782659502e-01
2.560000000000000000e+02 -7.862414716083786503e-01
2.550000000000000000e+02 -7.865301660306392995e-01
2.540000000000000000e+02 -7.868183631772366349e-01
2.530000000000000000e+02 -7.871060044355887575e-01
2.520000000000000000e+02 -7.873930297203322048e-01
2.510000000000000000e+02 -7.876793774447854446e-01
2.500000000000000000e+02 -7.879649844918842350e-01
2.490000000000000000e+02 -7.882497861843682507e-01
2.480000000000000000e+02 -7.885337162543796241e-01
2.470000000000000000e+02 -7.888167068123842496e-01
2.460000000000000000e+02 -7.890986883157361520e-01
2.450000000000000000e+02 -7.893795895361001014e-01
2.440000000000000000e+02 -7.896593375268154968e-01
2.430000000000000000e+02 -7.899378575891951026e-01
2.420000000000000000e+02 -7.902150732384524146e-01
2.410000000000000000e+02 -7.904909061688930594e-01
2.400000000000000000e+02 -7.907652762185817252e-01
2.390000000000000000e+02 -7.910381013333682709e-01
2.380000000000000000e+02 -7.913092975302885579e-01
2.370000000000000000e+02 -7.915787788604987663e-01
2.360000000000000000e+02 -7.918464573715628951e-01
2.350000000000000000e+02 -7.921122430691192040e-01
2.340000000000000000e+02 -7.923760438783702398e-01
2.330000000000000000e+02 -7.926377656045356934e-01
2.320000000000000000e+02 -7.928973118933019260e-01
2.310000000000000000e+02 -7.931545841904976690e-01
2.300000000000000000e+02 -7.934094817015386880e-01
2.290000000000000000e+02 -7.936619013503509734e-01
2.280000000000000000e+02 -7.939117377378654972e-01
2.270000000000000000e+02 -7.941588831003969506e-01
2.260000000000000000e+02 -7.944032272674287354e-01
2.250000000000000000e+02 -7.946446576192601752e-01
2.240000000000000000e+02 -7.948830590444725397e-01
2.230000000000000000e+02 -7.951183138970243647e-01
2.220000000000000000e+02 -7.953503019532728313e-01
2.210000000000000000e+02 -7.955789003689548444e-01
2.200000000000000000e+02 -7.958039836358841157e-01
2.190000000000000000e+02 -7.960254235388348754e-01
2.180000000000000000e+02 -7.962430891121805576e-01
2.170000000000000000e+02 -7.964568465969225075e-01
2.160000000000000000e+02 -7.966665593974573412e-01
2.150000000000000000e+02 -7.968720880388160399e-01
2.140000000000000000e+02 -7.970732901239069301e-01
2.130000000000000000e+02 -7.972700202910218970e-01
2.120000000000000000e+02 -7.974621301718116673e-01
2.110000000000000000e+02 -7.976494683494761428e-01
2.100000000000000000e+02 -7.978318803174228036e-01
2.090000000000000000e+02 -7.980092084382933715e-01
2.080000000000000000e+02 -7.981812919038443477e-01
2.070000000000000000e+02 -7.983479666948635201e-01
2.060000000000000000e+02 -7.985090655422962813e-01
2.050000000000000000e+02 -7.986644178886361800e-01
2.040000000000000000e+02 -7.988138498502341811e-01
2.030000000000000000e+02 -7.989571841804551378e-01
2.020000000000000000e+02 -7.990942402335340367e-01
2.010000000000000000e+02 -7.992248339293785975e-01
2.000000000000000000e+02 -7.993487777195091848e-01
1.990000000000000000e+02 -7.994658805536704049e-01
1.980000000000000000e+02 -7.995759478477291182e-01
1.970000000000000000e+02 -7.996787814526724603e-01
1.960000000000000000e+02 -7.997741796245929624e-01
1.950000000000000000e+02 -7.998619369959847347e-01
1.940000000000000000e+02 -7.999418445483557072e-01
1.930000000000000000e+02 -8.000136895857397068e-01
1.920000000000000000e+02 -8.000772557101308857e-01
1.910000000000000000e+02 -8.001323227975648544e-01
1.900000000000000000e+02 -8.001786669762007698e-01
1.890000000000000000e+02 -8.002160606054468106e-01
1.880000000000000000e+02 -8.002442722567112421e-01
1.870000000000000000e+02 -8.002630666954637650e-01
1.860000000000000000e+02 -8.002722048650454667e-01
1.850000000000000000e+02 -8.002714438718184775e-01
1.840000000000000000e+02 -8.002605369719693051e-01
1.830000000000000000e+02 -8.002392335598301765e-01
1.820000000000000000e+02 -8.002072791578960231e-01
1.810000000000000000e+02 -8.001644154083568106e-01
1.800000000000000000e+02 -8.001103800664368659e-01
1.790000000000000000e+02 -8.000449069952545456e-01
1.780000000000000000e+02 -7.999677261622414326e-01
1.770000000000000000e+02 -7.998785636378215047e-01
1.760000000000000000e+02 -7.997771415950484242e-01
1.750000000000000000e+02 -7.996631783115730752e-01
1.740000000000000000e+02 -7.995363881730466193e-01
1.730000000000000000e+02 -7.993964816783938332e-01
1.720000000000000000e+02 -7.992431654467617719e-01
1.710000000000000000e+02 -7.990761422267801395e-01
1.700000000000000000e+02 -7.988951109066640965e-01
1.690000000000000000e+02 -7.986997665270599844e-01
1.680000000000000000e+02 -7.984898002951931195e-01
1.670000000000000000e+02 -7.982648996011905140e-01
1.660000000000000000e+02 -7.980247480358279022e-01
1.650000000000000000e+02 -7.977690254106896139e-01
1.640000000000000000e+02 -7.974974077795246030e-01
1.630000000000000000e+02 -7.972095674619881223e-01
1.620000000000000000e+02 -7.969051730686425028e-01
1.610000000000000000e+02 -7.965838895281869281e-01
1.600000000000000000e+02 -7.962453781160907518e-01
1.590000000000000000e+02 -7.958892964845508677e-01
1.580000000000000000e+02 -7.955152986947673366e-01
1.570000000000000000e+02 -7.951230352494069731e-01
1.560000000000000000e+02 -7.947121531271739148e-01
1.550000000000000000e+02 -7.942822958180266735e-01
1.540000000000000000e+02 -7.938331033584655749e-01
1.530000000000000000e+02 -7.933642123682691505e-01
1.520000000000000000e+02 -7.928752560861916932e-01
1.510000000000000000e+02 -7.923658644051746469e-01
1.500000000000000000e+02 -7.918356639072436920e-01
1.490000000000000000e+02 -7.912842778956936662e-01
1.480000000000000000e+02 -7.907113264245038131e-01
1.470000000000000000e+02 -7.901164262942611538e-01
1.460000000000000000e+02 -7.894991911916736660e-01
1.450000000000000000e+02 -7.888592315372660035e-01
1.440000000000000000e+02 -7.881961546007488773e-01
1.430000000000000000e+02 -7.875095644754585011e-01
1.420000000000000000e+02 -7.867990620671224677e-01
1.410000000000000000e+02 -7.860642450700037198e-01
1.400000000000000000e+02 -7.853047079281194609e-01
1.390000000000000000e+02 -7.845200417783165792e-01
1.380000000000000000e+02 -7.837098343723412075e-01
1.370000000000000000e+02 -7.828736699747544936e-01
1.360000000000000000e+02 -7.820111292334644970e-01
1.350000000000000000e+02 -7.811217890177905021e-01
1.340000000000000000e+02 -7.802052222199793441e-01
1.330000000000000000e+02 -7.792609975153983459e-01
1.320000000000000000e+02 -7.782886790752643336e-01
1.310000000000000000e+02 -7.772878262269106164e-01
1.300000000000000000e+02 -7.762579930545892015e-01
1.290000000000000000e+02 -7.751987279329712877e-01
1.280000000000000000e+02 -7.741095729870753894e-01
1.270000000000000000e+02 -7.729900634688491312e-01
1.260000000000000000e+02 -7.718397270445499503e-01
1.250000000000000000e+02 -7.706580829783735709e-01
1.240000000000000000e+02 -7.694446412082165399e-01
1.230000000000000000e+02 -7.681989012984532517e-01
1.220000000000000000e+02 -7.669203512611594276e-01
1.210000000000000000e+02 -7.656084662335247426e-01
1.200000000000000000e+02 -7.642627069976100085e-01
1.190000000000000000e+02 -7.628825183333758364e-01
1.180000000000000000e+02 -7.614673271886008843e-01
1.170000000000000000e+02 -7.600165406538328394e-01
1.160000000000000000e+02 -7.585295437302738142e-01
1.150000000000000000e+02 -7.570056968736805780e-01
1.140000000000000000e+02 -7.554443333043138198e-01
1.130000000000000000e+02 -7.538447560668848357e-01
1.120000000000000000e+02 -7.522062348289861866e-01
1.110000000000000000e+02 -7.505280024043722298e-01
1.100000000000000000e+02 -7.488092509887723791e-01
1.090000000000000000e+02 -7.470491280970936732e-01
1.080000000000000000e+02 -7.452467321913660570e-01
1.070000000000000000e+02 -7.434011079897174801e-01
1.060000000000000000e+02 -7.415112414457519785e-01
1.050000000000000000e+02 -7.395760543947474952e-01
1.040000000000000000e+02 -7.375943988550874852e-01
1.030000000000000000e+02 -7.355650509833234763e-01
1.020000000000000000e+02 -7.334867046781334832e-01
1.010000000000000000e+02 -7.313579648263606181e-01
1.000000000000000000e+02 -7.291773401940727650e-01
9.900000000000000000e+01 -7.269432359539890198e-01
9.800000000000000000e+01 -7.246539458532306188e-01
9.700000000000000000e+01 -7.223076440136786402e-01
9.600000000000000000e+01 -7.199023763623495498e-01
9.500000000000000000e+01 -7.174360516877780203e-01
9.400000000000000000e+01 -7.149064323117174657e-01
9.300000000000000000e+01 -7.123111243639700385e-01
9.200000000000000000e+01 -7.096475676398462662e-01
9.100000000000000000e+01 -7.069130250290699413e-01
9.000000000000000000e+01 -7.041045714659481813e-01
8.900000000000000000e+01 -7.012190823792274763e-01
8.800000000000000000e+01 -6.982532215846231072e-01
8.700000000000000000e+01 -6.952034285530305224e-01
8.600000000000000000e+01 -6.920659049982751387e-01
8.500000000000000000e+01 -6.888366006727052460e-01
8.400000000000000000e+01 -6.855111982933136394e-01
8.300000000000000000e+01 -6.820850974509964360e-01
8.200000000000000000e+01 -6.785533973945626629e-01
8.100000000000000000e+01 -6.749108785039765745e-01
8.000000000000000000e+01 -6.711519823092405579e-01
7.900000000000000000e+01 -6.672707898317813413e-01
7.800000000000000000e+01 -6.632609980511784409e-01
7.700000000000000000e+01 -6.591158942722766811e-01
7.600000000000000000e+01 -6.548283281165713232e-01
7.500000000000000000e+01 -6.503906808913214599e-01
7.400000000000000000e+01 -6.457948320325846980e-01
7.300000000000000000e+01 -6.410321223276681524e-01
7.200000000000000000e+01 -6.360933135778676917e-01
7.100000000000000000e+01 -6.309685443838042307e-01
7.000000000000000000e+01 -6.256472816721024843e-01
6.900000000000000000e+01 -6.201182675938770039e-01
6.800000000000000000e+01 -6.143694614274823884e-01
6.700000000000000000e+01 -6.083879760128266811e-01
6.600000000000000000e+01 -6.021600083326436037e-01
6.500000000000000000e+01 -5.956707637311410286e-01
6.400000000000000000e+01 -5.889043732548683296e-01
6.300000000000000000e+01 -5.818438035909149209e-01
6.200000000000000000e+01 -5.744707589264429481e-01
6.100000000000000000e+01 -5.667655740831890609e-01
6.000000000000000000e+01 -5.587070980655592933e-01
5.900000000000000000e+01 -5.502725671791774964e-01
5.800000000000000000e+01 -5.414374665713290735e-01
5.700000000000000000e+01 -5.321753790018730612e-01
5.600000000000000000e+01 -5.224578193108704305e-01
5.500000000000000000e+01 -5.122540528624527356e-01
5.400000000000000000e+01 -5.015308958475171996e-01
5.300000000000000000e+01 -4.902524949930150977e-01
5.200000000000000000e+01 -4.783800836773275944e-01
5.100000000000000000e+01 -4.658717110087591817e-01
5.000000000000000000e+01 -4.526819396080319358e-01
