4.000000000000000000e+02 6.713071498941094450e-01
3.990000000000000000e+02 6.710009831015758541e-01
3.980000000000000000e+02 6.706933981286562485e-01
3.970000000000000000e+02 6.703844042359234923e-01
3.960000000000000000e+02 6.700740058293812584e-01
3.950000000000000000e+02 6.697622162955934044e-01
3.940000000000000000e+02 6.694490453677514052e-01
3.930000000000000000e+02 6.691344881795103783e-01
3.920000000000000000e+02 6.688185793213812236e-01
3.910000000000000000e+02 6.685013093605506329e-01
3.900000000000000000e+02 6.681827050978252913e-01
3.890000000000000000e+02 6.678627744645821984e-01
3.880000000000000000e+02 6.675415325842579684e-01
3.870000000000000000e+02 6.672189866348049447e-01
3.860000000000000000e+02 6.668951742263266036e-01
3.850000000000000000e+02 6.665700869992938760e-01
3.840000000000000000e+02 6.662437653481038113e-01
3.830000000000000000e+02 6.659162216497463982e-01
3.820000000000000000e+02 6.655874777130046382e-01
3.810000000000000000e+02 6.652575564111087303e-01
3.800000000000000000e+02 6.649264886523313933e-01
3.790000000000000000e+02 6.645942909574177326e-01
3.780000000000000000e+02 6.642609941087233016e-01
3.770000000000000000e+02 6.639266260375569217e-01
3.760000000000000000e+02 6.635912200094956637e-01
3.750000000000000000e+02 6.632548002972903367e-01
3.740000000000000000e+02 6.629174057565901945e-01
3.730000000000000000e+02 6.625790722780292574e-01
3.720000000000000000e+02 6.622398275382752608e-01
3.710000000000000000e+02 6.618997228202262439e-01
3.700000000000000000e+02 6.615587897947935447e-01
3.690000000000000000e+02 6.612170680741312756e-01
3.680000000000000000e+02 6.608746029909107200e-01
3.670000000000000000e+02 6.605314428106141555e-01
3.660000000000000000e+02 6.601876294512848409e-01
3.650000000000000000e+02 6.598432150282400599e-01
3.640000000000000000e+02 6.594982469124313074e-01
3.630000000000000000e+02 6.591527801992277391e-01
3.620000000000000000e+02 6.588068698822860947e-01
3.610000000000000000e+02 6.584605720886389513e-01
3.600000000000000000e+02 6.581139453680618923e-01
3.590000000000000000e+02 6.577670469275976872e-01
3.580000000000000000e+02 6.574199424557450877e-01
3.570000000000000000e+02 6.570727061273544667e-01
3.560000000000000000e+02 6.567253931760219654e-01
3.550000000000000000e+02 6.563780765983008303e-01
3.540000000000000000e+02 6.560308289616493260e-01
3.530000000000000000e+02 6.556837244761244410e-01
3.520000000000000000e+02 6.553368345996799516e-01
3.510000000000000000e+02 6.549902555606744725e-01
3.500000000000000000e+02 6.546440452873414362e-01
3.490000000000000000e+02 6.542982999650854836e-01
3.480000000000000000e+02 6.539531072147043433e-01
3.470000000000000000e+02 6.536085503384229112e-01
3.460000000000000000e+02 6.532647226791629125e-01
3.450000000000000000e+02 6.529217162950934350e-01
3.440000000000000000e+02 6.525796297398421819e-01
3.430000000000000000e+02 6.522385597591001671e-01
3.420000000000000000e+02 6.518986099212773500e-01
3.410000000000000000e+02 6.515598832615964175e-01
3.400000000000000000e+02 6.512224773856335469e-01
3.390000000000000000e+02 6.508865135657926349e-01
3.380000000000000000e+02 6.505520972776510646e-01
3.370000000000000000e+02 6.502193415469796900e-01
3.360000000000000000e+02 6.498883627267447727e-01
3.350000000000000000e+02 6.495592869972904859e-01
3.340000000000000000e+02 6.492322276104617318e-01
3.330000000000000000e+02 6.489073170709420690e-01
3.320000000000000000e+02 6.485846657143345961e-01
3.310000000000000000e+02 6.482644163512460977e-01
3.300000000000000000e+02 6.479466959814188520e-01
3.290000000000000000e+02 6.476316423514786313e-01
3.280000000000000000e+02 6.473193928484528570e-01
3.270000000000000000e+02 6.470100755102632384e-01
3.260000000000000000e+02 6.467038491478600548e-01
3.250000000000000000e+02 6.464008388329914867e-01
3.240000000000000000e+02 6.461012083334298772e-01
3.230000000000000000e+02 6.458050849625153189e-01
3.220000000000000000e+02 6.455126354444009618e-01
3.210000000000000000e+02 6.452240071343263716e-01
3.200000000000000000e+02 6.449393562673251257e-01
3.190000000000000000e+02 6.446588319053822014e-01
3.180000000000000000e+02 6.443825994719298844e-01
3.170000000000000000e+02 6.441108170421796508e-01
3.160000000000000000e+02 6.438436437101547893e-01
3.150000000000000000e+02 6.435812521099832928e-01
3.140000000000000000e+02 6.433237926291908160e-01
3.130000000000000000e+02 6.430714401810362357e-01
3.120000000000000000e+02 6.428243630472888492e-01
3.110000000000000000e+02 6.425827265824585188e-01
3.100000000000000000e+02 6.423467031497219759e-01
3.090000000000000000e+02 6.421164616433261418e-01
3.080000000000000000e+02 6.418921745435639536e-01
3.070000000000000000e+02 6.416740144678093616e-01
3.060000000000000000e+02 6.414621538912568255e-01
3.050000000000000000e+02 6.412567643461050126e-01
3.040000000000000000e+02 6.410580250229944710e-01
3.030000000000000000e+02 6.408661062564583455e-01
3.020000000000000000e+02 6.406811762074674510e-01
3.010000000000000000e+02 6.405034162513680851e-01
3.000000000000000000e+02 6.403329950679779170e-01
2.990000000000000000e+02 6.401700869119141268e-01
2.980000000000000000e+02 6.400148601347688260e-01
2.970000000000000000e+02 6.398674868097871116e-01
2.960000000000000000e+02 6.397281360376427806e-01
2.950000000000000000e+02 6.395969760846734742e-01
2.940000000000000000e+02 6.394741732796149769e-01
2.930000000000000000e+02 6.393598905728425930e-01
2.920000000000000000e+02 6.392542901235730435e-01
2.910000000000000000e+02 6.391575333612129484e-01
2.900000000000000000e+02 6.390697758359602521e-01
2.890000000000000000e+02 6.389911749687395837e-01
2.880000000000000000e+02 6.389218809253406350e-01
2.870000000000000000e+02 6.388620439322739708e-01
2.860000000000000000e+02 6.388118104776931983e-01
2.850000000000000000e+02 6.387713208223391170e-01
2.840000000000000000e+02 6.387407104664314383e-01
2.830000000000000000e+02 6.387201178207821961e-01
2.820000000000000000e+02 6.387096710434021496e-01
2.810000000000000000e+02 6.387094964866766311e-01
2.800000000000000000e+02 6.387197102317222486e-01
2.790000000000000000e+02 6.387404406230360321e-01
2.780000000000000000e+02 6.387717936453818357e-01
2.770000000000000000e+02 6.388138577018034336e-01
2.760000000000000000e+02 6.388667563270704619e-01
2.750000000000000000e+02 6.389305765388664238e-01
2.740000000000000000e+02 6.390054058732488329e-01
2.730000000000000000e+02 6.390913207582914479e-01
2.720000000000000000e+02 6.391884188516719911e-01
2.710000000000000000e+02 6.392967545649568262e-01
2.700000000000000000e+02 6.394163944154954704e-01
2.690000000000000000e+02 6.395473957447493918e-01
2.680000000000000000e+02 6.396898184412456168e-01
2.670000000000000000e+02 6.398437002569357102e-01
2.660000000000000000e+02 6.400090867773410297e-01
2.650000000000000000e+02 6.401860070819019866e-01
2.640000000000000000e+02 6.403744846208164754e-01
2.630000000000000000e+02 6.405745446283600542e-01
2.620000000000000000e+02 6.407861911893756313e-01
2.610000000000000000e+02 6.410094292907453362e-01
2.600000000000000000e+02 6.412442658814901941e-01
2.590000000000000000e+02 6.414906856732132123e-01
2.580000000000000000e+02 6.417486850113989227e-01
2.570000000000000000e+02 6.420182374974917616e-01
2.560000000000000000e+02 6.422993161495846870e-01
2.550000000000000000e+02 6.425918842486665339e-01
2.540000000000000000e+02 6.428959114123630192e-01
2.530000000000000000e+02 6.432113431657572322e-01
2.520000000000000000e+02 6.435381405731447346e-01
2.510000000000000000e+02 6.438762385841984015e-01
2.500000000000000000e+02 6.442255792134615744e-01
2.490000000000000000e+02 6.445861021654486489e-01
2.480000000000000000e+02 6.449577232440144581e-01
2.470000000000000000e+02 6.453403817721947711e-01
2.460000000000000000e+02 6.457339874666332413e-01
2.450000000000000000e+02 6.461384558529367217e-01
2.440000000000000000e+02 6.465536963480531529e-01
2.430000000000000000e+02 6.469796321633456415e-01
2.420000000000000000e+02 6.474161572598897685e-01
2.410000000000000000e+02 6.478631688306266678e-01
2.400000000000000000e+02 6.483205621344527714e-01
2.390000000000000000e+02 6.487882449199118273e-01
2.380000000000000000e+02 6.492661059521955824e-01
2.370000000000000000e+02 6.497540366588641092e-01
2.360000000000000000e+02 6.502519231929116961e-01
2.350000000000000000e+02 6.507596455334095920e-01
2.340000000000000000e+02 6.512770997150088004e-01
2.330000000000000000e+02 6.518041653233733745e-01
2.320000000000000000e+02 6.523407285691926738e-01
2.310000000000000000e+02 6.528866656560198267e-01
2.300000000000000000e+02 6.534418606942706820e-01
2.290000000000000000e+02 6.540061881471375127e-01
2.280000000000000000e+02 6.545795332155469604e-01
2.270000000000000000e+02 6.551617707976286065e-01
2.260000000000000000e+02 6.557527856135616506e-01
2.250000000000000000e+02 6.563524484375089507e-01
2.240000000000000000e+02 6.569606318972680548e-01
2.230000000000000000e+02 6.575772340197263421e-01
2.220000000000000000e+02 6.582020996147358582e-01
2.210000000000000000e+02 6.588351369276310709e-01
2.200000000000000000e+02 6.594762034913089765e-01
2.190000000000000000e+02 6.601251768429136080e-01
2.180000000000000000e+02 6.607819533236407583e-01
2.170000000000000000e+02 6.614463788467619398e-01
2.160000000000000000e+02 6.621183397156776840e-01
2.150000000000000000e+02 6.627977078339051253e-01
2.140000000000000000e+02 6.634843555005801585e-01
2.130000000000000000e+02 6.641781584487644885e-01
2.120000000000000000e+02 6.648789726891340957e-01
2.110000000000000000e+02 6.655866884022049179e-01
2.100000000000000000e+02 6.663011398011159381e-01
2.090000000000000000e+02 6.670222027128650533e-01
2.080000000000000000e+02 6.677497508067338217e-01
2.070000000000000000e+02 6.684836136285432495e-01
2.060000000000000000e+02 6.692236563696899454e-01
2.050000000000000000e+02 6.699697192874538576e-01
2.040000000000000000e+02 6.707216451791376821e-01
2.030000000000000000e+02 6.714792642573085280e-01
2.020000000000000000e+02 6.722424239509511290e-01
2.010000000000000000e+02 6.730109217497469709e-01
2.000000000000000000e+02 6.737845731045057907e-01
1.990000000000000000e+02 6.745631901817952247e-01
1.980000000000000000e+02 6.753465673520545609e-01
1.970000000000000000e+02 6.761344827443620531e-01
1.960000000000000000e+02 6.769267097684138479e-01
1.950000000000000000e+02 6.777230021306764884e-01
1.940000000000000000e+02 6.785231106295573911e-01
1.930000000000000000e+02 6.793267575852997009e-01
1.920000000000000000e+02 6.801336655974414835e-01
1.910000000000000000e+02 6.809435171956045307e-01
1.900000000000000000e+02 6.817559999809199578e-01
1.890000000000000000e+02 6.825707641458110819e-01
1.880000000000000000e+02 6.833874439406065759e-01
1.870000000000000000e+02 6.842056549161343870e-01
1.860000000000000000e+02 6.850249757392239403e-01
1.850000000000000000e+02 6.858449756678257625e-01
1.840000000000000000e+02 6.866651823341234362e-01
1.830000000000000000e+02 6.874850992032609520e-01
1.820000000000000000e+02 6.883042035699086236e-01
1.810000000000000000e+02 6.891219236465003783e-01
1.800000000000000000e+02 6.899376768089533485e-01
1.790000000000000000e+02 6.907508298540560032e-01
1.780000000000000000e+02 6.915607087975508271e-01
1.770000000000000000e+02 6.923666179254466257e-01
1.760000000000000000e+02 6.931678004381525149e-01
1.750000000000000000e+02 6.939634667511572763e-01
1.740000000000000000e+02 6.947527834999438490e-01
1.730000000000000000e+02 6.955348702840680186e-01
1.720000000000000000e+02 6.963088033925884934e-01
1.710000000000000000e+02 6.970736018473397966e-01
1.700000000000000000e+02 6.978282440430473299e-01
1.690000000000000000e+02 6.985716657088576476e-01
1.680000000000000000e+02 6.993027163832246096e-01
1.670000000000000000e+02 7.000202388913777662e-01
1.660000000000000000e+02 7.007229972093320658e-01
1.650000000000000000e+02 7.014096930281437103e-01
1.640000000000000000e+02 7.020790078164315107e-01
1.630000000000000000e+02 7.027295271348014127e-01
1.620000000000000000e+02 7.033598198318357086e-01
1.610000000000000000e+02 7.039683808780234919e-01
1.600000000000000000e+02 7.045536573555648552e-01
1.590000000000000000e+02 7.051140455527065143e-01
1.580000000000000000e+02 7.056478975651403474e-01
1.570000000000000000e+02 7.061535046795466286e-01
1.560000000000000000e+02 7.066291214373117135e-01
1.550000000000000000e+02 7.070729534335828959e-01
1.540000000000000000e+02 7.074831736344242561e-01
1.530000000000000000e+02 7.078579112674586726e-01
1.520000000000000000e+02 7.081952599062025788e-01
1.510000000000000000e+02 7.084932869957304424e-01
1.500000000000000000e+02 7.087500368412540386e-01
1.490000000000000000e+02 7.089635264741027676e-01
1.480000000000000000e+02 7.091317724105956621e-01
1.470000000000000000e+02 7.092527711751007713e-01
1.460000000000000000e+02 7.093245227886990634e-01
1.450000000000000000e+02 7.093450344924101536e-01
1.440000000000000000e+02 7.093123252251019029e-01
1.430000000000000000e+02 7.092244352221492854e-01
1.420000000000000000e+02 7.090794406590607002e-01
1.410000000000000000e+02 7.088754512756095805e-01
1.400000000000000000e+02 7.086106276686586769e-01
1.390000000000000000e+02 7.082831919104012330e-01
1.380000000000000000e+02 7.078914323704894596e-01
1.370000000000000000e+02 7.074337198548619199e-01
1.360000000000000000e+02 7.069085190952684172e-01
1.350000000000000000e+02 7.063143947490789776e-01
1.340000000000000000e+02 7.056500200364836939e-01
1.330000000000000000e+02 7.049141998488748229e-01
1.320000000000000000e+02 7.041058732840957957e-01
1.310000000000000000e+02 7.032241316595596592e-01
1.300000000000000000e+02 7.022682159149306047e-01
1.290000000000000000e+02 7.012375474419925148e-01
1.280000000000000000e+02 7.001317213182925991e-01
1.270000000000000000e+02 6.989505178208669234e-01
1.260000000000000000e+02 6.976939343150205808e-01
1.250000000000000000e+02 6.963621528847597775e-01
1.240000000000000000e+02 6.949555722381718370e-01
1.230000000000000000e+02 6.934748345854171436e-01
1.220000000000000000e+02 6.919207769681071651e-01
1.210000000000000000e+02 6.902944782766504694e-01
1.200000000000000000e+02 6.885972404381774936e-01
1.190000000000000000e+02 6.868305842825411789e-01
1.180000000000000000e+02 6.849962597882024440e-01
1.170000000000000000e+02 6.830962177782524680e-01
1.160000000000000000e+02 6.811326266817127051e-01
1.150000000000000000e+02 6.791078241060416465e-01
1.140000000000000000e+02 6.770243279780985279e-01
1.130000000000000000e+02 6.748847902423406042e-01
1.120000000000000000e+02 6.726919740697824279e-01
1.110000000000000000e+02 6.704487324575526541e-01
1.100000000000000000e+02 6.681579205831156276e-01
1.090000000000000000e+02 6.658223900206445833e-01
1.080000000000000000e+02 6.634448984414295092e-01
1.070000000000000000e+02 6.610280254102217645e-01
1.060000000000000000e+02 6.585740932821951832e-01
1.050000000000000000e+02 6.560850643262960968e-01
1.040000000000000000e+02 6.535623842461674160e-01
1.030000000000000000e+02 6.510068677343859855e-01
1.020000000000000000e+02 6.484185052178805808e-01
1.010000000000000000e+02 6.457963079966729802e-01
1.000000000000000000e+02 6.431381037553983715e-01
9.900000000000000000e+01 6.404404075522226458e-01
9.800000000000000000e+01 6.376983236862112658e-01
9.700000000000000000e+01 6.349056643640554887e-01
9.600000000000000000e+01 6.320553660732514123e-01
9.500000000000000000e+01 6.291404744343789268e-01
9.400000000000000000e+01 6.261559048863880594e-01
9.300000000000000000e+01 6.231014258348763768e-01
9.200000000000000000e+01 6.199854403172311290e-01
9.100000000000000000e+01 6.168294048629466841e-01
9.000000000000000000e+01 6.136708249032230000e-01
8.900000000000000000e+01 6.105631637418622581e-01
8.800000000000000000e+01 6.075715421921568105e-01
8.700000000000000000e+01 6.047649435642905580e-01
8.600000000000000000e+01 6.022080783659804482e-01
8.500000000000000000e+01 5.999554009982870362e-01
8.400000000000000000e+01 5.980486103478918070e-01
8.300000000000000000e+01 5.965169992735711579e-01
8.200000000000000000e+01 5.953793720445365034e-01
8.100000000000000000e+01 5.946464757181437744e-01
8.000000000000000000e+01 5.943232842200866228e-01
7.900000000000000000e+01 5.944108241708031537e-01
7.800000000000000000e+01 5.949075977391763415e-01
7.700000000000000000e+01 5.958105898646268717e-01
7.600000000000000000e+01 5.971159604466796944e-01
7.500000000000000000e+01 5.988195571969726627e-01
7.400000000000000000e+01 6.009172398361193324e-01
7.300000000000000000e+01 6.034050787437699181e-01
7.200000000000000000e+01 6.062795229143209674e-01
7.100000000000000000e+01 6.095375193149096260e-01
7.000000000000000000e+01 6.131765279965056825e-01
6.900000000000000000e+01 6.171946479231362748e-01
6.800000000000000000e+01 6.215906695495170275e-01
6.700000000000000000e+01 6.263641831974394725e-01
6.600000000000000000e+01 6.315157456537452418e-01
6.500000000000000000e+01 6.370471067808224364e-01
6.400000000000000000e+01 6.429615479878550977e-01
6.300000000000000000e+01 6.492643721835483772e-01
6.200000000000000000e+01 6.559634531732956297e-01
6.100000000000000000e+01 6.630700013991365216e-01
6.000000000000000000e+01 6.705993932058343932e-01
5.900000000000000000e+01 6.785720152973440111e-01
5.800000000000000000e+01 6.870140392827945863e-01
5.700000000000000000e+01 6.959580273959888874e-01
5.600000000000000000e+01 7.054432721577845733e-01
5.500000000000000000e+01 7.155158424679579632e-01
5.400000000000000000e+01 7.262283907635650460e-01
5.300000000000000000e+01 7.376397651475211648e-01
5.200000000000000000e+01 7.498145518429732981e-01
5.100000000000000000e+01 7.628225822427551206e-01
5.000000000000000000e+01 7.767384678285133015e-01
