4.000000000000000000e+02 7.937440478206155836e-01
3.990000000000000000e+02 7.939217964392243365e-01
3.980000000000000000e+02 7.941046781768650309e-01
3.970000000000000000e+02 7.942927530768268962e-01
3.960000000000000000e+02 7.944861165405454617e-01
3.950000000000000000e+02 7.946848423148067386e-01
3.940000000000000000e+02 7.948890073238280563e-01
3.930000000000000000e+02 7.950986869651082145e-01
3.920000000000000000e+02 7.953139622467965131e-01
3.910000000000000000e+02 7.955349079466885742e-01
3.900000000000000000e+02 7.957616124922868295e-01
3.890000000000000000e+02 7.959941585701044708e-01
3.880000000000000000e+02 7.962325836070157647e-01
3.870000000000000000e+02 7.964770097812944316e-01
3.860000000000000000e+02 7.967274975236247059e-01
3.850000000000000000e+02 7.969841435928716189e-01
3.840000000000000000e+02 7.972469973902713836e-01
3.830000000000000000e+02 7.975161473355676378e-01
3.820000000000000000e+02 7.977916755835892104e-01
3.810000000000000000e+02 7.980736479420127427e-01
3.800000000000000000e+02 7.983621480205590482e-01
3.790000000000000000e+02 7.986572446789120816e-01
3.780000000000000000e+02 7.989590335815349720e-01
3.770000000000000000e+02 7.992675706566656491e-01
3.760000000000000000e+02 7.995829308794143442e-01
3.750000000000000000e+02 7.999051741080125399e-01
3.740000000000000000e+02 8.002343965754350474e-01
3.730000000000000000e+02 8.005706621012617097e-01
3.720000000000000000e+02 8.009140472677315215e-01
3.710000000000000000e+02 8.012645845437171843e-01
3.700000000000000000e+02 8.016223871500799403e-01
3.690000000000000000e+02 8.019874952869161522e-01
3.680000000000000000e+02 8.023599828780481058e-01
3.670000000000000000e+02 8.027399139162413322e-01
3.660000000000000000e+02 8.031273509995001669e-01
3.650000000000000000e+02 8.035223524746044621e-01
3.640000000000000000e+02 8.039249787466016262e-01
3.630000000000000000e+02 8.043352879238037101e-01
3.620000000000000000e+02 8.047533420972918794e-01
3.610000000000000000e+02 8.051791781708691476e-01
3.600000000000000000e+02 8.056128649490986726e-01
3.590000000000000000e+02 8.060544429081144546e-01
3.580000000000000000e+02 8.065039664779106721e-01
3.570000000000000000e+02 8.069614773780058314e-01
3.560000000000000000e+02 8.074270123672658839e-01
3.550000000000000000e+02 8.079006279612362951e-01
3.540000000000000000e+02 8.083823478581781963e-01
3.530000000000000000e+02 8.088722110798340914e-01
3.520000000000000000e+02 8.093702462796685815e-01
3.510000000000000000e+02 8.098765009528476888e-01
3.500000000000000000e+02 8.103909957825093935e-01
3.490000000000000000e+02 8.109137166759378124e-01
3.480000000000000000e+02 8.114447279165379889e-01
3.470000000000000000e+02 8.119840399150893839e-01
3.460000000000000000e+02 8.125316551914580909e-01
3.450000000000000000e+02 8.130875838789932697e-01
3.440000000000000000e+02 8.136518418941600661e-01
3.430000000000000000e+02 8.142244177058477472e-01
3.420000000000000000e+02 8.148053237350608713e-01
3.410000000000000000e+02 8.153945464989195147e-01
3.400000000000000000e+02 8.159920744275035442e-01
3.390000000000000000e+02 8.165979054168469586e-01
3.380000000000000000e+02 8.172120076465686500e-01
3.370000000000000000e+02 8.178343808833650197e-01
3.360000000000000000e+02 8.184649445187200945e-01
3.350000000000000000e+02 8.191037282107677120e-01
3.340000000000000000e+02 8.197506641330360999e-01
3.330000000000000000e+02 8.204057155194550699e-01
3.320000000000000000e+02 8.210688322912084169e-01
3.310000000000000000e+02 8.217399685011004262e-01
3.300000000000000000e+02 8.224190659684105231e-01
3.290000000000000000e+02 8.231060563977949940e-01
3.280000000000000000e+02 8.238008755513400727e-01
3.270000000000000000e+02 8.245034468499463642e-01
3.260000000000000000e+02 8.252136973899976136e-01
3.250000000000000000e+02 8.259315312504180717e-01
3.240000000000000000e+02 8.266568648308841860e-01
3.230000000000000000e+02 8.273895902575849615e-01
3.220000000000000000e+02 8.281296337196193402e-01
3.210000000000000000e+02 8.288768514448898728e-01
3.200000000000000000e+02 8.296311439678507593e-01
3.190000000000000000e+02 8.303923837510213124e-01
3.180000000000000000e+02 8.311604478399170493e-01
3.170000000000000000e+02 8.319351935509289309e-01
3.160000000000000000e+02 8.327164954015792153e-01
3.150000000000000000e+02 8.335041805967725592e-01
3.140000000000000000e+02 8.342981217740256250e-01
3.130000000000000000e+02 8.350981356955445856e-01
3.120000000000000000e+02 8.359040618134235823e-01
3.110000000000000000e+02 8.367157254792957355e-01
3.100000000000000000e+02 8.375329478185679077e-01
3.090000000000000000e+02 8.383555281885937127e-01
3.080000000000000000e+02 8.391832749422548643e-01
3.070000000000000000e+02 8.400159935337407902e-01
3.060000000000000000e+02 8.408534719223434983e-01
3.050000000000000000e+02 8.416954700542734757e-01
3.040000000000000000e+02 8.425417937758151732e-01
3.030000000000000000e+02 8.433921931203656186e-01
3.020000000000000000e+02 8.442464337470731994e-01
3.010000000000000000e+02 8.451042874986991471e-01
3.000000000000000000e+02 8.459654461170087458e-01
2.990000000000000000e+02 8.468296990607655506e-01
2.980000000000000000e+02 8.476967665339812941e-01
2.970000000000000000e+02 8.485663645322945037e-01
2.960000000000000000e+02 8.494382169664815851e-01
2.950000000000000000e+02 8.503120347630365172e-01
2.940000000000000000e+02 8.511875099098361597e-01
2.930000000000000000e+02 8.520643399294054454e-01
2.920000000000000000e+02 8.529422190385719249e-01
2.910000000000000000e+02 8.538208213746645292e-01
2.900000000000000000e+02 8.546998245338960354e-01
2.890000000000000000e+02 8.555788893364101311e-01
2.880000000000000000e+02 8.564576689473850646e-01
2.870000000000000000e+02 8.573358236455563830e-01
2.860000000000000000e+02 8.582129845333373863e-01
2.850000000000000000e+02 8.590887922257137710e-01
2.840000000000000000e+02 8.599628721980958623e-01
2.830000000000000000e+02 8.608348638835244815e-01
2.820000000000000000e+02 8.617043372987136518e-01
2.810000000000000000e+02 8.625709413836929462e-01
2.800000000000000000e+02 8.634342376710373301e-01
2.790000000000000000e+02 8.642938440412456513e-01
2.780000000000000000e+02 8.651493293679166641e-01
2.770000000000000000e+02 8.660002685467115269e-01
2.760000000000000000e+02 8.668462349899009878e-01
2.750000000000000000e+02 8.676867678460278288e-01
2.740000000000000000e+02 8.685214429298973027e-01
2.730000000000000000e+02 8.693497918247221623e-01
2.720000000000000000e+02 8.701713474268659709e-01
2.710000000000000000e+02 8.709856335476156008e-01
2.700000000000000000e+02 8.717921842133231625e-01
2.690000000000000000e+02 8.725904972205595911e-01
2.680000000000000000e+02 8.733800801213986720e-01
2.670000000000000000e+02 8.741604119446394483e-01
2.660000000000000000e+02 8.749310078944659841e-01
2.650000000000000000e+02 8.756913098134414541e-01
2.640000000000000000e+02 8.764408226338586960e-01
2.630000000000000000e+02 8.771789809842880370e-01
2.620000000000000000e+02 8.779052414949769512e-01
2.610000000000000000e+02 8.786190546192735873e-01
2.600000000000000000e+02 8.793198322665223277e-01
2.590000000000000000e+02 8.800070209289927448e-01
2.580000000000000000e+02 8.806800232890111824e-01
2.570000000000000000e+02 8.813382422526712112e-01
2.560000000000000000e+02 8.819810774296291678e-01
2.550000000000000000e+02 8.826079144328904391e-01
2.540000000000000000e+02 8.832181290336091894e-01
2.530000000000000000e+02 8.838110670104567523e-01
2.520000000000000000e+02 8.843861303682893915e-01
2.510000000000000000e+02 8.849426312215081802e-01
2.500000000000000000e+02 8.854798991138573827e-01
2.490000000000000000e+02 8.859972743814491514e-01
2.480000000000000000e+02 8.864940703662015364e-01
2.470000000000000000e+02 8.869695893018165744e-01
2.460000000000000000e+02 8.874231255547039288e-01
2.450000000000000000e+02 8.878539551050003142e-01
2.440000000000000000e+02 8.882613635252185613e-01
2.430000000000000000e+02 8.886446003156970308e-01
2.420000000000000000e+02 8.890029248502921977e-01
2.410000000000000000e+02 8.893355765795528667e-01
2.400000000000000000e+02 8.896417899025415021e-01
2.390000000000000000e+02 8.899207792937868788e-01
2.380000000000000000e+02 8.901717578854578816e-01
2.370000000000000000e+02 8.903939305035757368e-01
2.360000000000000000e+02 8.905864827316737342e-01
2.350000000000000000e+02 8.907486028235532816e-01
2.340000000000000000e+02 8.908794555916774716e-01
2.330000000000000000e+02 8.909782077641419384e-01
2.320000000000000000e+02 8.910440380190323140e-01
2.310000000000000000e+02 8.910760726054040015e-01
2.300000000000000000e+02 8.910734649777442007e-01
2.290000000000000000e+02 8.910353441603068303e-01
2.280000000000000000e+02 8.909608661645925798e-01
2.270000000000000000e+02 8.908491347433115104e-01
2.260000000000000000e+02 8.906993003778331808e-01
2.250000000000000000e+02 8.905104591692104554e-01
2.240000000000000000e+02 8.902817817896413466e-01
2.230000000000000000e+02 8.900123635331447236e-01
2.220000000000000000e+02 8.897013486370239921e-01
2.210000000000000000e+02 8.893478634157996332e-01
2.200000000000000000e+02 8.889510587313196321e-01
2.190000000000000000e+02 8.885100954771858461e-01
2.180000000000000000e+02 8.880241158635274745e-01
2.170000000000000000e+02 8.874923238132399472e-01
2.160000000000000000e+02 8.869139094953579772e-01
2.150000000000000000e+02 8.862881034699731098e-01
2.140000000000000000e+02 8.856141202264760093e-01
2.130000000000000000e+02 8.848912490100451222e-01
2.120000000000000000e+02 8.841187995459593996e-01
2.110000000000000000e+02 8.832960995016412298e-01
2.100000000000000000e+02 8.824225321284063783e-01
2.090000000000000000e+02 8.814975173975748701e-01
2.080000000000000000e+02 8.805205348067471904e-01
2.070000000000000000e+02 8.794911044364612795e-01
2.060000000000000000e+02 8.784088183848662856e-01
2.050000000000000000e+02 8.772733526561098394e-01
2.040000000000000000e+02 8.760844140237238342e-01
2.030000000000000000e+02 8.748418189691783420e-01
2.020000000000000000e+02 8.735454609255626224e-01
2.010000000000000000e+02 8.721953195595475439e-01
2.000000000000000000e+02 8.707915101228421717e-01
1.990000000000000000e+02 8.693341819569316842e-01
1.980000000000000000e+02 8.678236607082898679e-01
1.970000000000000000e+02 8.662603887793075552e-01
1.960000000000000000e+02 8.646448723624922117e-01
1.950000000000000000e+02 8.629778391400396709e-01
1.940000000000000000e+02 8.612600917565738090e-01
1.930000000000000000e+02 8.594926145064751832e-01
1.920000000000000000e+02 8.576765358488963598e-01
1.910000000000000000e+02 8.558131287381193220e-01
1.900000000000000000e+02 8.539038596108871060e-01
1.890000000000000000e+02 8.519503179079584987e-01
1.880000000000000000e+02 8.499543139988396945e-01
1.870000000000000000e+02 8.479177992461202074e-01
1.860000000000000000e+02 8.458429445829357407e-01
1.850000000000000000e+02 8.437320046108384153e-01
1.840000000000000000e+02 8.415875224310667146e-01
1.830000000000000000e+02 8.394121417024118514e-01
1.820000000000000000e+02 8.372087179113036903e-01
1.810000000000000000e+02 8.349802518798201678e-01
1.800000000000000000e+02 8.327299313824050309e-01
1.790000000000000000e+02 8.304610645014884884e-01
1.780000000000000000e+02 8.281771459043953953e-01
1.770000000000000000e+02 8.258818004067713936e-01
1.760000000000000000e+02 8.235787563816198142e-01
1.750000000000000000e+02 8.212719110537092249e-01
1.740000000000000000e+02 8.189652305057255610e-01
1.730000000000000000e+02 8.166627946509069647e-01
1.720000000000000000e+02 8.143687620104683722e-01
1.710000000000000000e+02 8.120873490672742001e-01
1.700000000000000000e+02 8.098228404320465534e-01
1.690000000000000000e+02 8.075795583392182397e-01
1.680000000000000000e+02 8.053618671130426954e-01
1.670000000000000000e+02 8.031741263840775913e-01
1.660000000000000000e+02 8.010207186545365010e-01
1.650000000000000000e+02 7.989060154609921582e-01
1.640000000000000000e+02 7.968343739799382819e-01
1.630000000000000000e+02 7.948101379267634714e-01
1.620000000000000000e+02 7.928376432404300456e-01
1.610000000000000000e+02 7.909211547601842085e-01
1.600000000000000000e+02 7.890649437711628744e-01
1.590000000000000000e+02 7.872732289945419959e-01
1.580000000000000000e+02 7.855502241956039411e-01
1.570000000000000000e+02 7.839000932478460415e-01
1.560000000000000000e+02 7.823270253448072475e-01
1.550000000000000000e+02 7.808351803195863194e-01
1.540000000000000000e+02 7.794286885477688109e-01
1.530000000000000000e+02 7.781117739733955929e-01
1.520000000000000000e+02 7.768886450533245558e-01
1.510000000000000000e+02 7.757635777496459939e-01
1.500000000000000000e+02 7.747409143837794554e-01
1.490000000000000000e+02 7.738250754783816410e-01
1.480000000000000000e+02 7.730206139093143136e-01
1.470000000000000000e+02 7.723321989446708669e-01
1.460000000000000000e+02 7.717646348002304979e-01
1.450000000000000000e+02 7.713229279910552849e-01
1.440000000000000000e+02 7.710122443289841865e-01
1.430000000000000000e+02 7.708379748991733837e-01
1.420000000000000000e+02 7.708057224668639629e-01
1.410000000000000000e+02 7.709213266736529846e-01
1.400000000000000000e+02 7.711908597499554929e-01
1.390000000000000000e+02 7.716206402686873744e-01
1.380000000000000000e+02 7.722172111761813618e-01
1.370000000000000000e+02 7.729873495381458515e-01
1.360000000000000000e+02 7.739379858385170285e-01
1.350000000000000000e+02 7.750762395935857363e-01
1.340000000000000000e+02 7.764093232929716315e-01
1.330000000000000000e+02 7.779444489268897422e-01
1.320000000000000000e+02 7.796887795891973560e-01
1.310000000000000000e+02 7.816493021673891484e-01
1.300000000000000000e+02 7.838326739950545186e-01
1.290000000000000000e+02 7.862450793273081384e-01
1.280000000000000000e+02 7.888919965807584811e-01
1.270000000000000000e+02 7.917780188880199077e-01
1.260000000000000000e+02 7.949065860343611511e-01
1.250000000000000000e+02 7.982796953468416223e-01
1.240000000000000000e+02 8.018976155700459074e-01
1.230000000000000000e+02 8.057585885951904503e-01
1.220000000000000000e+02 8.098584694680670548e-01
1.210000000000000000e+02 8.141904913685136247e-01
1.200000000000000000e+02 8.187449171119663971e-01
1.190000000000000000e+02 8.235088348835033489e-01
1.180000000000000000e+02 8.284659933556843825e-01
1.170000000000000000e+02 8.335966711051060463e-01
1.160000000000000000e+02 8.388777547555463787e-01
1.150000000000000000e+02 8.442828181291315293e-01
1.140000000000000000e+02 8.497823617589463918e-01
1.130000000000000000e+02 8.553442757274773989e-01
1.120000000000000000e+02 8.609342477350017120e-01
1.110000000000000000e+02 8.665164573110961665e-01
1.100000000000000000e+02 8.720542741631680528e-01
1.090000000000000000e+02 8.775110209491365776e-01
1.080000000000000000e+02 8.828508246107757973e-01
1.070000000000000000e+02 8.880394074784652148e-01
1.060000000000000000e+02 8.930449216590685690e-01
1.050000000000000000e+02 8.978387016803643927e-01
1.040000000000000000e+02 9.023959480850268777e-01
1.030000000000000000e+02 9.066963617993073488e-01
1.020000000000000000e+02 9.107246487923533751e-01
1.010000000000000000e+02 9.144709882449525429e-01
1.000000000000000000e+02 9.179313585276664966e-01
9.900000000000000000e+01 9.211078193580445328e-01
9.800000000000000000e+01 9.240088050726409374e-01
9.700000000000000000e+01 9.266492445644366471e-01
9.600000000000000000e+01 9.290507932252132228e-01
9.500000000000000000e+01 9.312421014812323206e-01
9.400000000000000000e+01 9.332589616177344727e-01
9.300000000000000000e+01 9.351445372034021819e-01
9.200000000000000000e+01 9.369493152524540625e-01
9.100000000000000000e+01 9.387304986791633610e-01
9.000000000000000000e+01 9.405502838674083543e-01
8.900000000000000000e+01 9.424720607879313317e-01
8.800000000000000000e+01 9.445539133984914848e-01
8.700000000000000000e+01 9.468391420955730720e-01
8.600000000000000000e+01 9.493458663838639788e-01
8.500000000000000000e+01 9.520597079922951123e-01
8.400000000000000000e+01 9.549340040744170865e-01
8.300000000000000000e+01 9.578987810658708968e-01
8.200000000000000000e+01 9.608746988196313898e-01
8.100000000000000000e+01 9.637858555217846401e-01
8.000000000000000000e+01 9.665674677604807474e-01
7.900000000000000000e+01 9.691680155238624472e-01
7.800000000000000000e+01 9.715474763350795406e-01
7.700000000000000000e+01 9.736736164537304061e-01
7.600000000000000000e+01 9.755176051712183272e-01
7.500000000000000000e+01 9.770494756232930289e-01
7.400000000000000000e+01 9.782335071109430347e-01
7.300000000000000000e+01 9.790233645975169319e-01
7.200000000000000000e+01 9.793560994368800676e-01
7.100000000000000000e+01 9.791448361415073798e-01
7.000000000000000000e+01 9.782685416496019748e-01
6.900000000000000000e+01 9.765574485691981277e-01
6.800000000000000000e+01 9.737713238697112139e-01
6.700000000000000000e+01 9.695662313638562235e-01
6.600000000000000000e+01 9.634443319751216928e-01
6.500000000000000000e+01 9.546910572416922314e-01
6.400000000000000000e+01 9.424135977346261850e-01
6.300000000000000000e+01 9.269141504722234748e-01
6.200000000000000000e+01 9.211314400962913318e-01
6.100000000000000000e+01 9.385432319719729799e-01
6.000000000000000000e+01 9.587971392738007248e-01
5.900000000000000000e+01 9.772314268409140192e-01
5.800000000000000000e+01 9.944081876160285605e-01
5.700000000000000000e+01 1.010932826367904269e+00
5.600000000000000000e+01 1.027169321453974771e+00
5.500000000000000000e+01 1.043343108340253123e+00
5.400000000000000000e+01 1.059612463291468520e+00
5.300000000000000000e+01 1.076101089787903753e+00
5.200000000000000000e+01 1.092912656998210386e+00
5.100000000000000000e+01 1.110138275773281613e+00
5.000000000000000000e+01 1.127861297340157387e+00
