4.000000000000000000e+02 -2.068775254587865153e-01
3.990000000000000000e+02 -2.070868388003279659e-01
3.980000000000000000e+02 -2.072967644093360318e-01
3.970000000000000000e+02 -2.075073009362194965e-01
3.960000000000000000e+02 -2.077184383589270877e-01
3.950000000000000000e+02 -2.079301777512910510e-01
3.940000000000000000e+02 -2.081425059267550393e-01
3.930000000000000000e+02 -2.083554216813797710e-01
3.920000000000000000e+02 -2.085689204285238185e-01
3.910000000000000000e+02 -2.087829843045073408e-01
3.900000000000000000e+02 -2.089976152459640801e-01
3.890000000000000000e+02 -2.092127984003700203e-01
3.880000000000000000e+02 -2.094285379879866626e-01
3.870000000000000000e+02 -2.096448109021419315e-01
3.860000000000000000e+02 -2.098616241264086024e-01
3.850000000000000000e+02 -2.100789431272307994e-01
3.840000000000000000e+02 -2.102967764335206824e-01
3.830000000000000000e+02 -2.105151123244610456e-01
3.820000000000000000e+02 -2.107339361997828953e-01
3.810000000000000000e+02 -2.109532441167205341e-01
3.800000000000000000e+02 -2.111730110946725414e-01
3.790000000000000000e+02 -2.113932365548472914e-01
3.780000000000000000e+02 -2.116139010473434279e-01
3.770000000000000000e+02 -2.118349945771758058e-01
3.760000000000000000e+02 -2.120564946387883121e-01
3.750000000000000000e+02 -2.122784066149866478e-01
3.740000000000000000e+02 -2.125006945239066025e-01
3.730000000000000000e+02 -2.127233587338517584e-01
3.720000000000000000e+02 -2.129463720932382176e-01
3.710000000000000000e+02 -2.131697156680171790e-01
3.700000000000000000e+02 -2.133933878749674495e-01
3.690000000000000000e+02 -2.136173566808834412e-01
3.680000000000000000e+02 -2.138415998143756436e-01
3.670000000000000000e+02 -2.140661163017393287e-01
3.660000000000000000e+02 -2.142908653973852884e-01
3.650000000000000000e+02 -2.145158413599117797e-01
3.640000000000000000e+02 -2.147410169929040991e-01
3.630000000000000000e+02 -2.149663683136006642e-01
3.620000000000000000e+02 -2.151918738024858058e-01
3.610000000000000000e+02 -2.154175169289985758e-01
3.600000000000000000e+02 -2.156432509817179932e-01
3.590000000000000000e+02 -2.158690717371702095e-01
3.580000000000000000e+02 -2.160949436984107574e-01
3.570000000000000000e+02 -2.163208547561260853e-01
3.560000000000000000e+02 -2.165467534161130969e-01
3.550000000000000000e+02 -2.167726240434896534e-01
3.540000000000000000e+02 -2.169984316509785682e-01
3.530000000000000000e+02 -2.172241411925319443e-01
3.520000000000000000e+02 -2.174497500008795714e-01
3.510000000000000000e+02 -2.176751908921851775e-01
3.500000000000000000e+02 -2.179004351669353023e-01
3.490000000000000000e+02 -2.181254707359162881e-01
3.480000000000000000e+02 -2.183502361444034645e-01
3.470000000000000000e+02 -2.185747030549998471e-01
3.460000000000000000e+02 -2.187988509089665023e-01
3.450000000000000000e+02 -2.190226111609127890e-01
3.440000000000000000e+02 -2.192459662749721150e-01
3.430000000000000000e+02 -2.194688643160906116e-01
3.420000000000000000e+02 -2.196912637969116178e-01
3.410000000000000000e+02 -2.199131296041910710e-01
3.400000000000000000e+02 -2.201344034236755454e-01
3.390000000000000000e+02 -2.203550525571875973e-01
3.380000000000000000e+02 -2.205750235638516688e-01
3.370000000000000000e+02 -2.207942684923871468e-01
3.360000000000000000e+02 -2.210127406194932198e-01
3.350000000000000000e+02 -2.212303841287316386e-01
3.340000000000000000e+02 -2.214471472979355482e-01
3.330000000000000000e+02 -2.216629854802441291e-01
3.320000000000000000e+02 -2.218778358980479093e-01
3.310000000000000000e+02 -2.220916469771639368e-01
3.300000000000000000e+02 -2.223043533938598160e-01
3.290000000000000000e+02 -2.225159047130126355e-01
3.280000000000000000e+02 -2.227262445030243621e-01
3.270000000000000000e+02 -2.229352894971436405e-01
3.260000000000000000e+02 -2.231430111742312983e-01
3.250000000000000000e+02 -2.233493105921078303e-01
3.240000000000000000e+02 -2.235541442104264642e-01
3.230000000000000000e+02 -2.237574320856361709e-01
3.220000000000000000e+02 -2.239591161223721538e-01
3.210000000000000000e+02 -2.241591149189761656e-01
3.200000000000000000e+02 -2.243573650711738754e-01
3.190000000000000000e+02 -2.245537945594043017e-01
3.180000000000000000e+02 -2.247483147349148835e-01
3.170000000000000000e+02 -2.249408627181882780e-01
3.160000000000000000e+02 -2.251313548771100570e-01
3.150000000000000000e+02 -2.253197220245760080e-01
3.140000000000000000e+02 -2.255058517679526531e-01
3.130000000000000000e+02 -2.256896931704635012e-01
3.120000000000000000e+02 -2.258711470627705054e-01
3.110000000000000000e+02 -2.260501260448433691e-01
3.100000000000000000e+02 -2.262265447885866698e-01
3.090000000000000000e+02 -2.264003290741738728e-01
3.080000000000000000e+02 -2.265713631444874476e-01
3.070000000000000000e+02 -2.267395612508721903e-01
3.060000000000000000e+02 -2.269048347433696433e-01
3.050000000000000000e+02 -2.270670753393887742e-01
3.040000000000000000e+02 -2.272261966694111568e-01
3.030000000000000000e+02 -2.273820914255815784e-01
3.020000000000000000e+02 -2.275346573428311814e-01
3.010000000000000000e+02 -2.276837903461504942e-01
3.000000000000000000e+02 -2.278293943163058333e-01
2.990000000000000000e+02 -2.279713421249327243e-01
2.980000000000000000e+02 -2.281095394970106272e-01
2.970000000000000000e+02 -2.282438732056815966e-01
2.960000000000000000e+02 -2.283742243235935554e-01
2.950000000000000000e+02 -2.285004850239434893e-01
2.940000000000000000e+02 -2.286225326392563872e-01
2.930000000000000000e+02 -2.287402466399362233e-01
2.920000000000000000e+02 -2.288535180078907494e-01
2.910000000000000000e+02 -2.289622110488515883e-01
2.900000000000000000e+02 -2.290662055617734560e-01
2.890000000000000000e+02 -2.291653754647376695e-01
2.880000000000000000e+02 -2.292595880484075144e-01
2.870000000000000000e+02 -2.293487163038647192e-01
2.860000000000000000e+02 -2.294326329847549972e-01
2.850000000000000000e+02 -2.295112011499529647e-01
2.840000000000000000e+02 -2.295842690909986328e-01
2.830000000000000000e+02 -2.296517225888825009e-01
2.820000000000000000e+02 -2.297134044412160458e-01
2.810000000000000000e+02 -2.297691764227007827e-01
2.800000000000000000e+02 -2.298188875813114151e-01
2.790000000000000000e+02 -2.298623989335382423e-01
2.780000000000000000e+02 -2.298995569165937780e-01
2.770000000000000000e+02 -2.299302114229744565e-01
2.760000000000000000e+02 -2.299542078633365905e-01
2.750000000000000000e+02 -2.299713973065319605e-01
2.740000000000000000e+02 -2.299816164221249182e-01
2.730000000000000000e+02 -2.299847083059068098e-01
2.720000000000000000e+02 -2.299804996886578856e-01
2.710000000000000000e+02 -2.299688375670024265e-01
2.700000000000000000e+02 -2.299495515756888320e-01
2.690000000000000000e+02 -2.299224749689242064e-01
2.680000000000000000e+02 -2.298874331446242314e-01
2.670000000000000000e+02 -2.298442576758092104e-01
2.660000000000000000e+02 -2.297927586043980452e-01
2.650000000000000000e+02 -2.297327826159424047e-01
2.640000000000000000e+02 -2.296641219865486194e-01
2.630000000000000000e+02 -2.295866090627636524e-01
2.620000000000000000e+02 -2.295000693619500820e-01
2.610000000000000000e+02 -2.294042942086324810e-01
2.600000000000000000e+02 -2.292990935812477815e-01
2.590000000000000000e+02 -2.291842860708059038e-01
2.580000000000000000e+02 -2.290596698611868098e-01
2.570000000000000000e+02 -2.289250500474704075e-01
2.560000000000000000e+02 -2.287802257642409798e-01
2.550000000000000000e+02 -2.286249946185340831e-01
2.540000000000000000e+02 -2.284591506493038326e-01
2.530000000000000000e+02 -2.282824832463243858e-01
2.520000000000000000e+02 -2.280947869559530883e-01
2.510000000000000000e+02 -2.278958411092002756e-01
2.500000000000000000e+02 -2.276854454743540979e-01
2.490000000000000000e+02 -2.274633673346145857e-01
2.480000000000000000e+02 -2.272294028029998858e-01
2.470000000000000000e+02 -2.269832907501080355e-01
2.460000000000000000e+02 -2.267248461309256113e-01
2.450000000000000000e+02 -2.264538214443203301e-01
2.440000000000000000e+02 -2.261699927929836651e-01
2.430000000000000000e+02 -2.258731259576485240e-01
2.420000000000000000e+02 -2.255629780230860859e-01
2.410000000000000000e+02 -2.252393181088689356e-01
2.400000000000000000e+02 -2.249018956661937851e-01
2.390000000000000000e+02 -2.245504887320047271e-01
2.380000000000000000e+02 -2.241848330513870891e-01
2.370000000000000000e+02 -2.238046775487780304e-01
2.360000000000000000e+02 -2.234097842335503181e-01
2.350000000000000000e+02 -2.229999020312658231e-01
2.340000000000000000e+02 -2.225747705582944436e-01
2.330000000000000000e+02 -2.221341346588986965e-01
2.320000000000000000e+02 -2.216777328549625892e-01
2.310000000000000000e+02 -2.212053097176726324e-01
2.300000000000000000e+02 -2.207166038896516691e-01
2.290000000000000000e+02 -2.202113435654637075e-01
2.280000000000000000e+02 -2.196892786527374353e-01
2.270000000000000000e+02 -2.191501463406710648e-01
2.260000000000000000e+02 -2.185936587452047553e-01
2.250000000000000000e+02 -2.180195539721069831e-01
2.240000000000000000e+02 -2.174275882806542270e-01
2.230000000000000000e+02 -2.168174626825412343e-01
2.220000000000000000e+02 -2.161889242934094402e-01
2.210000000000000000e+02 -2.155416906942415611e-01
2.200000000000000000e+02 -2.148755014646202832e-01
2.190000000000000000e+02 -2.141900902712551846e-01
2.180000000000000000e+02 -2.134851790676691174e-01
2.170000000000000000e+02 -2.127605113228648037e-01
2.160000000000000000e+02 -2.120158130015607212e-01
2.150000000000000000e+02 -2.112508191908331057e-01
2.140000000000000000e+02 -2.104652798257515278e-01
2.130000000000000000e+02 -2.096589263878321785e-01
2.120000000000000000e+02 -2.088314916091602302e-01
2.110000000000000000e+02 -2.079827267898860521e-01
2.100000000000000000e+02 -2.071123860713572629e-01
2.090000000000000000e+02 -2.062202255690581132e-01
2.080000000000000000e+02 -2.053059860356055699e-01
2.070000000000000000e+02 -2.043694298812774313e-01
2.060000000000000000e+02 -2.034103256610155230e-01
2.050000000000000000e+02 -2.024284550655039427e-01
2.040000000000000000e+02 -2.014235726412758609e-01
2.030000000000000000e+02 -2.003954707966889015e-01
2.020000000000000000e+02 -1.993439408798613477e-01
2.010000000000000000e+02 -1.982687721526740776e-01
2.000000000000000000e+02 -1.971697669830396737e-01
1.990000000000000000e+02 -1.960467387902989356e-01
1.980000000000000000e+02 -1.948994978105807463e-01
1.970000000000000000e+02 -1.937278943179358282e-01
1.960000000000000000e+02 -1.925317293662432150e-01
1.950000000000000000e+02 -1.913108724921611103e-01
1.940000000000000000e+02 -1.900651657418037377e-01
1.930000000000000000e+02 -1.887944866409607403e-01
1.920000000000000000e+02 -1.874987044097110034e-01
1.910000000000000000e+02 -1.861776902756206442e-01
1.900000000000000000e+02 -1.848313415554071470e-01
1.890000000000000000e+02 -1.834595844463540737e-01
1.880000000000000000e+02 -1.820623135848692953e-01
1.870000000000000000e+02 -1.806394675021072982e-01
1.860000000000000000e+02 -1.791910143959828949e-01
1.850000000000000000e+02 -1.777168494206216032e-01
1.840000000000000000e+02 -1.762169728340814145e-01
1.830000000000000000e+02 -1.746913566903005588e-01
1.820000000000000000e+02 -1.731399700120774265e-01
1.810000000000000000e+02 -1.715628439737566513e-01
1.800000000000000000e+02 -1.699599386365819031e-01
1.790000000000000000e+02 -1.683313014507607785e-01
1.780000000000000000e+02 -1.666769514554697629e-01
1.770000000000000000e+02 -1.649969227883939793e-01
1.760000000000000000e+02 -1.632912782994723477e-01
1.750000000000000000e+02 -1.615600641642047641e-01
1.740000000000000000e+02 -1.598033415390231193e-01
1.730000000000000000e+02 -1.580211834208903598e-01
1.720000000000000000e+02 -1.562136673509528229e-01
1.710000000000000000e+02 -1.543808630613151822e-01
1.700000000000000000e+02 -1.525228839089839972e-01
1.690000000000000000e+02 -1.506398082177432263e-01
1.680000000000000000e+02 -1.487317024255869480e-01
1.670000000000000000e+02 -1.467987004295058240e-01
1.660000000000000000e+02 -1.448408728364627418e-01
1.650000000000000000e+02 -1.428583132074819351e-01
1.640000000000000000e+02 -1.408511132786137154e-01
1.630000000000000000e+02 -1.388193599020850488e-01
1.620000000000000000e+02 -1.367631123146374750e-01
1.610000000000000000e+02 -1.346824628096361109e-01
1.600000000000000000e+02 -1.325774484125578079e-01
1.590000000000000000e+02 -1.304481216527119403e-01
1.580000000000000000e+02 -1.282945142137844885e-01
1.570000000000000000e+02 -1.261166275650265345e-01
1.560000000000000000e+02 -1.239144750289571384e-01
1.550000000000000000e+02 -1.216880085851783921e-01
1.540000000000000000e+02 -1.194372049005590491e-01
1.530000000000000000e+02 -1.171619534467488732e-01
1.520000000000000000e+02 -1.148621687758811377e-01
1.510000000000000000e+02 -1.125377066217579936e-01
1.500000000000000000e+02 -1.101883954790164460e-01
1.490000000000000000e+02 -1.078140109972075267e-01
1.480000000000000000e+02 -1.054143113400220627e-01
1.470000000000000000e+02 -1.029889984567009531e-01
1.460000000000000000e+02 -1.005377231722333065e-01
1.450000000000000000e+02 -9.806007810685973825e-02
1.440000000000000000e+02 -9.555561439215587427e-02
1.430000000000000000e+02 -9.302381815895177652e-02
1.420000000000000000e+02 -9.046412364054112754e-02
1.410000000000000000e+02 -8.787587371387529933e-02
1.400000000000000000e+02 -8.525835523938161964e-02
1.390000000000000000e+02 -8.261077388405516087e-02
1.380000000000000000e+02 -7.993225442540299874e-02
1.370000000000000000e+02 -7.722184240188074977e-02
1.360000000000000000e+02 -7.447847005980687274e-02
1.350000000000000000e+02 -7.170101901816004764e-02
1.340000000000000000e+02 -6.888821107811475553e-02
1.330000000000000000e+02 -6.603869515261012735e-02
1.320000000000000000e+02 -6.315101060848833658e-02
1.310000000000000000e+02 -6.022355774999625655e-02
1.300000000000000000e+02 -5.725462325992287937e-02
1.290000000000000000e+02 -5.424236648020305113e-02
1.280000000000000000e+02 -5.118479995007751276e-02
1.270000000000000000e+02 -4.807980140989849549e-02
1.260000000000000000e+02 -4.492507939323116262e-02
1.250000000000000000e+02 -4.171821681869456594e-02
1.240000000000000000e+02 -3.845660996932832865e-02
1.230000000000000000e+02 -3.513749000137455364e-02
1.220000000000000000e+02 -3.175791735619419576e-02
1.210000000000000000e+02 -2.831475796998240632e-02
1.200000000000000000e+02 -2.480470357404906956e-02
1.190000000000000000e+02 -2.122424118445090380e-02
1.180000000000000000e+02 -1.756966102944145305e-02
1.170000000000000000e+02 -1.383704104558211925e-02
1.160000000000000000e+02 -1.002225125067680855e-02
1.150000000000000000e+02 -6.120943412076477325e-03
1.140000000000000000e+02 -2.128549189935390745e-03
1.130000000000000000e+02 1.959737979010757469e-03
1.120000000000000000e+02 6.148945205508501988e-03
1.110000000000000000e+02 1.044435317268602517e-02
1.100000000000000000e+02 1.485144783965133483e-02
1.090000000000000000e+02 1.937600935656446505e-02
1.080000000000000000e+02 2.402403748049317458e-02
1.070000000000000000e+02 2.880178332180098610e-02
1.060000000000000000e+02 3.371578145063636178e-02
1.050000000000000000e+02 3.877280609717466409e-02
1.040000000000000000e+02 4.397992200152936459e-02
1.030000000000000000e+02 4.934447787216524051e-02
1.020000000000000000e+02 5.487409165941517508e-02
1.010000000000000000e+02 6.057669558785233610e-02
1.000000000000000000e+02 6.646054383997375414e-02
9.900000000000000000e+01 7.253421775440953290e-02
9.800000000000000000e+01 7.880666319251075635e-02
9.700000000000000000e+01 8.528719064117457060e-02
9.600000000000000000e+01 9.198554444540246733e-02
9.500000000000000000e+01 9.891192898224931973e-02
9.400000000000000000e+01 1.060770129679098617e-01
9.300000000000000000e+01 1.134920483949184433e-01
9.200000000000000000e+01 1.211688721714687944e-01
9.100000000000000000e+01 1.291200280648827359e-01
9.000000000000000000e+01 1.373588274543255383e-01
8.900000000000000000e+01 1.458994374885233258e-01
8.800000000000000000e+01 1.547570329049308135e-01
8.700000000000000000e+01 1.639478753680903012e-01
8.600000000000000000e+01 1.734895264532565484e-01
8.500000000000000000e+01 1.834009656216958328e-01
8.400000000000000000e+01 1.937028377826625347e-01
8.300000000000000000e+01 2.044176820628998414e-01
8.200000000000000000e+01 2.155702068788597214e-01
8.100000000000000000e+01 2.271876375329085207e-01
8.000000000000000000e+01 2.393000889752497085e-01
7.900000000000000000e+01 2.519411021768208636e-01
7.800000000000000000e+01 2.651481441974938291e-01
7.700000000000000000e+01 2.789634660344503247e-01
7.600000000000000000e+01 2.934349044874443591e-01
7.500000000000000000e+01 3.086171072754927414e-01
7.400000000000000000e+01 3.245730926338619149e-01
7.300000000000000000e+01 3.413761853248445388e-01
7.200000000000000000e+01 3.591128365448247872e-01
7.100000000000000000e+01 3.778862563011503584e-01
7.000000000000000000e+01 3.978216626267107037e-01
6.900000000000000000e+01 4.190735627917619999e-01
6.800000000000000000e+01 4.418361089227040850e-01
6.700000000000000000e+01 4.663574597742315975e-01
6.600000000000000000e+01 4.929582641858979986e-01
6.500000000000000000e+01 5.220491353951266511e-01
6.400000000000000000e+01 5.541239242182552927e-01
6.300000000000000000e+01 5.896554286485983232e-01
6.200000000000000000e+01 6.287518102270417408e-01
6.100000000000000000e+01 6.705621631719922426e-01
6.000000000000000000e+01 7.130490661030781663e-01
5.900000000000000000e+01 7.539276682719471268e-01
5.800000000000000000e+01 7.919964671690274960e-01
5.700000000000000000e+01 8.273063099294054590e-01
5.600000000000000000e+01 8.604787336587815805e-01
5.500000000000000000e+01 8.921979364871073237e-01
5.400000000000000000e+01 9.230408712902653523e-01
5.300000000000000000e+01 9.534610359312258865e-01
5.200000000000000000e+01 9.838126006751607422e-01
5.100000000000000000e+01 1.014377174067459642e+00
5.000000000000000000e+01 1.045385044861163237e+00
