4.000000000000000000e+02 -2.068775254587870982e-01
3.990000000000000000e+02 -2.070868388003281602e-01
3.980000000000000000e+02 -2.072967644093366146e-01
3.970000000000000000e+02 -2.075073009362194132e-01
3.960000000000000000e+02 -2.077184383589267824e-01
3.950000000000000000e+02 -2.079301777512908012e-01
3.940000000000000000e+02 -2.081425059267550115e-01
3.930000000000000000e+02 -2.083554216813802984e-01
3.920000000000000000e+02 -2.085689204285242904e-01
3.910000000000000000e+02 -2.087829843045077849e-01
3.900000000000000000e+02 -2.089976152459643577e-01
3.890000000000000000e+02 -2.092127984003698538e-01
3.880000000000000000e+02 -2.094285379879862186e-01
3.870000000000000000e+02 -2.096448109021415707e-01
3.860000000000000000e+02 -2.098616241264087134e-01
3.850000000000000000e+02 -2.100789431272308827e-01
3.840000000000000000e+02 -2.102967764335205714e-01
3.830000000000000000e+02 -2.105151123244615730e-01
3.820000000000000000e+02 -2.107339361997830063e-01
3.810000000000000000e+02 -2.109532441167205341e-01
3.800000000000000000e+02 -2.111730110946727912e-01
3.790000000000000000e+02 -2.113932365548476244e-01
3.780000000000000000e+02 -2.116139010473437609e-01
3.770000000000000000e+02 -2.118349945771757503e-01
3.760000000000000000e+02 -2.120564946387880623e-01
3.750000000000000000e+02 -2.122784066149867310e-01
3.740000000000000000e+02 -2.125006945239059086e-01
3.730000000000000000e+02 -2.127233587338512588e-01
3.720000000000000000e+02 -2.129463720932374682e-01
3.710000000000000000e+02 -2.131697156680175675e-01
3.700000000000000000e+02 -2.133933878749675050e-01
3.690000000000000000e+02 -2.136173566808835800e-01
3.680000000000000000e+02 -2.138415998143751162e-01
3.670000000000000000e+02 -2.140661163017391067e-01
3.660000000000000000e+02 -2.142908653973855104e-01
3.650000000000000000e+02 -2.145158413599123626e-01
3.640000000000000000e+02 -2.147410169929040435e-01
3.630000000000000000e+02 -2.149663683136004699e-01
3.620000000000000000e+02 -2.151918738024858613e-01
3.610000000000000000e+02 -2.154175169289983538e-01
3.600000000000000000e+02 -2.156432509817178822e-01
3.590000000000000000e+02 -2.158690717371704038e-01
3.580000000000000000e+02 -2.160949436984102578e-01
3.570000000000000000e+02 -2.163208547561258632e-01
3.560000000000000000e+02 -2.165467534161126251e-01
3.550000000000000000e+02 -2.167726240434902085e-01
3.540000000000000000e+02 -2.169984316509788735e-01
3.530000000000000000e+02 -2.172241411925319998e-01
3.520000000000000000e+02 -2.174497500008791551e-01
3.510000000000000000e+02 -2.176751908921844558e-01
3.500000000000000000e+02 -2.179004351669352746e-01
3.490000000000000000e+02 -2.181254707359161771e-01
3.480000000000000000e+02 -2.183502361444030482e-01
3.470000000000000000e+02 -2.185747030550004855e-01
3.460000000000000000e+02 -2.187988509089668632e-01
3.450000000000000000e+02 -2.190226111609133164e-01
3.440000000000000000e+02 -2.192459662749718652e-01
3.430000000000000000e+02 -2.194688643160913888e-01
3.420000000000000000e+02 -2.196912637969107573e-01
3.410000000000000000e+02 -2.199131296041911543e-01
3.400000000000000000e+02 -2.201344034236766556e-01
3.390000000000000000e+02 -2.203550525571878194e-01
3.380000000000000000e+02 -2.205750235638521406e-01
3.370000000000000000e+02 -2.207942684923875909e-01
3.360000000000000000e+02 -2.210127406194935529e-01
3.350000000000000000e+02 -2.212303841287320827e-01
3.340000000000000000e+02 -2.214471472979360200e-01
3.330000000000000000e+02 -2.216629854802449617e-01
3.320000000000000000e+02 -2.218778358980480481e-01
3.310000000000000000e+02 -2.220916469771644919e-01
3.300000000000000000e+02 -2.223043533938595939e-01
3.290000000000000000e+02 -2.225159047130127188e-01
3.280000000000000000e+02 -2.227262445030250559e-01
3.270000000000000000e+02 -2.229352894971436960e-01
3.260000000000000000e+02 -2.231430111742307154e-01
3.250000000000000000e+02 -2.233493105921081079e-01
3.240000000000000000e+02 -2.235541442104255760e-01
3.230000000000000000e+02 -2.237574320856368926e-01
3.220000000000000000e+02 -2.239591161223719318e-01
3.210000000000000000e+02 -2.241591149189762211e-01
3.200000000000000000e+02 -2.243573650711735423e-01
3.190000000000000000e+02 -2.245537945594039686e-01
3.180000000000000000e+02 -2.247483147349146337e-01
3.170000000000000000e+02 -2.249408627181881393e-01
3.160000000000000000e+02 -2.251313548771099460e-01
3.150000000000000000e+02 -2.253197220245763133e-01
3.140000000000000000e+02 -2.255058517679527086e-01
3.130000000000000000e+02 -2.256896931704646669e-01
3.120000000000000000e+02 -2.258711470627715601e-01
3.110000000000000000e+02 -2.260501260448425365e-01
3.100000000000000000e+02 -2.262265447885868919e-01
3.090000000000000000e+02 -2.264003290741742058e-01
3.080000000000000000e+02 -2.265713631444864762e-01
3.070000000000000000e+02 -2.267395612508719682e-01
3.060000000000000000e+02 -2.269048347433704205e-01
3.050000000000000000e+02 -2.270670753393891073e-01
3.040000000000000000e+02 -2.272261966694113788e-01
3.030000000000000000e+02 -2.273820914255817449e-01
3.020000000000000000e+02 -2.275346573428311814e-01
3.010000000000000000e+02 -2.276837903461502721e-01
3.000000000000000000e+02 -2.278293943163057222e-01
2.990000000000000000e+02 -2.279713421249325855e-01
2.980000000000000000e+02 -2.281095394970111545e-01
2.970000000000000000e+02 -2.282438732056814579e-01
2.960000000000000000e+02 -2.283742243235938885e-01
2.950000000000000000e+02 -2.285004850239428231e-01
2.940000000000000000e+02 -2.286225326392567481e-01
2.930000000000000000e+02 -2.287402466399363343e-01
2.920000000000000000e+02 -2.288535180078909714e-01
2.910000000000000000e+02 -2.289622110488510609e-01
2.900000000000000000e+02 -2.290662055617737058e-01
2.890000000000000000e+02 -2.291653754647383912e-01
2.880000000000000000e+02 -2.292595880484078474e-01
2.870000000000000000e+02 -2.293487163038637477e-01
2.860000000000000000e+02 -2.294326329847548029e-01
2.850000000000000000e+02 -2.295112011499535476e-01
2.840000000000000000e+02 -2.295842690909991324e-01
2.830000000000000000e+02 -2.296517225888824176e-01
2.820000000000000000e+02 -2.297134044412157128e-01
2.810000000000000000e+02 -2.297691764227007272e-01
2.800000000000000000e+02 -2.298188875813112209e-01
2.790000000000000000e+02 -2.298623989335381590e-01
2.780000000000000000e+02 -2.298995569165945552e-01
2.770000000000000000e+02 -2.299302114229747340e-01
2.760000000000000000e+02 -2.299542078633365350e-01
2.750000000000000000e+02 -2.299713973065321271e-01
2.740000000000000000e+02 -2.299816164221244741e-01
2.730000000000000000e+02 -2.299847083059066155e-01
2.720000000000000000e+02 -2.299804996886582742e-01
2.710000000000000000e+02 -2.299688375670023155e-01
2.700000000000000000e+02 -2.299495515756871111e-01
2.690000000000000000e+02 -2.299224749689246783e-01
2.680000000000000000e+02 -2.298874331446245367e-01
2.670000000000000000e+02 -2.298442576758095990e-01
2.660000000000000000e+02 -2.297927586043973791e-01
2.650000000000000000e+02 -2.297327826159421271e-01
2.640000000000000000e+02 -2.296641219865480921e-01
2.630000000000000000e+02 -2.295866090627633471e-01
2.620000000000000000e+02 -2.295000693619501930e-01
2.610000000000000000e+02 -2.294042942086326475e-01
2.600000000000000000e+02 -2.292990935812483644e-01
2.590000000000000000e+02 -2.291842860708056540e-01
2.580000000000000000e+02 -2.290596698611873649e-01
2.570000000000000000e+02 -2.289250500474711292e-01
2.560000000000000000e+02 -2.287802257642415071e-01
2.550000000000000000e+02 -2.286249946185345827e-01
2.540000000000000000e+02 -2.284591506493041102e-01
2.530000000000000000e+02 -2.282824832463241638e-01
2.520000000000000000e+02 -2.280947869559527830e-01
2.510000000000000000e+02 -2.278958411091997760e-01
2.500000000000000000e+02 -2.276854454743546530e-01
2.490000000000000000e+02 -2.274633673346148077e-01
2.480000000000000000e+02 -2.272294028030011070e-01
2.470000000000000000e+02 -2.269832907501082575e-01
2.460000000000000000e+02 -2.267248461309256113e-01
2.450000000000000000e+02 -2.264538214443205799e-01
2.440000000000000000e+02 -2.261699927929833598e-01
2.430000000000000000e+02 -2.258731259576481354e-01
2.420000000000000000e+02 -2.255629780230862802e-01
2.410000000000000000e+02 -2.252393181088691021e-01
2.400000000000000000e+02 -2.249018956661938962e-01
2.390000000000000000e+02 -2.245504887320043386e-01
2.380000000000000000e+02 -2.241848330513869225e-01
2.370000000000000000e+02 -2.238046775487783913e-01
2.360000000000000000e+02 -2.234097842335500128e-01
2.350000000000000000e+02 -2.229999020312666558e-01
2.340000000000000000e+02 -2.225747705582942770e-01
2.330000000000000000e+02 -2.221341346588988908e-01
2.320000000000000000e+02 -2.216777328549628945e-01
2.310000000000000000e+02 -2.212053097176729932e-01
2.300000000000000000e+02 -2.207166038896525018e-01
2.290000000000000000e+02 -2.202113435654637907e-01
2.280000000000000000e+02 -2.196892786527368802e-01
2.270000000000000000e+02 -2.191501463406712868e-01
2.260000000000000000e+02 -2.185936587452050606e-01
2.250000000000000000e+02 -2.180195539721073161e-01
2.240000000000000000e+02 -2.174275882806541160e-01
2.230000000000000000e+02 -2.168174626825408458e-01
2.220000000000000000e+02 -2.161889242934090793e-01
2.210000000000000000e+02 -2.155416906942417554e-01
2.200000000000000000e+02 -2.148755014646197004e-01
2.190000000000000000e+02 -2.141900902712550181e-01
2.180000000000000000e+02 -2.134851790676692562e-01
2.170000000000000000e+02 -2.127605113228646649e-01
2.160000000000000000e+02 -2.120158130015611375e-01
2.150000000000000000e+02 -2.112508191908332167e-01
2.140000000000000000e+02 -2.104652798257513613e-01
2.130000000000000000e+02 -2.096589263878324283e-01
2.120000000000000000e+02 -2.088314916091603968e-01
2.110000000000000000e+02 -2.079827267898852750e-01
2.100000000000000000e+02 -2.071123860713581510e-01
2.090000000000000000e+02 -2.062202255690578911e-01
2.080000000000000000e+02 -2.053059860356049593e-01
2.070000000000000000e+02 -2.043694298812767929e-01
2.060000000000000000e+02 -2.034103256610152177e-01
2.050000000000000000e+02 -2.024284550655047199e-01
2.040000000000000000e+02 -2.014235726412762773e-01
2.030000000000000000e+02 -2.003954707966890958e-01
2.020000000000000000e+02 -1.993439408798610146e-01
2.010000000000000000e+02 -1.982687721526743274e-01
2.000000000000000000e+02 -1.971697669830393962e-01
1.990000000000000000e+02 -1.960467387902993242e-01
1.980000000000000000e+02 -1.948994978105807185e-01
1.970000000000000000e+02 -1.937278943179352175e-01
1.960000000000000000e+02 -1.925317293662429929e-01
1.950000000000000000e+02 -1.913108724921607218e-01
1.940000000000000000e+02 -1.900651657418039042e-01
1.930000000000000000e+02 -1.887944866409615730e-01
1.920000000000000000e+02 -1.874987044097113364e-01
1.910000000000000000e+02 -1.861776902756204222e-01
1.900000000000000000e+02 -1.848313415554073968e-01
1.890000000000000000e+02 -1.834595844463542680e-01
1.880000000000000000e+02 -1.820623135848691843e-01
1.870000000000000000e+02 -1.806394675021082141e-01
1.860000000000000000e+02 -1.791910143959827562e-01
1.850000000000000000e+02 -1.777168494206211313e-01
1.840000000000000000e+02 -1.762169728340814423e-01
1.830000000000000000e+02 -1.746913566903005033e-01
1.820000000000000000e+02 -1.731399700120779261e-01
1.810000000000000000e+02 -1.715628439737564292e-01
1.800000000000000000e+02 -1.699599386365815146e-01
1.790000000000000000e+02 -1.683313014507605010e-01
1.780000000000000000e+02 -1.666769514554705955e-01
1.770000000000000000e+02 -1.649969227883935075e-01
1.760000000000000000e+02 -1.632912782994729584e-01
1.750000000000000000e+02 -1.615600641642045143e-01
1.740000000000000000e+02 -1.598033415390238965e-01
1.730000000000000000e+02 -1.580211834208904154e-01
1.720000000000000000e+02 -1.562136673509531559e-01
1.710000000000000000e+02 -1.543808630613149047e-01
1.700000000000000000e+02 -1.525228839089838861e-01
1.690000000000000000e+02 -1.506398082177432263e-01
1.680000000000000000e+02 -1.487317024255870035e-01
1.670000000000000000e+02 -1.467987004295051578e-01
1.660000000000000000e+02 -1.448408728364618814e-01
1.650000000000000000e+02 -1.428583132074813244e-01
1.640000000000000000e+02 -1.408511132786145481e-01
1.630000000000000000e+02 -1.388193599020853541e-01
1.620000000000000000e+02 -1.367631123146368366e-01
1.610000000000000000e+02 -1.346824628096370824e-01
1.600000000000000000e+02 -1.325774484125579744e-01
1.590000000000000000e+02 -1.304481216527119125e-01
1.580000000000000000e+02 -1.282945142137856265e-01
1.570000000000000000e+02 -1.261166275650263957e-01
1.560000000000000000e+02 -1.239144750289569719e-01
1.550000000000000000e+02 -1.216880085851781701e-01
1.540000000000000000e+02 -1.194372049005593128e-01
1.530000000000000000e+02 -1.171619534467481794e-01
1.520000000000000000e+02 -1.148621687758817622e-01
1.510000000000000000e+02 -1.125377066217584654e-01
1.500000000000000000e+02 -1.101883954790165154e-01
1.490000000000000000e+02 -1.078140109972067495e-01
1.480000000000000000e+02 -1.054143113400222015e-01
1.470000000000000000e+02 -1.029889984567009531e-01
1.460000000000000000e+02 -1.005377231722333620e-01
1.450000000000000000e+02 -9.806007810685998805e-02
1.440000000000000000e+02 -9.555561439215581876e-02
1.430000000000000000e+02 -9.302381815895202632e-02
1.420000000000000000e+02 -9.046412364054132182e-02
1.410000000000000000e+02 -8.787587371387482749e-02
1.400000000000000000e+02 -8.525835523938082861e-02
1.390000000000000000e+02 -8.261077388405525801e-02
1.380000000000000000e+02 -7.993225442540304038e-02
1.370000000000000000e+02 -7.722184240188099957e-02
1.360000000000000000e+02 -7.447847005980742785e-02
1.350000000000000000e+02 -7.170101901816000600e-02
1.340000000000000000e+02 -6.888821107811517186e-02
1.330000000000000000e+02 -6.603869515261043266e-02
1.320000000000000000e+02 -6.315101060848818393e-02
1.310000000000000000e+02 -6.022355774999585409e-02
1.300000000000000000e+02 -5.725462325992357326e-02
1.290000000000000000e+02 -5.424236648020328011e-02
1.280000000000000000e+02 -5.118479995007710337e-02
1.270000000000000000e+02 -4.807980140989875917e-02
1.260000000000000000e+02 -4.492507939323091976e-02
1.250000000000000000e+02 -4.171821681869473941e-02
1.240000000000000000e+02 -3.845660996932791231e-02
1.230000000000000000e+02 -3.513749000137461609e-02
1.220000000000000000e+02 -3.175791735619443168e-02
1.210000000000000000e+02 -2.831475796998224673e-02
1.200000000000000000e+02 -2.480470357404911119e-02
1.190000000000000000e+02 -2.122424118445051522e-02
1.180000000000000000e+02 -1.756966102944130040e-02
1.170000000000000000e+02 -1.383704104558264661e-02
1.160000000000000000e+02 -1.002225125067677039e-02
1.150000000000000000e+02 -6.120943412076178952e-03
1.140000000000000000e+02 -2.128549189935612790e-03
1.130000000000000000e+02 1.959737979010452158e-03
1.120000000000000000e+02 6.148945205508848932e-03
1.110000000000000000e+02 1.044435317268619171e-02
1.100000000000000000e+02 1.485144783965153606e-02
1.090000000000000000e+02 1.937600935656478424e-02
1.080000000000000000e+02 2.402403748049297336e-02
1.070000000000000000e+02 2.880178332180068079e-02
1.060000000000000000e+02 3.371578145063648668e-02
1.050000000000000000e+02 3.877280609717428939e-02
1.040000000000000000e+02 4.397992200152923969e-02
1.030000000000000000e+02 4.934447787216551806e-02
1.020000000000000000e+02 5.487409165941503630e-02
1.010000000000000000e+02 6.057669558785201691e-02
1.000000000000000000e+02 6.646054383997394843e-02
9.900000000000000000e+01 7.253421775440963004e-02
9.800000000000000000e+01 7.880666319251088126e-02
9.700000000000000000e+01 8.528719064117432080e-02
9.600000000000000000e+01 9.198554444540196773e-02
9.500000000000000000e+01 9.891192898224926422e-02
9.400000000000000000e+01 1.060770129679099727e-01
9.300000000000000000e+01 1.134920483949186376e-01
9.200000000000000000e+01 1.211688721714686001e-01
9.100000000000000000e+01 1.291200280648827914e-01
9.000000000000000000e+01 1.373588274543254273e-01
8.900000000000000000e+01 1.458994374885233258e-01
8.800000000000000000e+01 1.547570329049309246e-01
8.700000000000000000e+01 1.639478753680903012e-01
8.600000000000000000e+01 1.734895264532564929e-01
8.500000000000000000e+01 1.834009656216958606e-01
8.400000000000000000e+01 1.937028377826624514e-01
8.300000000000000000e+01 2.044176820628997859e-01
8.200000000000000000e+01 2.155702068788595549e-01
8.100000000000000000e+01 2.271876375329084652e-01
8.000000000000000000e+01 2.393000889752495974e-01
7.900000000000000000e+01 2.519411021768208636e-01
7.800000000000000000e+01 2.651481441974936071e-01
7.700000000000000000e+01 2.789634660344502137e-01
7.600000000000000000e+01 2.934349044874442480e-01
7.500000000000000000e+01 3.086171072754929079e-01
7.400000000000000000e+01 3.245730926338619704e-01
7.300000000000000000e+01 3.413761853248444278e-01
7.200000000000000000e+01 3.591128365448247872e-01
7.100000000000000000e+01 3.778862563011503028e-01
7.000000000000000000e+01 3.978216626267108147e-01
6.900000000000000000e+01 4.190735627917618888e-01
6.800000000000000000e+01 4.418361089227038074e-01
6.700000000000000000e+01 4.663574597742317085e-01
6.600000000000000000e+01 4.929582641858979986e-01
6.500000000000000000e+01 5.220491353951266511e-01
6.400000000000000000e+01 5.541239242182555147e-01
6.300000000000000000e+01 5.896554286485982121e-01
6.200000000000000000e+01 6.287518102270419629e-01
6.100000000000000000e+01 6.705621631719922426e-01
6.000000000000000000e+01 7.130490661030779442e-01
5.900000000000000000e+01 7.539276682719471268e-01
5.800000000000000000e+01 7.919964671690277180e-01
5.700000000000000000e+01 8.273063099294055700e-01
5.600000000000000000e+01 8.604787336587811364e-01
5.500000000000000000e+01 8.921979364871073237e-01
5.400000000000000000e+01 9.230408712902651303e-01
5.300000000000000000e+01 9.534610359312254424e-01
5.200000000000000000e+01 9.838126006751605201e-01
5.100000000000000000e+01 1.014377174067459197e+00
5.000000000000000000e+01 1.045385044861163015e+00
