4.000000000000000000e+02 3.264608116052184483e-01
3.990000000000000000e+02 3.260385530800444798e-01
3.980000000000000000e+02 3.256110359728072723e-01
3.970000000000000000e+02 3.251782107334615368e-01
3.960000000000000000e+02 3.247400283720579539e-01
3.950000000000000000e+02 3.242964405012657148e-01
3.940000000000000000e+02 3.238473993798177686e-01
3.930000000000000000e+02 3.233928579569568806e-01
3.920000000000000000e+02 3.229327699179425082e-01
3.910000000000000000e+02 3.224670897305045303e-01
3.900000000000000000e+02 3.219957726923144414e-01
3.890000000000000000e+02 3.215187749794296557e-01
3.880000000000000000e+02 3.210360536958547506e-01
3.870000000000000000e+02 3.205475669237671799e-01
3.860000000000000000e+02 3.200532737751613510e-01
3.850000000000000000e+02 3.195531262927675531e-01
3.840000000000000000e+02 3.190471011805234292e-01
3.830000000000000000e+02 3.185351536320654153e-01
3.820000000000000000e+02 3.180172474007301742e-01
3.810000000000000000e+02 3.174933475398736826e-01
3.800000000000000000e+02 3.169634204598785754e-01
3.790000000000000000e+02 3.164274339859237672e-01
3.780000000000000000e+02 3.158853574168088985e-01
3.770000000000000000e+02 3.153371615844919873e-01
3.760000000000000000e+02 3.147828189145125410e-01
3.750000000000000000e+02 3.142223034871420295e-01
3.740000000000000000e+02 3.136555910994371366e-01
3.730000000000000000e+02 3.130826593279972814e-01
3.720000000000000000e+02 3.125034875923573541e-01
3.710000000000000000e+02 3.119180572193017698e-01
3.700000000000000000e+02 3.113263515076164500e-01
3.690000000000000000e+02 3.107283557936438290e-01
3.680000000000000000e+02 3.101240575173729308e-01
3.670000000000000000e+02 3.095134462890999916e-01
3.660000000000000000e+02 3.088965139565943430e-01
3.650000000000000000e+02 3.082732546728972900e-01
3.640000000000000000e+02 3.076436649644055388e-01
3.630000000000000000e+02 3.070077437994531699e-01
3.620000000000000000e+02 3.063654926572118020e-01
3.610000000000000000e+02 3.057169155970033136e-01
3.600000000000000000e+02 3.050620193277683301e-01
3.590000000000000000e+02 3.044008132777992204e-01
3.580000000000000000e+02 3.037333096647799047e-01
3.570000000000000000e+02 3.030595235656173836e-01
3.560000000000000000e+02 3.023794729867026465e-01
3.550000000000000000e+02 3.016931789339449277e-01
3.540000000000000000e+02 3.010006654828108474e-01
3.530000000000000000e+02 3.003019598483090968e-01
3.520000000000000000e+02 2.995970924546810799e-01
3.510000000000000000e+02 2.988860970049473931e-01
3.500000000000000000e+02 2.981690105501214605e-01
3.490000000000000000e+02 2.974458735580224333e-01
3.480000000000000000e+02 2.967167299817238812e-01
3.470000000000000000e+02 2.959816273273322418e-01
3.460000000000000000e+02 2.952406167214107757e-01
3.450000000000000000e+02 2.944937529774706575e-01
3.440000000000000000e+02 2.937410946619957719e-01
3.430000000000000000e+02 2.929827041594281201e-01
3.420000000000000000e+02 2.922186477364550616e-01
3.410000000000000000e+02 2.914489956051662389e-01
3.400000000000000000e+02 2.906738219852766925e-01
3.390000000000000000e+02 2.898932051650962571e-01
3.380000000000000000e+02 2.891072275615220177e-01
3.370000000000000000e+02 2.883159757783262389e-01
3.360000000000000000e+02 2.875195406635505102e-01
3.350000000000000000e+02 2.867180173649600539e-01
3.340000000000000000e+02 2.859115053843107046e-01
3.330000000000000000e+02 2.851001086297257903e-01
3.320000000000000000e+02 2.842839354664410401e-01
3.310000000000000000e+02 2.834630987657006385e-01
3.300000000000000000e+02 2.826377159517399207e-01
3.290000000000000000e+02 2.818079090467022207e-01
3.280000000000000000e+02 2.809738047135810768e-01
3.270000000000000000e+02 2.801355342968720463e-01
3.260000000000000000e+02 2.792932338608506426e-01
3.250000000000000000e+02 2.784470442257460654e-01
3.240000000000000000e+02 2.775971110010582166e-01
3.230000000000000000e+02 2.767435846167667912e-01
3.220000000000000000e+02 2.758866203513861692e-01
3.210000000000000000e+02 2.750263783576521459e-01
3.200000000000000000e+02 2.741630236851640978e-01
3.190000000000000000e+02 2.732967263001212510e-01
3.180000000000000000e+02 2.724276611020858274e-01
3.170000000000000000e+02 2.715560079374503832e-01
3.160000000000000000e+02 2.706819516099520095e-01
3.150000000000000000e+02 2.698056818875720353e-01
3.140000000000000000e+02 2.689273935061984311e-01
3.130000000000000000e+02 2.680472861697880127e-01
3.120000000000000000e+02 2.671655645468469231e-01
3.110000000000000000e+02 2.662824386905776608e-01
3.100000000000000000e+02 2.653981223168900838e-01
3.090000000000000000e+02 2.645128353590563419e-01
3.080000000000000000e+02 2.636268022340370054e-01
3.070000000000000000e+02 2.627402522489254988e-01
3.060000000000000000e+02 2.618534195739614101e-01
3.050000000000000000e+02 2.609665432113139061e-01
3.040000000000000000e+02 2.600798669597026436e-01
3.030000000000000000e+02 2.591936393744035394e-01
3.020000000000000000e+02 2.583081137229771285e-01
3.010000000000000000e+02 2.574235479362317336e-01
3.000000000000000000e+02 2.565402045546739673e-01
2.990000000000000000e+02 2.556583506701131103e-01
2.980000000000000000e+02 2.547782578625777949e-01
2.970000000000000000e+02 2.539002021320431179e-01
2.960000000000000000e+02 2.530244638255543799e-01
2.950000000000000000e+02 2.521513275588927461e-01
2.940000000000000000e+02 2.512810821333189004e-01
2.930000000000000000e+02 2.504140204469468278e-01
2.920000000000000000e+02 2.495504394008552229e-01
2.910000000000000000e+02 2.486906397997767082e-01
2.900000000000000000e+02 2.478349226628731583e-01
2.890000000000000000e+02 2.469836029084528928e-01
2.880000000000000000e+02 2.461369892792099889e-01
2.870000000000000000e+02 2.452953970786869164e-01
2.860000000000000000e+02 2.444591449317747023e-01
2.850000000000000000e+02 2.436285546509883160e-01
2.840000000000000000e+02 2.428039510967361647e-01
2.830000000000000000e+02 2.419856620313548257e-01
2.820000000000000000e+02 2.411740179671583717e-01
2.810000000000000000e+02 2.403693520080317780e-01
2.800000000000000000e+02 2.395719996848026112e-01
2.790000000000000000e+02 2.387822987839297306e-01
2.780000000000000000e+02 2.380005891699238096e-01
2.770000000000000000e+02 2.372272126009306314e-01
2.760000000000000000e+02 2.364625125377026182e-01
2.750000000000000000e+02 2.357068339455090089e-01
2.740000000000000000e+02 2.349605230894803443e-01
2.730000000000000000e+02 2.342239273226128515e-01
2.720000000000000000e+02 2.334973948668271071e-01
2.710000000000000000e+02 2.327812745868003963e-01
2.700000000000000000e+02 2.320759157563495045e-01
2.690000000000000000e+02 2.313816678175518171e-01
2.680000000000000000e+02 2.306988801323353044e-01
2.670000000000000000e+02 2.300279017261695202e-01
2.660000000000000000e+02 2.293690810245561096e-01
2.650000000000000000e+02 2.287227655810979421e-01
2.640000000000000000e+02 2.280893017980213933e-01
2.630000000000000000e+02 2.274690346385001005e-01
2.620000000000000000e+02 2.268623073308519145e-01
2.610000000000000000e+02 2.262694610643400661e-01
2.600000000000000000e+02 2.256908346769103957e-01
2.590000000000000000e+02 2.251267643340476299e-01
2.580000000000000000e+02 2.245775831992858351e-01
2.570000000000000000e+02 2.240436210958917373e-01
2.560000000000000000e+02 2.235252041599503081e-01
2.550000000000000000e+02 2.230226544841379943e-01
2.540000000000000000e+02 2.225362897527606298e-01
2.530000000000000000e+02 2.220664228675305329e-01
2.520000000000000000e+02 2.216133615642937593e-01
2.510000000000000000e+02 2.211774080199005454e-01
2.500000000000000000e+02 2.207588584503369922e-01
2.490000000000000000e+02 2.203580026985728635e-01
2.480000000000000000e+02 2.199751238133488274e-01
2.470000000000000000e+02 2.196104976179685253e-01
2.460000000000000000e+02 2.192643922690870051e-01
2.450000000000000000e+02 2.189370678059957553e-01
2.440000000000000000e+02 2.186287756894396972e-01
2.430000000000000000e+02 2.183397583308001599e-01
2.420000000000000000e+02 2.180702486107550520e-01
2.410000000000000000e+02 2.178204693880209097e-01
2.400000000000000000e+02 2.175906329975444975e-01
2.390000000000000000e+02 2.173809407385397796e-01
2.380000000000000000e+02 2.171915823521437805e-01
2.370000000000000000e+02 2.170227354886574145e-01
2.360000000000000000e+02 2.168745651641004191e-01
2.350000000000000000e+02 2.167472232067668148e-01
2.340000000000000000e+02 2.166408476927574878e-01
2.330000000000000000e+02 2.165555623715136602e-01
2.320000000000000000e+02 2.164914760804928506e-01
2.310000000000000000e+02 2.164486821496481861e-01
2.300000000000000000e+02 2.164272577952470744e-01
2.290000000000000000e+02 2.164272635034634462e-01
2.280000000000000000e+02 2.164487424035902996e-01
2.270000000000000000e+02 2.164917196308697722e-01
2.260000000000000000e+02 2.165562016792631217e-01
2.250000000000000000e+02 2.166421757441135409e-01
2.240000000000000000e+02 2.167496090545982801e-01
2.230000000000000000e+02 2.168784481966573863e-01
2.220000000000000000e+02 2.170286184259417051e-01
2.210000000000000000e+02 2.172000229712340857e-01
2.200000000000000000e+02 2.173925423286576786e-01
2.190000000000000000e+02 2.176060335464930218e-01
2.180000000000000000e+02 2.178403295012281693e-01
2.170000000000000000e+02 2.180952381646885929e-01
2.160000000000000000e+02 2.183705418630457196e-01
2.150000000000000000e+02 2.186659965272814699e-01
2.140000000000000000e+02 2.189813309362958482e-01
2.130000000000000000e+02 2.193162459522956798e-01
2.120000000000000000e+02 2.196704137491238273e-01
2.110000000000000000e+02 2.200434770340892188e-01
2.100000000000000000e+02 2.204350482634518382e-01
2.090000000000000000e+02 2.208447088527044910e-01
2.080000000000000000e+02 2.212720083810078286e-01
2.070000000000000000e+02 2.217164637917027892e-01
2.060000000000000000e+02 2.221775585890101712e-01
2.050000000000000000e+02 2.226547420310060754e-01
2.040000000000000000e+02 2.231474283208837450e-01
2.030000000000000000e+02 2.236549957966189328e-01
2.020000000000000000e+02 2.241767861191868993e-01
2.010000000000000000e+02 2.247121034624611491e-01
2.000000000000000000e+02 2.252602137036437413e-01
1.990000000000000000e+02 2.258203436166054678e-01
1.980000000000000000e+02 2.263916800692300502e-01
1.970000000000000000e+02 2.269733692259855440e-01
1.960000000000000000e+02 2.275645157571749844e-01
1.950000000000000000e+02 2.281641820571679857e-01
1.940000000000000000e+02 2.287713874719539964e-01
1.930000000000000000e+02 2.293851075397396744e-01
1.920000000000000000e+02 2.300042732454764538e-01
1.910000000000000000e+02 2.306277702918406725e-01
1.900000000000000000e+02 2.312544383892473632e-01
1.890000000000000000e+02 2.318830705677262238e-01
1.880000000000000000e+02 2.325124125133547492e-01
1.870000000000000000e+02 2.331411619321369089e-01
1.860000000000000000e+02 2.337679679449691239e-01
1.850000000000000000e+02 2.343914305181218349e-01
1.840000000000000000e+02 2.350100999311362515e-01
1.830000000000000000e+02 2.356224762886796609e-01
1.820000000000000000e+02 2.362270090795023647e-01
1.810000000000000000e+02 2.368220967870462434e-01
1.800000000000000000e+02 2.374060865594452840e-01
1.790000000000000000e+02 2.379772739405665027e-01
1.780000000000000000e+02 2.385339026722071432e-01
1.770000000000000000e+02 2.390741645708263641e-01
1.760000000000000000e+02 2.395961994867688571e-01
1.750000000000000000e+02 2.400980953545053809e-01
1.740000000000000000e+02 2.405778883383725142e-01
1.730000000000000000e+02 2.410335630864330891e-01
1.720000000000000000e+02 2.414630530962922905e-01
1.710000000000000000e+02 2.418642412064696545e-01
1.700000000000000000e+02 2.422349602193035190e-01
1.690000000000000000e+02 2.425729936681005894e-01
1.680000000000000000e+02 2.428760767374001373e-01
1.670000000000000000e+02 2.431418973481482282e-01
1.660000000000000000e+02 2.433680974191848589e-01
1.650000000000000000e+02 2.435522743166831927e-01
1.640000000000000000e+02 2.436919825033232456e-01
1.630000000000000000e+02 2.437847354015985069e-01
1.620000000000000000e+02 2.438280074818831578e-01
1.610000000000000000e+02 2.438192365895623381e-01
1.600000000000000000e+02 2.437558265254535228e-01
1.590000000000000000e+02 2.436351498904112400e-01
1.580000000000000000e+02 2.434545512117555766e-01
1.570000000000000000e+02 2.432113503593923420e-01
1.560000000000000000e+02 2.429028462711768643e-01
1.550000000000000000e+02 2.425263209949583554e-01
1.540000000000000000e+02 2.420790440636191865e-01
1.530000000000000000e+02 2.415582772135035361e-01
1.520000000000000000e+02 2.409612794578253059e-01
1.510000000000000000e+02 2.402853125242788157e-01
1.500000000000000000e+02 2.395276466701191098e-01
1.490000000000000000e+02 2.386855668758534055e-01
1.480000000000000000e+02 2.377563794309602851e-01
1.470000000000000000e+02 2.367374154106007267e-01
1.460000000000000000e+02 2.356260509642545964e-01
1.450000000000000000e+02 2.344196970279120995e-01
1.440000000000000000e+02 2.331158187821434913e-01
1.430000000000000000e+02 2.317119415412878247e-01
1.420000000000000000e+02 2.302056596883355066e-01
1.410000000000000000e+02 2.285946459799793606e-01
1.400000000000000000e+02 2.268766612098356839e-01
1.390000000000000000e+02 2.250495642085735271e-01
1.380000000000000000e+02 2.231113221606055852e-01
1.370000000000000000e+02 2.210600212116433094e-01
1.360000000000000000e+02 2.188938773346890132e-01
1.350000000000000000e+02 2.166112474222036677e-01
1.340000000000000000e+02 2.142106405601634234e-01
1.330000000000000000e+02 2.116907294459417499e-01
1.320000000000000000e+02 2.090503618949081099e-01
1.310000000000000000e+02 2.062885723856352493e-01
1.300000000000000000e+02 2.034045935847028641e-01
1.290000000000000000e+02 2.003978677865225211e-01
1.280000000000000000e+02 1.972680582031597629e-01
1.270000000000000000e+02 1.940150600302646411e-01
1.260000000000000000e+02 1.906390112188797725e-01
1.250000000000000000e+02 1.871403028675076019e-01
1.240000000000000000e+02 1.835195891611855756e-01
1.230000000000000000e+02 1.797777967695921575e-01
1.220000000000000000e+02 1.759161336209567605e-01
1.210000000000000000e+02 1.719360969667103334e-01
1.200000000000000000e+02 1.678394806518980487e-01
1.190000000000000000e+02 1.636283815052945734e-01
1.180000000000000000e+02 1.593052047692445905e-01
1.170000000000000000e+02 1.548726684890518179e-01
1.160000000000000000e+02 1.503338067847840576e-01
1.150000000000000000e+02 1.456919719404481395e-01
1.140000000000000000e+02 1.409508352387291719e-01
1.130000000000000000e+02 1.361143864953361926e-01
1.120000000000000000e+02 1.311869322361243206e-01
1.110000000000000000e+02 1.261730924852615676e-01
1.100000000000000000e+02 1.210777961362326932e-01
1.090000000000000000e+02 1.159062748921588643e-01
1.080000000000000000e+02 1.106640557726374652e-01
1.070000000000000000e+02 1.053569522037080264e-01
1.060000000000000000e+02 9.999105371759250960e-02
1.050000000000000000e+02 9.457271430793903755e-02
1.040000000000000000e+02 8.910853950298282256e-02
1.030000000000000000e+02 8.360537223508530957e-02
1.020000000000000000e+02 7.807027760665280480e-02
1.010000000000000000e+02 7.251052666805614388e-02
1.000000000000000000e+02 6.693357934054106062e-02
9.900000000000000000e+01 6.134706664382166830e-02
9.800000000000000000e+01 5.575877239693057680e-02
9.700000000000000000e+01 5.017661458873615837e-02
9.600000000000000000e+01 4.460862662457002609e-02
9.500000000000000000e+01 3.906293868271819986e-02
9.400000000000000000e+01 3.354775942385901377e-02
9.300000000000000000e+01 2.807135831552335856e-02
9.200000000000000000e+01 2.264204884905569523e-02
9.100000000000000000e+01 1.726817294646572354e-02
9.000000000000000000e+01 1.195808684581460730e-02
8.900000000000000000e+01 6.720148798553256947e-03
8.800000000000000000e+01 1.562708885445065468e-03
8.700000000000000000e+01 -3.505898714434164520e-03
8.600000000000000000e+01 -8.477360668882393674e-03
8.500000000000000000e+01 -1.334338632103906387e-02
8.400000000000000000e+01 -1.809570606918402269e-02
8.300000000000000000e+01 -2.272606597780005983e-02
8.200000000000000000e+01 -2.722621829271570926e-02
8.100000000000000000e+01 -3.158790757192552617e-02
8.000000000000000000e+01 -3.580285212677308121e-02
7.900000000000000000e+01 -3.986272052314767528e-02
7.800000000000000000e+01 -4.375910288150170607e-02
7.700000000000000000e+01 -4.748347676786737054e-02
7.600000000000000000e+01 -5.102716748333759045e-02
7.500000000000000000e+01 -5.438130260003010835e-02
7.400000000000000000e+01 -5.753676061192804919e-02
7.300000000000000000e+01 -6.048411363196268958e-02
7.200000000000000000e+01 -6.321356407136889677e-02
7.100000000000000000e+01 -6.571487529790377702e-02
7.000000000000000000e+01 -6.797729629166926468e-02
6.900000000000000000e+01 -6.998948034608579172e-02
6.800000000000000000e+01 -7.173939788897379377e-02
6.700000000000000000e+01 -7.321424351494600080e-02
6.600000000000000000e+01 -7.440033731549638985e-02
6.500000000000000000e+01 -7.528302059070846042e-02
6.400000000000000000e+01 -7.584654600300959337e-02
6.300000000000000000e+01 -7.607396216342685036e-02
6.200000000000000000e+01 -7.594699260163573218e-02
6.100000000000000000e+01 -7.544590893247266061e-02
6.000000000000000000e+01 -7.454939792352588412e-02
5.900000000000000000e+01 -7.323442197141752374e-02
5.800000000000000000e+01 -7.147607229962800457e-02
5.700000000000000000e+01 -6.924741389729587027e-02
5.600000000000000000e+01 -6.651932091287673932e-02
5.500000000000000000e+01 -6.326030083143580063e-02
5.400000000000000000e+01 -5.943630531064191674e-02
5.300000000000000000e+01 -5.501052502123462973e-02
5.200000000000000000e+01 -4.994316524678902441e-02
5.100000000000000000e+01 -4.419119827495401887e-02
5.000000000000000000e+01 -3.770808784604764985e-02
