4.000000000000000000e+02 3.264608116052186704e-01
3.990000000000000000e+02 3.260385530800445908e-01
3.980000000000000000e+02 3.256110359728074943e-01
3.970000000000000000e+02 3.251782107334614258e-01
3.960000000000000000e+02 3.247400283720581760e-01
3.950000000000000000e+02 3.242964405012654927e-01
3.940000000000000000e+02 3.238473993798179906e-01
3.930000000000000000e+02 3.233928579569569917e-01
3.920000000000000000e+02 3.229327699179426192e-01
3.910000000000000000e+02 3.224670897305045303e-01
3.900000000000000000e+02 3.219957726923142194e-01
3.890000000000000000e+02 3.215187749794293781e-01
3.880000000000000000e+02 3.210360536958546396e-01
3.870000000000000000e+02 3.205475669237672909e-01
3.860000000000000000e+02 3.200532737751612400e-01
3.850000000000000000e+02 3.195531262927674421e-01
3.840000000000000000e+02 3.190471011805237067e-01
3.830000000000000000e+02 3.185351536320649157e-01
3.820000000000000000e+02 3.180172474007300076e-01
3.810000000000000000e+02 3.174933475398736826e-01
3.800000000000000000e+02 3.169634204598786309e-01
3.790000000000000000e+02 3.164274339859236562e-01
3.780000000000000000e+02 3.158853574168088985e-01
3.770000000000000000e+02 3.153371615844918763e-01
3.760000000000000000e+02 3.147828189145124300e-01
3.750000000000000000e+02 3.142223034871420295e-01
3.740000000000000000e+02 3.136555910994371366e-01
3.730000000000000000e+02 3.130826593279971704e-01
3.720000000000000000e+02 3.125034875923573541e-01
3.710000000000000000e+02 3.119180572193018808e-01
3.700000000000000000e+02 3.113263515076165611e-01
3.690000000000000000e+02 3.107283557936438290e-01
3.680000000000000000e+02 3.101240575173730418e-01
3.670000000000000000e+02 3.095134462891002136e-01
3.660000000000000000e+02 3.088965139565945650e-01
3.650000000000000000e+02 3.082732546728970680e-01
3.640000000000000000e+02 3.076436649644055388e-01
3.630000000000000000e+02 3.070077437994530589e-01
3.620000000000000000e+02 3.063654926572119130e-01
3.610000000000000000e+02 3.057169155970033136e-01
3.600000000000000000e+02 3.050620193277682191e-01
3.590000000000000000e+02 3.044008132777992204e-01
3.580000000000000000e+02 3.037333096647799047e-01
3.570000000000000000e+02 3.030595235656174946e-01
3.560000000000000000e+02 3.023794729867027575e-01
3.550000000000000000e+02 3.016931789339449277e-01
3.540000000000000000e+02 3.010006654828107364e-01
3.530000000000000000e+02 3.003019598483092079e-01
3.520000000000000000e+02 2.995970924546810799e-01
3.510000000000000000e+02 2.988860970049475041e-01
3.500000000000000000e+02 2.981690105501212384e-01
3.490000000000000000e+02 2.974458735580225444e-01
3.480000000000000000e+02 2.967167299817237702e-01
3.470000000000000000e+02 2.959816273273320197e-01
3.460000000000000000e+02 2.952406167214106647e-01
3.450000000000000000e+02 2.944937529774708795e-01
3.440000000000000000e+02 2.937410946619957719e-01
3.430000000000000000e+02 2.929827041594281201e-01
3.420000000000000000e+02 2.922186477364551727e-01
3.410000000000000000e+02 2.914489956051662389e-01
3.400000000000000000e+02 2.906738219852769145e-01
3.390000000000000000e+02 2.898932051650962571e-01
3.380000000000000000e+02 2.891072275615220177e-01
3.370000000000000000e+02 2.883159757783262389e-01
3.360000000000000000e+02 2.875195406635505102e-01
3.350000000000000000e+02 2.867180173649600539e-01
3.340000000000000000e+02 2.859115053843107046e-01
3.330000000000000000e+02 2.851001086297255682e-01
3.320000000000000000e+02 2.842839354664412621e-01
3.310000000000000000e+02 2.834630987657005274e-01
3.300000000000000000e+02 2.826377159517401427e-01
3.290000000000000000e+02 2.818079090467022207e-01
3.280000000000000000e+02 2.809738047135810768e-01
3.270000000000000000e+02 2.801355342968719353e-01
3.260000000000000000e+02 2.792932338608506426e-01
3.250000000000000000e+02 2.784470442257461764e-01
3.240000000000000000e+02 2.775971110010583276e-01
3.230000000000000000e+02 2.767435846167666802e-01
3.220000000000000000e+02 2.758866203513862803e-01
3.210000000000000000e+02 2.750263783576521459e-01
3.200000000000000000e+02 2.741630236851642088e-01
3.190000000000000000e+02 2.732967263001212510e-01
3.180000000000000000e+02 2.724276611020856054e-01
3.170000000000000000e+02 2.715560079374503832e-01
3.160000000000000000e+02 2.706819516099520095e-01
3.150000000000000000e+02 2.698056818875721463e-01
3.140000000000000000e+02 2.689273935061984311e-01
3.130000000000000000e+02 2.680472861697879017e-01
3.120000000000000000e+02 2.671655645468470341e-01
3.110000000000000000e+02 2.662824386905778828e-01
3.100000000000000000e+02 2.653981223168901948e-01
3.090000000000000000e+02 2.645128353590563419e-01
3.080000000000000000e+02 2.636268022340370054e-01
3.070000000000000000e+02 2.627402522489259429e-01
3.060000000000000000e+02 2.618534195739615211e-01
3.050000000000000000e+02 2.609665432113142391e-01
3.040000000000000000e+02 2.600798669597025325e-01
3.030000000000000000e+02 2.591936393744033174e-01
3.020000000000000000e+02 2.583081137229773505e-01
3.010000000000000000e+02 2.574235479362315671e-01
3.000000000000000000e+02 2.565402045546738563e-01
2.990000000000000000e+02 2.556583506701128883e-01
2.980000000000000000e+02 2.547782578625777949e-01
2.970000000000000000e+02 2.539002021320428959e-01
2.960000000000000000e+02 2.530244638255541578e-01
2.950000000000000000e+02 2.521513275588926906e-01
2.940000000000000000e+02 2.512810821333189559e-01
2.930000000000000000e+02 2.504140204469467723e-01
2.920000000000000000e+02 2.495504394008553339e-01
2.910000000000000000e+02 2.486906397997764862e-01
2.900000000000000000e+02 2.478349226628729363e-01
2.890000000000000000e+02 2.469836029084529483e-01
2.880000000000000000e+02 2.461369892792097114e-01
2.870000000000000000e+02 2.452953970786870275e-01
2.860000000000000000e+02 2.444591449317750353e-01
2.850000000000000000e+02 2.436285546509882605e-01
2.840000000000000000e+02 2.428039510967360537e-01
2.830000000000000000e+02 2.419856620313546591e-01
2.820000000000000000e+02 2.411740179671585937e-01
2.810000000000000000e+02 2.403693520080317780e-01
2.800000000000000000e+02 2.395719996848028333e-01
2.790000000000000000e+02 2.387822987839298416e-01
2.780000000000000000e+02 2.380005891699235876e-01
2.770000000000000000e+02 2.372272126009305204e-01
2.760000000000000000e+02 2.364625125377031734e-01
2.750000000000000000e+02 2.357068339455092310e-01
2.740000000000000000e+02 2.349605230894797891e-01
2.730000000000000000e+02 2.342239273226127960e-01
2.720000000000000000e+02 2.334973948668272181e-01
2.710000000000000000e+02 2.327812745868010069e-01
2.700000000000000000e+02 2.320759157563493380e-01
2.690000000000000000e+02 2.313816678175519836e-01
2.680000000000000000e+02 2.306988801323353044e-01
2.670000000000000000e+02 2.300279017261693537e-01
2.660000000000000000e+02 2.293690810245564982e-01
2.650000000000000000e+02 2.287227655810976645e-01
2.640000000000000000e+02 2.280893017980213933e-01
2.630000000000000000e+02 2.274690346384996564e-01
2.620000000000000000e+02 2.268623073308518034e-01
2.610000000000000000e+02 2.262694610643398441e-01
2.600000000000000000e+02 2.256908346769104512e-01
2.590000000000000000e+02 2.251267643340478519e-01
2.580000000000000000e+02 2.245775831992860572e-01
2.570000000000000000e+02 2.240436210958917096e-01
2.560000000000000000e+02 2.235252041599498918e-01
2.550000000000000000e+02 2.230226544841383274e-01
2.540000000000000000e+02 2.225362897527608519e-01
2.530000000000000000e+02 2.220664228675313101e-01
2.520000000000000000e+02 2.216133615642939814e-01
2.510000000000000000e+02 2.211774080199006842e-01
2.500000000000000000e+02 2.207588584503368534e-01
2.490000000000000000e+02 2.203580026985732243e-01
2.480000000000000000e+02 2.199751238133491327e-01
2.470000000000000000e+02 2.196104976179683865e-01
2.460000000000000000e+02 2.192643922690869773e-01
2.450000000000000000e+02 2.189370678059955611e-01
2.440000000000000000e+02 2.186287756894399470e-01
2.430000000000000000e+02 2.183397583308008538e-01
2.420000000000000000e+02 2.180702486107556903e-01
2.410000000000000000e+02 2.178204693880211040e-01
2.400000000000000000e+02 2.175906329975444142e-01
2.390000000000000000e+02 2.173809407385396963e-01
2.380000000000000000e+02 2.171915823521438360e-01
2.370000000000000000e+02 2.170227354886578308e-01
2.360000000000000000e+02 2.168745651641002248e-01
2.350000000000000000e+02 2.167472232067671756e-01
2.340000000000000000e+02 2.166408476927572935e-01
2.330000000000000000e+02 2.165555623715136602e-01
2.320000000000000000e+02 2.164914760804927396e-01
2.310000000000000000e+02 2.164486821496484914e-01
2.300000000000000000e+02 2.164272577952466858e-01
2.290000000000000000e+02 2.164272635034633074e-01
2.280000000000000000e+02 2.164487424035908547e-01
2.270000000000000000e+02 2.164917196308693281e-01
2.260000000000000000e+02 2.165562016792630939e-01
2.250000000000000000e+02 2.166421757441133189e-01
2.240000000000000000e+02 2.167496090545986132e-01
2.230000000000000000e+02 2.168784481966571642e-01
2.220000000000000000e+02 2.170286184259418716e-01
2.210000000000000000e+02 2.172000229712347796e-01
2.200000000000000000e+02 2.173925423286577618e-01
2.190000000000000000e+02 2.176060335464930495e-01
2.180000000000000000e+02 2.178403295012277807e-01
2.170000000000000000e+02 2.180952381646881488e-01
2.160000000000000000e+02 2.183705418630456085e-01
2.150000000000000000e+02 2.186659965272814421e-01
2.140000000000000000e+02 2.189813309362959037e-01
2.130000000000000000e+02 2.193162459522955132e-01
2.120000000000000000e+02 2.196704137491237163e-01
2.110000000000000000e+02 2.200434770340884971e-01
2.100000000000000000e+02 2.204350482634514496e-01
2.090000000000000000e+02 2.208447088527046853e-01
2.080000000000000000e+02 2.212720083810082727e-01
2.070000000000000000e+02 2.217164637917027892e-01
2.060000000000000000e+02 2.221775585890101712e-01
2.050000000000000000e+02 2.226547420310057701e-01
2.040000000000000000e+02 2.231474283208839948e-01
2.030000000000000000e+02 2.236549957966190993e-01
2.020000000000000000e+02 2.241767861191867051e-01
2.010000000000000000e+02 2.247121034624615377e-01
2.000000000000000000e+02 2.252602137036439078e-01
1.990000000000000000e+02 2.258203436166049960e-01
1.980000000000000000e+02 2.263916800692304387e-01
1.970000000000000000e+02 2.269733692259855995e-01
1.960000000000000000e+02 2.275645157571750954e-01
1.950000000000000000e+02 2.281641820571684576e-01
1.940000000000000000e+02 2.287713874719534413e-01
1.930000000000000000e+02 2.293851075397393413e-01
1.920000000000000000e+02 2.300042732454765926e-01
1.910000000000000000e+02 2.306277702918412276e-01
1.900000000000000000e+02 2.312544383892475852e-01
1.890000000000000000e+02 2.318830705677260851e-01
1.880000000000000000e+02 2.325124125133548048e-01
1.870000000000000000e+02 2.331411619321371309e-01
1.860000000000000000e+02 2.337679679449696235e-01
1.850000000000000000e+02 2.343914305181217239e-01
1.840000000000000000e+02 2.350100999311363070e-01
1.830000000000000000e+02 2.356224762886794388e-01
1.820000000000000000e+02 2.362270090795021427e-01
1.810000000000000000e+02 2.368220967870463545e-01
1.800000000000000000e+02 2.374060865594453951e-01
1.790000000000000000e+02 2.379772739405662807e-01
1.780000000000000000e+02 2.385339026722066991e-01
1.770000000000000000e+02 2.390741645708264751e-01
1.760000000000000000e+02 2.395961994867688571e-01
1.750000000000000000e+02 2.400980953545056029e-01
1.740000000000000000e+02 2.405778883383724032e-01
1.730000000000000000e+02 2.410335630864332002e-01
1.720000000000000000e+02 2.414630530962922905e-01
1.710000000000000000e+02 2.418642412064697655e-01
1.700000000000000000e+02 2.422349602193036300e-01
1.690000000000000000e+02 2.425729936681008114e-01
1.680000000000000000e+02 2.428760767373996932e-01
1.670000000000000000e+02 2.431418973481482282e-01
1.660000000000000000e+02 2.433680974191847479e-01
1.650000000000000000e+02 2.435522743166829707e-01
1.640000000000000000e+02 2.436919825033231346e-01
1.630000000000000000e+02 2.437847354015988399e-01
1.620000000000000000e+02 2.438280074818827137e-01
1.610000000000000000e+02 2.438192365895625602e-01
1.600000000000000000e+02 2.437558265254536338e-01
1.590000000000000000e+02 2.436351498904116841e-01
1.580000000000000000e+02 2.434545512117556876e-01
1.570000000000000000e+02 2.432113503593924531e-01
1.560000000000000000e+02 2.429028462711768643e-01
1.550000000000000000e+02 2.425263209949582444e-01
1.540000000000000000e+02 2.420790440636190755e-01
1.530000000000000000e+02 2.415582772135035361e-01
1.520000000000000000e+02 2.409612794578257500e-01
1.510000000000000000e+02 2.402853125242791488e-01
1.500000000000000000e+02 2.395276466701192208e-01
1.490000000000000000e+02 2.386855668758534055e-01
1.480000000000000000e+02 2.377563794309605072e-01
1.470000000000000000e+02 2.367374154106007267e-01
1.460000000000000000e+02 2.356260509642543743e-01
1.450000000000000000e+02 2.344196970279112113e-01
1.440000000000000000e+02 2.331158187821436023e-01
1.430000000000000000e+02 2.317119415412876027e-01
1.420000000000000000e+02 2.302056596883358397e-01
1.410000000000000000e+02 2.285946459799795827e-01
1.400000000000000000e+02 2.268766612098347402e-01
1.390000000000000000e+02 2.250495642085731385e-01
1.380000000000000000e+02 2.231113221606059183e-01
1.370000000000000000e+02 2.210600212116430874e-01
1.360000000000000000e+02 2.188938773346891797e-01
1.350000000000000000e+02 2.166112474222037787e-01
1.340000000000000000e+02 2.142106405601634234e-01
1.330000000000000000e+02 2.116907294459419719e-01
1.320000000000000000e+02 2.090503618949093312e-01
1.310000000000000000e+02 2.062885723856352493e-01
1.300000000000000000e+02 2.034045935847026421e-01
1.290000000000000000e+02 2.003978677865218549e-01
1.280000000000000000e+02 1.972680582031594576e-01
1.270000000000000000e+02 1.940150600302639472e-01
1.260000000000000000e+02 1.906390112188801333e-01
1.250000000000000000e+02 1.871403028675075741e-01
1.240000000000000000e+02 1.835195891611855756e-01
1.230000000000000000e+02 1.797777967695922685e-01
1.220000000000000000e+02 1.759161336209565940e-01
1.210000000000000000e+02 1.719360969667098893e-01
1.200000000000000000e+02 1.678394806518981597e-01
1.190000000000000000e+02 1.636283815052945456e-01
1.180000000000000000e+02 1.593052047692449236e-01
1.170000000000000000e+02 1.548726684890514294e-01
1.160000000000000000e+02 1.503338067847839465e-01
1.150000000000000000e+02 1.456919719404479452e-01
1.140000000000000000e+02 1.409508352387293106e-01
1.130000000000000000e+02 1.361143864953361371e-01
1.120000000000000000e+02 1.311869322361237100e-01
1.110000000000000000e+02 1.261730924852621227e-01
1.100000000000000000e+02 1.210777961362324712e-01
1.090000000000000000e+02 1.159062748921590308e-01
1.080000000000000000e+02 1.106640557726373264e-01
1.070000000000000000e+02 1.053569522037076100e-01
1.060000000000000000e+02 9.999105371759270389e-02
1.050000000000000000e+02 9.457271430793871836e-02
1.040000000000000000e+02 8.910853950298323889e-02
1.030000000000000000e+02 8.360537223508583693e-02
1.020000000000000000e+02 7.807027760665304073e-02
1.010000000000000000e+02 7.251052666805593572e-02
1.000000000000000000e+02 6.693357934054086633e-02
9.900000000000000000e+01 6.134706664382102298e-02
9.800000000000000000e+01 5.575877239693056986e-02
9.700000000000000000e+01 5.017661458873576980e-02
9.600000000000000000e+01 4.460862662456968608e-02
9.500000000000000000e+01 3.906293868271807496e-02
9.400000000000000000e+01 3.354775942385923582e-02
9.300000000000000000e+01 2.807135831552290059e-02
9.200000000000000000e+01 2.264204884905537604e-02
9.100000000000000000e+01 1.726817294646585538e-02
9.000000000000000000e+01 1.195808684581490047e-02
8.900000000000000000e+01 6.720148798553455573e-03
8.800000000000000000e+01 1.562708885445246096e-03
8.700000000000000000e+01 -3.505898714434642436e-03
8.600000000000000000e+01 -8.477360668882032851e-03
8.500000000000000000e+01 -1.334338632103890254e-02
8.400000000000000000e+01 -1.809570606918381799e-02
8.300000000000000000e+01 -2.272606597779989676e-02
8.200000000000000000e+01 -2.722621829271565028e-02
8.100000000000000000e+01 -3.158790757192589393e-02
8.000000000000000000e+01 -3.580285212677340734e-02
7.900000000000000000e+01 -3.986272052314761283e-02
7.800000000000000000e+01 -4.375910288150233057e-02
7.700000000000000000e+01 -4.748347676786741911e-02
7.600000000000000000e+01 -5.102716748333740310e-02
7.500000000000000000e+01 -5.438130260003046224e-02
7.400000000000000000e+01 -5.753676061192807695e-02
7.300000000000000000e+01 -6.048411363196251611e-02
7.200000000000000000e+01 -6.321356407136874411e-02
7.100000000000000000e+01 -6.571487529790349946e-02
7.000000000000000000e+01 -6.797729629166887610e-02
6.900000000000000000e+01 -6.998948034608554192e-02
6.800000000000000000e+01 -7.173939788897357173e-02
6.700000000000000000e+01 -7.321424351494612570e-02
6.600000000000000000e+01 -7.440033731549627882e-02
6.500000000000000000e+01 -7.528302059070865471e-02
6.400000000000000000e+01 -7.584654600300951011e-02
6.300000000000000000e+01 -7.607396216342685036e-02
6.200000000000000000e+01 -7.594699260163570442e-02
6.100000000000000000e+01 -7.544590893247259122e-02
6.000000000000000000e+01 -7.454939792352567596e-02
5.900000000000000000e+01 -7.323442197141710741e-02
5.800000000000000000e+01 -7.147607229962807396e-02
5.700000000000000000e+01 -6.924741389729585639e-02
5.600000000000000000e+01 -6.651932091287711402e-02
5.500000000000000000e+01 -6.326030083143581451e-02
5.400000000000000000e+01 -5.943630531064230532e-02
5.300000000000000000e+01 -5.501052502123457422e-02
5.200000000000000000e+01 -4.994316524678912850e-02
5.100000000000000000e+01 -4.419119827495404662e-02
5.000000000000000000e+01 -3.770808784604760128e-02
