4.000000000000000000e+02 -7.472059553917919095e-01
3.990000000000000000e+02 -7.472671624494225950e-01
3.980000000000000000e+02 -7.473273157062514382e-01
3.970000000000000000e+02 -7.473863942961547213e-01
3.960000000000000000e+02 -7.474443771284204896e-01
3.950000000000000000e+02 -7.475012428854951319e-01
3.940000000000000000e+02 -7.475569700207476131e-01
3.930000000000000000e+02 -7.476115367559698077e-01
3.920000000000000000e+02 -7.476649210789708677e-01
3.910000000000000000e+02 -7.477171007409417758e-01
3.900000000000000000e+02 -7.477680532538539815e-01
3.890000000000000000e+02 -7.478177558875779285e-01
3.880000000000000000e+02 -7.478661856670478780e-01
3.870000000000000000e+02 -7.479133193692507620e-01
3.860000000000000000e+02 -7.479591335201781765e-01
3.850000000000000000e+02 -7.480036036541987121e-01
3.840000000000000000e+02 -7.480467071757042063e-01
3.830000000000000000e+02 -7.480884191753333079e-01
3.820000000000000000e+02 -7.481287151403792635e-01
3.810000000000000000e+02 -7.481675702897332414e-01
3.800000000000000000e+02 -7.482049595699074018e-01
3.790000000000000000e+02 -7.482408576511341280e-01
3.780000000000000000e+02 -7.482752389231888124e-01
3.770000000000000000e+02 -7.483080774911405886e-01
3.760000000000000000e+02 -7.483393471709485212e-01
3.750000000000000000e+02 -7.483690214849181288e-01
3.740000000000000000e+02 -7.483970736569518500e-01
3.730000000000000000e+02 -7.484234766077947354e-01
3.720000000000000000e+02 -7.484482029498854549e-01
3.710000000000000000e+02 -7.484712249823256558e-01
3.700000000000000000e+02 -7.484925146854636280e-01
3.690000000000000000e+02 -7.485120437154395567e-01
3.680000000000000000e+02 -7.485297833985314897e-01
3.670000000000000000e+02 -7.485457047253406548e-01
3.660000000000000000e+02 -7.485597783447939246e-01
3.650000000000000000e+02 -7.485719745579543227e-01
3.640000000000000000e+02 -7.485822633117309444e-01
3.630000000000000000e+02 -7.485906141923862611e-01
3.620000000000000000e+02 -7.485969964187119130e-01
3.610000000000000000e+02 -7.486013788353405030e-01
3.600000000000000000e+02 -7.486037299055686711e-01
3.590000000000000000e+02 -7.486040177041152210e-01
3.580000000000000000e+02 -7.486022099098371685e-01
3.570000000000000000e+02 -7.485982737979903767e-01
3.560000000000000000e+02 -7.485921762324245776e-01
3.550000000000000000e+02 -7.485838836576769184e-01
3.540000000000000000e+02 -7.485733620907681907e-01
3.530000000000000000e+02 -7.485605771128416297e-01
3.520000000000000000e+02 -7.485454938605679009e-01
3.510000000000000000e+02 -7.485280770174289611e-01
3.500000000000000000e+02 -7.485082908047910877e-01
3.490000000000000000e+02 -7.484860989726663805e-01
3.480000000000000000e+02 -7.484614647905175611e-01
3.470000000000000000e+02 -7.484343510376288977e-01
3.460000000000000000e+02 -7.484047199933840933e-01
3.450000000000000000e+02 -7.483725334273670926e-01
3.440000000000000000e+02 -7.483377525892596083e-01
3.430000000000000000e+02 -7.483003381984888458e-01
3.420000000000000000e+02 -7.482602504337186877e-01
3.410000000000000000e+02 -7.482174489221797842e-01
3.400000000000000000e+02 -7.481718927287440701e-01
3.390000000000000000e+02 -7.481235403448005528e-01
3.380000000000000000e+02 -7.480723496769876579e-01
3.370000000000000000e+02 -7.480182780357237382e-01
3.360000000000000000e+02 -7.479612821235026576e-01
3.350000000000000000e+02 -7.479013180229944213e-01
3.340000000000000000e+02 -7.478383411850418883e-01
3.330000000000000000e+02 -7.477723064163340760e-01
3.320000000000000000e+02 -7.477031678669938675e-01
3.310000000000000000e+02 -7.476308790179281294e-01
3.300000000000000000e+02 -7.475553926680024164e-01
3.290000000000000000e+02 -7.474766609209957391e-01
3.280000000000000000e+02 -7.473946351723825821e-01
3.270000000000000000e+02 -7.473092660960216627e-01
3.260000000000000000e+02 -7.472205036304082615e-01
3.250000000000000000e+02 -7.471282969650678840e-01
3.240000000000000000e+02 -7.470325945264797429e-01
3.230000000000000000e+02 -7.469333439639783689e-01
3.220000000000000000e+02 -7.468304921353831061e-01
3.210000000000000000e+02 -7.467239850925079248e-01
3.200000000000000000e+02 -7.466137680664420850e-01
3.190000000000000000e+02 -7.464997854526606025e-01
3.180000000000000000e+02 -7.463819807959087838e-01
3.170000000000000000e+02 -7.462602967749550897e-01
3.160000000000000000e+02 -7.461346751871644756e-01
3.150000000000000000e+02 -7.460050569327332237e-01
3.140000000000000000e+02 -7.458713819989750693e-01
3.130000000000000000e+02 -7.457335894442415070e-01
3.120000000000000000e+02 -7.455916173816395931e-01
3.110000000000000000e+02 -7.454454022901196852e-01
3.100000000000000000e+02 -7.452948816860935910e-01
3.090000000000000000e+02 -7.451399900770101503e-01
3.080000000000000000e+02 -7.449806616288371375e-01
3.070000000000000000e+02 -7.448168294781756238e-01
3.060000000000000000e+02 -7.446484257147667485e-01
3.050000000000000000e+02 -7.444753813638284035e-01
3.040000000000000000e+02 -7.442976263681365667e-01
3.030000000000000000e+02 -7.441150895699381040e-01
3.020000000000000000e+02 -7.439276986924956425e-01
3.010000000000000000e+02 -7.437353803215589476e-01
3.000000000000000000e+02 -7.435380598864628210e-01
2.990000000000000000e+02 -7.433356616409896311e-01
2.980000000000000000e+02 -7.431281086440861827e-01
2.970000000000000000e+02 -7.429153227401360526e-01
2.960000000000000000e+02 -7.426972245389680261e-01
2.950000000000000000e+02 -7.424737333958028040e-01
2.940000000000000000e+02 -7.422447673905988585e-01
2.930000000000000000e+02 -7.420102433072028880e-01
2.920000000000000000e+02 -7.417700766123000999e-01
2.910000000000000000e+02 -7.415241814337586446e-01
2.900000000000000000e+02 -7.412724701696707941e-01
2.890000000000000000e+02 -7.410148548867029339e-01
2.880000000000000000e+02 -7.407512452427924554e-01
2.870000000000000000e+02 -7.404815497874680519e-01
2.860000000000000000e+02 -7.402056756184287600e-01
2.850000000000000000e+02 -7.399235283574961963e-01
2.840000000000000000e+02 -7.396350121265441446e-01
2.830000000000000000e+02 -7.393400295226012497e-01
2.820000000000000000e+02 -7.390384815927253381e-01
2.810000000000000000e+02 -7.387302678082190432e-01
2.800000000000000000e+02 -7.384152860384589623e-01
2.790000000000000000e+02 -7.380934325240482430e-01
2.780000000000000000e+02 -7.377646018495670477e-01
2.770000000000000000e+02 -7.374286869155591839e-01
2.760000000000000000e+02 -7.370855789101874445e-01
2.750000000000000000e+02 -7.367351672798736484e-01
2.740000000000000000e+02 -7.363773396996942111e-01
2.730000000000000000e+02 -7.360119820428738802e-01
2.720000000000000000e+02 -7.356389783495870249e-01
2.710000000000000000e+02 -7.352582107951965984e-01
2.700000000000000000e+02 -7.348695596575564037e-01
2.690000000000000000e+02 -7.344729032836747606e-01
2.680000000000000000e+02 -7.340681180556409835e-01
2.670000000000000000e+02 -7.336550783554692812e-01
2.660000000000000000e+02 -7.332336565294638175e-01
2.650000000000000000e+02 -7.328037228514368007e-01
2.640000000000000000e+02 -7.323651454851548559e-01
2.630000000000000000e+02 -7.319177904458568085e-01
2.620000000000000000e+02 -7.314615215608299970e-01
2.610000000000000000e+02 -7.309962004290353477e-01
2.600000000000000000e+02 -7.305216863796820670e-01
2.590000000000000000e+02 -7.300378364298502065e-01
2.580000000000000000e+02 -7.295445052410385323e-01
2.570000000000000000e+02 -7.290415450747068649e-01
2.560000000000000000e+02 -7.285288057465830747e-01
2.550000000000000000e+02 -7.280061345801697170e-01
2.540000000000000000e+02 -7.274733763586678226e-01
2.530000000000000000e+02 -7.269303732761969172e-01
2.520000000000000000e+02 -7.263769648876312601e-01
2.510000000000000000e+02 -7.258129880571151382e-01
2.500000000000000000e+02 -7.252382769056814338e-01
2.490000000000000000e+02 -7.246526627574653157e-01
2.480000000000000000e+02 -7.240559740846006509e-01
2.470000000000000000e+02 -7.234480364510256223e-01
2.460000000000000000e+02 -7.228286724549065623e-01
2.450000000000000000e+02 -7.221977016698685192e-01
2.440000000000000000e+02 -7.215549405848238340e-01
2.430000000000000000e+02 -7.209002025425556015e-01
2.420000000000000000e+02 -7.202332976769881823e-01
2.410000000000000000e+02 -7.195540328490899196e-01
2.400000000000000000e+02 -7.188622115816152292e-01
2.390000000000000000e+02 -7.181576339922164376e-01
2.380000000000000000e+02 -7.174400967254364048e-01
2.370000000000000000e+02 -7.167093928834658012e-01
2.360000000000000000e+02 -7.159653119552509271e-01
2.350000000000000000e+02 -7.152076397444792066e-01
2.340000000000000000e+02 -7.144361582962985846e-01
2.330000000000000000e+02 -7.136506458225488903e-01
2.320000000000000000e+02 -7.128508766257424245e-01
2.310000000000000000e+02 -7.120366210217508041e-01
2.300000000000000000e+02 -7.112076452612843269e-01
2.290000000000000000e+02 -7.103637114498725369e-01
2.280000000000000000e+02 -7.095045774667546601e-01
2.270000000000000000e+02 -7.086299968824835149e-01
2.260000000000000000e+02 -7.077397188751931578e-01
2.250000000000000000e+02 -7.068334881458319119e-01
2.240000000000000000e+02 -7.059110448319266817e-01
2.230000000000000000e+02 -7.049721244203751569e-01
2.220000000000000000e+02 -7.040164576589147405e-01
2.210000000000000000e+02 -7.030437704666687715e-01
2.200000000000000000e+02 -7.020537838431522015e-01
2.190000000000000000e+02 -7.010462137766682034e-01
2.180000000000000000e+02 -7.000207711510930686e-01
2.170000000000000000e+02 -6.989771616520211728e-01
2.160000000000000000e+02 -6.979150856715399254e-01
2.150000000000000000e+02 -6.968342382120537026e-01
2.140000000000000000e+02 -6.957343087891606492e-01
2.130000000000000000e+02 -6.946149813334013823e-01
2.120000000000000000e+02 -6.934759340908757119e-01
2.110000000000000000e+02 -6.923168395231571459e-01
2.100000000000000000e+02 -6.911373642059555067e-01
2.090000000000000000e+02 -6.899371687267771280e-01
2.080000000000000000e+02 -6.887159075817573806e-01
2.070000000000000000e+02 -6.874732290712071148e-01
2.060000000000000000e+02 -6.862087751942188563e-01
2.050000000000000000e+02 -6.849221815423985893e-01
2.040000000000000000e+02 -6.836130771922097615e-01
2.030000000000000000e+02 -6.822810845964573101e-01
2.020000000000000000e+02 -6.809258194742782155e-01
2.010000000000000000e+02 -6.795468907003547887e-01
2.000000000000000000e+02 -6.781439001922245913e-01
1.990000000000000000e+02 -6.767164427972250929e-01
1.980000000000000000e+02 -6.752641061768875907e-01
1.970000000000000000e+02 -6.737864706906567802e-01
1.960000000000000000e+02 -6.722831092774694817e-01
1.950000000000000000e+02 -6.707535873361861745e-01
1.940000000000000000e+02 -6.691974626036515383e-01
1.930000000000000000e+02 -6.676142850308414145e-01
1.920000000000000000e+02 -6.660035966571240529e-01
1.910000000000000000e+02 -6.643649314824091601e-01
1.900000000000000000e+02 -6.626978153360406631e-01
1.890000000000000000e+02 -6.610017657438679306e-01
1.880000000000000000e+02 -6.592762917921769494e-01
1.870000000000000000e+02 -6.575208939881319603e-01
1.860000000000000000e+02 -6.557350641176463713e-01
1.850000000000000000e+02 -6.539182850991810403e-01
1.840000000000000000e+02 -6.520700308335706241e-01
1.830000000000000000e+02 -6.501897660505214782e-01
1.820000000000000000e+02 -6.482769461497456254e-01
1.810000000000000000e+02 -6.463310170376490582e-01
1.800000000000000000e+02 -6.443514149598698060e-01
1.790000000000000000e+02 -6.423375663267767433e-01
1.780000000000000000e+02 -6.402888875349334041e-01
1.770000000000000000e+02 -6.382047847811379571e-01
1.760000000000000000e+02 -6.360846538705842157e-01
1.750000000000000000e+02 -6.339278800186326501e-01
1.740000000000000000e+02 -6.317338376439854963e-01
1.730000000000000000e+02 -6.295018901558556701e-01
1.720000000000000000e+02 -6.272313897315433540e-01
1.710000000000000000e+02 -6.249216770870241744e-01
1.700000000000000000e+02 -6.225720812369837098e-01
1.690000000000000000e+02 -6.201819192475883646e-01
1.680000000000000000e+02 -6.177504959772086579e-01
1.670000000000000000e+02 -6.152771038095973255e-01
1.660000000000000000e+02 -6.127610223737597339e-01
1.650000000000000000e+02 -6.102015182561604245e-01
1.640000000000000000e+02 -6.075978446979262149e-01
1.630000000000000000e+02 -6.049492412842084610e-01
1.620000000000000000e+02 -6.022549336182738688e-01
1.610000000000000000e+02 -5.995141329854938306e-01
1.600000000000000000e+02 -5.967260360039051692e-01
1.590000000000000000e+02 -5.938898242609055300e-01
1.580000000000000000e+02 -5.910046639394513912e-01
1.570000000000000000e+02 -5.880697054272363555e-01
1.560000000000000000e+02 -5.850840829151735534e-01
1.550000000000000000e+02 -5.820469139816378812e-01
1.540000000000000000e+02 -5.789572991600571150e-01
1.530000000000000000e+02 -5.758143214974071888e-01
1.520000000000000000e+02 -5.726170460945482210e-01
1.510000000000000000e+02 -5.693645196332188796e-01
1.500000000000000000e+02 -5.660557698915152924e-01
1.490000000000000000e+02 -5.626898052429072372e-01
1.480000000000000000e+02 -5.592656141404799275e-01
1.470000000000000000e+02 -5.557821641529321344e-01
1.460000000000000000e+02 -5.522384030395768306e-01
1.450000000000000000e+02 -5.486332559331759118e-01
1.440000000000000000e+02 -5.449656261864089801e-01
1.430000000000000000e+02 -5.412343944581938793e-01
1.420000000000000000e+02 -5.374384181171961705e-01
1.410000000000000000e+02 -5.335765306368631666e-01
1.400000000000000000e+02 -5.296475409762830822e-01
1.390000000000000000e+02 -5.256502329490492231e-01
1.380000000000000000e+02 -5.215833645812953945e-01
1.370000000000000000e+02 -5.174456674553626900e-01
1.360000000000000000e+02 -5.132358460461684535e-01
1.350000000000000000e+02 -5.089525770431910789e-01
1.340000000000000000e+02 -5.045945086606969943e-01
1.330000000000000000e+02 -5.001602599378097702e-01
1.320000000000000000e+02 -4.956484200248987282e-01
1.310000000000000000e+02 -4.910575474575313848e-01
1.300000000000000000e+02 -4.863861694207774478e-01
1.290000000000000000e+02 -4.816327809925535774e-01
1.280000000000000000e+02 -4.767958443780451749e-01
1.270000000000000000e+02 -4.718737881213346252e-01
1.260000000000000000e+02 -4.668650063058109589e-01
1.250000000000000000e+02 -4.617678577242635973e-01
1.240000000000000000e+02 -4.565806650346385109e-01
1.230000000000000000e+02 -4.513017138817434493e-01
1.220000000000000000e+02 -4.459292519929589083e-01
1.210000000000000000e+02 -4.404614882377850260e-01
1.200000000000000000e+02 -4.348965916457220304e-01
1.190000000000000000e+02 -4.292326903837208607e-01
1.180000000000000000e+02 -4.234678706750610311e-01
1.170000000000000000e+02 -4.176001756670064680e-01
1.160000000000000000e+02 -4.116276042225757714e-01
1.150000000000000000e+02 -4.055481096448169120e-01
1.140000000000000000e+02 -3.993595983066381971e-01
1.130000000000000000e+02 -3.930599281882874996e-01
1.120000000000000000e+02 -3.866469072998483525e-01
1.110000000000000000e+02 -3.801182919865200849e-01
1.100000000000000000e+02 -3.734717850850257093e-01
1.090000000000000000e+02 -3.667050339356166533e-01
1.080000000000000000e+02 -3.598156282098731173e-01
1.070000000000000000e+02 -3.528010975598975252e-01
1.060000000000000000e+02 -3.456589090384526997e-01
1.050000000000000000e+02 -3.383864643031583297e-01
1.040000000000000000e+02 -3.309810965462171573e-01
1.030000000000000000e+02 -3.234400671523954829e-01
1.020000000000000000e+02 -3.157605620465864793e-01
1.010000000000000000e+02 -3.079396876976100983e-01
1.000000000000000000e+02 -2.999744667703155843e-01
9.900000000000000000e+01 -2.918618333666775366e-01
9.800000000000000000e+01 -2.835986278550505779e-01
9.700000000000000000e+01 -2.751815912246476370e-01
9.600000000000000000e+01 -2.666073589635737373e-01
9.500000000000000000e+01 -2.578724543920438705e-01
9.400000000000000000e+01 -2.489732814441614761e-01
9.300000000000000000e+01 -2.399061168489552420e-01
9.200000000000000000e+01 -2.306671016569946386e-01
9.100000000000000000e+01 -2.212522321171893902e-01
9.000000000000000000e+01 -2.116573498111060381e-01
8.900000000000000000e+01 -2.018781310453278133e-01
8.800000000000000000e+01 -1.919100754475045190e-01
8.700000000000000000e+01 -1.817484936949478047e-01
8.600000000000000000e+01 -1.713884943850669806e-01
8.500000000000000000e+01 -1.608249699316993131e-01
8.400000000000000000e+01 -1.500525815015778253e-01
8.300000000000000000e+01 -1.390657428786370997e-01
8.200000000000000000e+01 -1.278586032109183535e-01
8.100000000000000000e+01 -1.164250285918461136e-01
8.000000000000000000e+01 -1.047585823675881711e-01
7.900000000000000000e+01 -9.285250408180642512e-02
7.800000000000000000e+01 -8.069968697000048929e-02
7.700000000000000000e+01 -6.829265389137240128e-02
7.600000000000000000e+01 -5.562353151901189285e-02
7.500000000000000000e+01 -4.268402268165197300e-02
7.400000000000000000e+01 -2.946537663493697251e-02
7.300000000000000000e+01 -1.595835707585479754e-02
7.200000000000000000e+01 -2.153207607425434902e-03
7.100000000000000000e+01 1.196038555114247587e-02
7.000000000000000000e+01 2.639333404723953266e-02
6.900000000000000000e+01 4.115719136545781254e-02
6.800000000000000000e+01 5.626420071026407704e-02
6.700000000000000000e+01 7.172734745638938147e-02
6.600000000000000000e+01 8.756041646685504276e-02
6.500000000000000000e+01 1.037780551508092619e-01
6.400000000000000000e+01 1.203958429408952951e-01
6.300000000000000000e+01 1.374303678485510050e-01
6.200000000000000000e+01 1.548993112697354124e-01
6.100000000000000000e+01 1.728215418177692364e-01
6.000000000000000000e+01 1.912172196099981292e-01
5.900000000000000000e+01 2.101079119940353623e-01
5.800000000000000000e+01 2.295167224365374514e-01
5.700000000000000000e+01 2.494684340337244288e-01
5.600000000000000000e+01 2.699896695502599364e-01
5.500000000000000000e+01 2.911090699581175278e-01
5.400000000000000000e+01 3.128574938343876011e-01
5.300000000000000000e+01 3.352682402530922645e-01
5.200000000000000000e+01 3.583772981970160809e-01
5.100000000000000000e+01 3.822236256329503146e-01
5.000000000000000000e+01 4.068494626395006142e-01
