4.000000000000000000e+02 3.319441244162775195e-01
3.990000000000000000e+02 3.316375041038553961e-01
3.980000000000000000e+02 3.313276681008234803e-01
3.970000000000000000e+02 3.310145939377919788e-01
3.960000000000000000e+02 3.306982598865451095e-01
3.950000000000000000e+02 3.303786450008877607e-01
3.940000000000000000e+02 3.300557291584078623e-01
3.930000000000000000e+02 3.297294931032095366e-01
3.920000000000000000e+02 3.293999184896830856e-01
3.910000000000000000e+02 3.290669879271738707e-01
3.900000000000000000e+02 3.287306850258248092e-01
3.890000000000000000e+02 3.283909944429134753e-01
3.880000000000000000e+02 3.280479019309096023e-01
3.870000000000000000e+02 3.277013943857241540e-01
3.860000000000000000e+02 3.273514598967041112e-01
3.850000000000000000e+02 3.269980801311075380e-01
3.840000000000000000e+02 3.266412601751388922e-01
3.830000000000000000e+02 3.262809851159646501e-01
3.820000000000000000e+02 3.259172483203934823e-01
3.810000000000000000e+02 3.255500446096797340e-01
3.800000000000000000e+02 3.251793703146362291e-01
3.790000000000000000e+02 3.248052233316856552e-01
3.780000000000000000e+02 3.244276031798708493e-01
3.770000000000000000e+02 3.240465110585710740e-01
3.760000000000000000e+02 3.236619499062124428e-01
3.750000000000000000e+02 3.232739244597587214e-01
3.740000000000000000e+02 3.228824413149916084e-01
3.730000000000000000e+02 3.224875089876468870e-01
3.720000000000000000e+02 3.220891379752494621e-01
3.710000000000000000e+02 3.216873408197563622e-01
3.700000000000000000e+02 3.212821321708168587e-01
3.690000000000000000e+02 3.208735288499372507e-01
3.680000000000000000e+02 3.204615499149641167e-01
3.670000000000000000e+02 3.200462167255553325e-01
3.660000000000000000e+02 3.196275530090046391e-01
3.650000000000000000e+02 3.192055849267761980e-01
3.640000000000000000e+02 3.187803411414450450e-01
3.630000000000000000e+02 3.183518528842078088e-01
3.620000000000000000e+02 3.179201540228411282e-01
3.610000000000000000e+02 3.174852811300066802e-01
3.600000000000000000e+02 3.170472735520336038e-01
3.590000000000000000e+02 3.166061734778614079e-01
3.580000000000000000e+02 3.161620260084722633e-01
3.570000000000000000e+02 3.157148792262697845e-01
3.560000000000000000e+02 3.152647842650403986e-01
3.550000000000000000e+02 3.148117953795263047e-01
3.540000000000000000e+02 3.143559700155397763e-01
3.530000000000000000e+02 3.138973688798445960e-01
3.520000000000000000e+02 3.134360560100605819e-01
3.510000000000000000e+02 3.129720988444587015e-01
3.500000000000000000e+02 3.125055682916486610e-01
3.490000000000000000e+02 3.120365388000347351e-01
3.480000000000000000e+02 3.115650884268926779e-01
3.470000000000000000e+02 3.110912989072733836e-01
3.460000000000000000e+02 3.106152557224092781e-01
3.450000000000000000e+02 3.101370481676636870e-01
3.440000000000000000e+02 3.096567694197924214e-01
3.430000000000000000e+02 3.091745166038721293e-01
3.420000000000000000e+02 3.086903908594200163e-01
3.410000000000000000e+02 3.082044974054725661e-01
3.400000000000000000e+02 3.077169456053573948e-01
3.390000000000000000e+02 3.072278490301989518e-01
3.380000000000000000e+02 3.067373255214139172e-01
3.370000000000000000e+02 3.062454972523518948e-01
3.360000000000000000e+02 3.057524907886554622e-01
3.350000000000000000e+02 3.052584371474200697e-01
3.340000000000000000e+02 3.047634718551123223e-01
3.330000000000000000e+02 3.042677350039010298e-01
3.320000000000000000e+02 3.037713713068282417e-01
3.310000000000000000e+02 3.032745301511502456e-01
3.300000000000000000e+02 3.027773656501756561e-01
3.290000000000000000e+02 3.022800366933374172e-01
3.280000000000000000e+02 3.017827069945170915e-01
3.270000000000000000e+02 3.012855451383494310e-01
3.260000000000000000e+02 3.007887246246589985e-01
3.250000000000000000e+02 3.002924239107505611e-01
3.240000000000000000e+02 2.997968264515495918e-01
3.230000000000000000e+02 2.993021207375682891e-01
3.220000000000000000e+02 2.988085003304336018e-01
3.210000000000000000e+02 2.983161638959746509e-01
3.200000000000000000e+02 2.978253152349824573e-01
3.190000000000000000e+02 2.973361633110212510e-01
3.180000000000000000e+02 2.968489222759617130e-01
3.170000000000000000e+02 2.963638114922833577e-01
3.160000000000000000e+02 2.958810555529047259e-01
3.150000000000000000e+02 2.954008842978126936e-01
3.140000000000000000e+02 2.949235328276146872e-01
3.130000000000000000e+02 2.944492415140397279e-01
3.120000000000000000e+02 2.939782560072434769e-01
3.110000000000000000e+02 2.935108277952249156e-01
3.100000000000000000e+02 2.930472119819938492e-01
3.090000000000000000e+02 2.925876706180789433e-01
3.080000000000000000e+02 2.921324704715708154e-01
3.070000000000000000e+02 2.916818835733598347e-01
3.060000000000000000e+02 2.912361872030849175e-01
3.050000000000000000e+02 2.907956638711659547e-01
3.040000000000000000e+02 2.903606012969370820e-01
3.030000000000000000e+02 2.899312923826444788e-01
3.020000000000000000e+02 2.895080351834600219e-01
3.010000000000000000e+02 2.890911328730397800e-01
3.000000000000000000e+02 2.886808937050310275e-01
2.990000000000000000e+02 2.882776309700491035e-01
2.980000000000000000e+02 2.878816629480839273e-01
2.970000000000000000e+02 2.874933128565211882e-01
2.960000000000000000e+02 2.871129087933718127e-01
2.950000000000000000e+02 2.867407836756908357e-01
2.940000000000000000e+02 2.863772751733336119e-01
2.930000000000000000e+02 2.860227256376491889e-01
2.920000000000000000e+02 2.856774820251142821e-01
2.910000000000000000e+02 2.853418958159517071e-01
2.900000000000000000e+02 2.850163195598767185e-01
2.890000000000000000e+02 2.847011197449696440e-01
2.880000000000000000e+02 2.843966579487524626e-01
2.870000000000000000e+02 2.841033028160271923e-01
2.860000000000000000e+02 2.838214270266421480e-01
2.850000000000000000e+02 2.835514071814506654e-01
2.840000000000000000e+02 2.832936236821858578e-01
2.830000000000000000e+02 2.830484606054604613e-01
2.820000000000000000e+02 2.828163055709521090e-01
2.810000000000000000e+02 2.825975496032842593e-01
2.800000000000000000e+02 2.823925869879039263e-01
2.790000000000000000e+02 2.822018151204645497e-01
2.780000000000000000e+02 2.820256343499492058e-01
2.770000000000000000e+02 2.818644478152696475e-01
2.760000000000000000e+02 2.817186612751702568e-01
2.750000000000000000e+02 2.815886829314303563e-01
2.740000000000000000e+02 2.814749232452151140e-01
2.730000000000000000e+02 2.813777947465341822e-01
2.720000000000000000e+02 2.812977118365409535e-01
2.710000000000000000e+02 2.812350905826426217e-01
2.700000000000000000e+02 2.811903485063991237e-01
2.690000000000000000e+02 2.811639043638363700e-01
2.680000000000000000e+02 2.811561779183548437e-01
2.670000000000000000e+02 2.811675897058400486e-01
2.660000000000000000e+02 2.811985607920126640e-01
2.650000000000000000e+02 2.812495125219487968e-01
2.640000000000000000e+02 2.813208662612884936e-01
2.630000000000000000e+02 2.814130431295697732e-01
2.620000000000000000e+02 2.815264637249756396e-01
2.610000000000000000e+02 2.816615478407409889e-01
2.600000000000000000e+02 2.818187141730595924e-01
2.590000000000000000e+02 2.819983800200581148e-01
2.580000000000000000e+02 2.822009609721842227e-01
2.570000000000000000e+02 2.824268705932740930e-01
2.560000000000000000e+02 2.826765200930299593e-01
2.550000000000000000e+02 2.829503179894193310e-01
2.540000000000000000e+02 2.832486697626390160e-01
2.530000000000000000e+02 2.835719774988366138e-01
2.520000000000000000e+02 2.839206395245513215e-01
2.510000000000000000e+02 2.842950500312591000e-01
2.500000000000000000e+02 2.846955986899721847e-01
2.490000000000000000e+02 2.851226702558712911e-01
2.480000000000000000e+02 2.855766441628090346e-01
2.470000000000000000e+02 2.860578941074797821e-01
2.460000000000000000e+02 2.865667876232074751e-01
2.450000000000000000e+02 2.871036856432010453e-01
2.440000000000000000e+02 2.876689420532573260e-01
2.430000000000000000e+02 2.882629032337232777e-01
2.420000000000000000e+02 2.888859075906304863e-01
2.410000000000000000e+02 2.895382850759794513e-01
2.400000000000000000e+02 2.902203566968032389e-01
2.390000000000000000e+02 2.909324340135448494e-01
2.380000000000000000e+02 2.916748186269004783e-01
2.370000000000000000e+02 2.924478016537348513e-01
2.360000000000000000e+02 2.932516631915241256e-01
2.350000000000000000e+02 2.940866717716463241e-01
2.340000000000000000e+02 2.949530838010460121e-01
2.330000000000000000e+02 2.958511429931071079e-01
2.320000000000000000e+02 2.967810797862854844e-01
2.310000000000000000e+02 2.977431107521902320e-01
2.300000000000000000e+02 2.987374379915856970e-01
2.290000000000000000e+02 2.997642485195474715e-01
2.280000000000000000e+02 3.008237136389413369e-01
2.270000000000000000e+02 3.019159883028493807e-01
2.260000000000000000e+02 3.030412104656266536e-01
2.250000000000000000e+02 3.041995004230101385e-01
2.240000000000000000e+02 3.053909601409963703e-01
2.230000000000000000e+02 3.066156725741104316e-01
2.220000000000000000e+02 3.078737009727339213e-01
2.210000000000000000e+02 3.091650881797769479e-01
2.200000000000000000e+02 3.104898559173420169e-01
2.190000000000000000e+02 3.118480040626998018e-01
2.180000000000000000e+02 3.132395099149370421e-01
2.170000000000000000e+02 3.146643274513568622e-01
2.160000000000000000e+02 3.161223865750392159e-01
2.150000000000000000e+02 3.176135923530358229e-01
2.140000000000000000e+02 3.191378242461493375e-01
2.130000000000000000e+02 3.206949353305174610e-01
2.120000000000000000e+02 3.222847515112250427e-01
2.110000000000000000e+02 3.239070707287568518e-01
2.100000000000000000e+02 3.255616621588778847e-01
2.090000000000000000e+02 3.272482654061643625e-01
2.080000000000000000e+02 3.289665896921172283e-01
2.070000000000000000e+02 3.307163130386576722e-01
2.060000000000000000e+02 3.324970814475863290e-01
2.050000000000000000e+02 3.343085080766625139e-01
2.040000000000000000e+02 3.361501724139707159e-01
2.030000000000000000e+02 3.380216194507298932e-01
2.020000000000000000e+02 3.399223588538806684e-01
2.010000000000000000e+02 3.418518641403794911e-01
2.000000000000000000e+02 3.438095718532501732e-01
1.990000000000000000e+02 3.457948807415410220e-01
1.980000000000000000e+02 3.478071509461098665e-01
1.970000000000000000e+02 3.498457031917195925e-01
1.960000000000000000e+02 3.519098179881968713e-01
1.950000000000000000e+02 3.539987348426097413e-01
1.940000000000000000e+02 3.561116514837638358e-01
1.930000000000000000e+02 3.582477231019566277e-01
1.920000000000000000e+02 3.604060616070968170e-01
1.910000000000000000e+02 3.625857349053671075e-01
1.900000000000000000e+02 3.647857662013072599e-01
1.890000000000000000e+02 3.670051333240906266e-01
1.880000000000000000e+02 3.692427680845281057e-01
1.870000000000000000e+02 3.714975556656058275e-01
1.860000000000000000e+02 3.737683340489128536e-01
1.850000000000000000e+02 3.760538934837779901e-01
1.840000000000000000e+02 3.783529760012545040e-01
1.830000000000000000e+02 3.806642749790548064e-01
1.820000000000000000e+02 3.829864347627157661e-01
1.810000000000000000e+02 3.853180503473005447e-01
1.800000000000000000e+02 3.876576671269773011e-01
1.790000000000000000e+02 3.900037807176375826e-01
1.780000000000000000e+02 3.923548368601356140e-01
1.770000000000000000e+02 3.947092314108127664e-01
1.760000000000000000e+02 3.970653104264804667e-01
1.750000000000000000e+02 3.994213703528808890e-01
1.740000000000000000e+02 4.017756583241979818e-01
1.730000000000000000e+02 4.041263725832526799e-01
1.720000000000000000e+02 4.064716630305439948e-01
1.710000000000000000e+02 4.088096319141338308e-01
1.700000000000000000e+02 4.111383346684413520e-01
1.690000000000000000e+02 4.134557809144782659e-01
1.680000000000000000e+02 4.157599356320305639e-01
1.670000000000000000e+02 4.180487205146722895e-01
1.660000000000000000e+02 4.203200155228658530e-01
1.650000000000000000e+02 4.225716606427206701e-01
1.640000000000000000e+02 4.248014578686959974e-01
1.630000000000000000e+02 4.270071734186793311e-01
1.620000000000000000e+02 4.291865401989248263e-01
1.610000000000000000e+02 4.313372605290160533e-01
1.600000000000000000e+02 4.334570091434962191e-01
1.590000000000000000e+02 4.355434364817432624e-01
1.580000000000000000e+02 4.375941722823618041e-01
1.570000000000000000e+02 4.396068294920444375e-01
1.560000000000000000e+02 4.415790085071065740e-01
1.550000000000000000e+02 4.435083017554278806e-01
1.540000000000000000e+02 4.453922986367385151e-01
1.530000000000000000e+02 4.472285908266643850e-01
1.520000000000000000e+02 4.490147779621260771e-01
1.510000000000000000e+02 4.507484737117831708e-01
1.500000000000000000e+02 4.524273122448728146e-01
1.490000000000000000e+02 4.540489551016506087e-01
1.480000000000000000e+02 4.556110984746497006e-01
1.470000000000000000e+02 4.571114776779098832e-01
1.460000000000000000e+02 4.585478871377686727e-01
1.450000000000000000e+02 4.599181722886691581e-01
1.440000000000000000e+02 4.612202488932543587e-01
1.430000000000000000e+02 4.624521099138278468e-01
1.420000000000000000e+02 4.636118352285968913e-01
1.410000000000000000e+02 4.646976017231829736e-01
1.400000000000000000e+02 4.657076937432175767e-01
1.390000000000000000e+02 4.666405138866218660e-01
1.380000000000000000e+02 4.674945941078821332e-01
1.370000000000000000e+02 4.682686071082360346e-01
1.360000000000000000e+02 4.689613779729595588e-01
1.350000000000000000e+02 4.695718960210411574e-01
1.340000000000000000e+02 4.700993268200793218e-01
1.330000000000000000e+02 4.705430243203563845e-01
1.320000000000000000e+02 4.709025430523642308e-01
1.310000000000000000e+02 4.711776503281959738e-01
1.300000000000000000e+02 4.713683383887463108e-01
1.290000000000000000e+02 4.714748364214626508e-01
1.280000000000000000e+02 4.714976223810095068e-01
1.270000000000000000e+02 4.714374345359539920e-01
1.260000000000000000e+02 4.712952826594468125e-01
1.250000000000000000e+02 4.710724587816015330e-01
1.240000000000000000e+02 4.707705474167118154e-01
1.230000000000000000e+02 4.703914351784379555e-01
1.220000000000000000e+02 4.699373196893561477e-01
1.210000000000000000e+02 4.694107177028323807e-01
1.200000000000000000e+02 4.688144723376050371e-01
1.190000000000000000e+02 4.681517593445393977e-01
1.180000000000000000e+02 4.674260923142335988e-01
1.170000000000000000e+02 4.666413267460181036e-01
1.160000000000000000e+02 4.658016629016473731e-01
1.150000000000000000e+02 4.649116473691888296e-01
1.140000000000000000e+02 4.639761732695535934e-01
1.130000000000000000e+02 4.630004790598915010e-01
1.120000000000000000e+02 4.619901458768009839e-01
1.110000000000000000e+02 4.609510933891615148e-01
1.100000000000000000e+02 4.598895741356463507e-01
1.090000000000000000e+02 4.588121663415877238e-01
1.080000000000000000e+02 4.577257652156185852e-01
1.070000000000000000e+02 4.566375727493603986e-01
1.060000000000000000e+02 4.555550860608015840e-01
1.050000000000000000e+02 4.544860843333086708e-01
1.040000000000000000e+02 4.534386144310139644e-01
1.030000000000000000e+02 4.524209752739097312e-01
1.020000000000000000e+02 4.514417011004684954e-01
1.010000000000000000e+02 4.505095437439592954e-01
1.000000000000000000e+02 4.496334540671935720e-01
9.900000000000000000e+01 4.488225627536253093e-01
9.800000000000000000e+01 4.480861606220136184e-01
9.700000000000000000e+01 4.474336786925672826e-01
9.600000000000000000e+01 4.468746682313768925e-01
9.500000000000000000e+01 4.464187810204905404e-01
9.400000000000000000e+01 4.460757501113518098e-01
9.300000000000000000e+01 4.458553713527853568e-01
9.200000000000000000e+01 4.457674859616114760e-01
9.100000000000000000e+01 4.458219644564219708e-01
9.000000000000000000e+01 4.460286922420427236e-01
8.900000000000000000e+01 4.463975571686320531e-01
8.800000000000000000e+01 4.469384393679377565e-01
8.700000000000000000e+01 4.476612036846426834e-01
8.600000000000000000e+01 4.485756949991668296e-01
8.500000000000000000e+01 4.496917367561264478e-01
8.400000000000000000e+01 4.510191329622221246e-01
8.300000000000000000e+01 4.525676739405529725e-01
8.200000000000000000e+01 4.543471460908981574e-01
8.100000000000000000e+01 4.563673458792386617e-01
8.000000000000000000e+01 4.586380982663026962e-01
7.900000000000000000e+01 4.611692797597287674e-01
7.800000000000000000e+01 4.639708462283080315e-01
7.700000000000000000e+01 4.670528656026233794e-01
7.600000000000000000e+01 4.704255555438541792e-01
7.500000000000000000e+01 4.740993261458703034e-01
7.400000000000000000e+01 4.780848276803877361e-01
7.300000000000000000e+01 4.823930033948917728e-01
7.200000000000000000e+01 4.870351473322311886e-01
7.100000000000000000e+01 4.920229671163722784e-01
7.000000000000000000e+01 4.973686516585272277e-01
6.900000000000000000e+01 5.030849437239724997e-01
6.800000000000000000e+01 5.091852172733970505e-01
6.700000000000000000e+01 5.156835595926710925e-01
6.600000000000000000e+01 5.225948581664739967e-01
6.500000000000000000e+01 5.299348923561533198e-01
6.400000000000000000e+01 5.377204300268757509e-01
6.300000000000000000e+01 5.459693292819987054e-01
6.200000000000000000e+01 5.547006456825436249e-01
6.100000000000000000e+01 5.639347453739118610e-01
6.000000000000000000e+01 5.736934247879444948e-01
5.900000000000000000e+01 5.840000377123477637e-01
5.800000000000000000e+01 5.948796308342526595e-01
5.700000000000000000e+01 6.063590890438479430e-01
5.600000000000000000e+01 6.184672921874714291e-01
5.500000000000000000e+01 6.312352851968864309e-01
5.400000000000000000e+01 6.446964640436418925e-01
5.300000000000000000e+01 6.588867802873670243e-01
5.200000000000000000e+01 6.738449676176807568e-01
5.100000000000000000e+01 6.896127942470522409e-01
5.000000000000000000e+01 7.062353458010265372e-01
