4.000000000000000000e+02 1.851764741706203754e+00
3.990000000000000000e+02 1.851450719235024023e+00
3.980000000000000000e+02 1.851135783138838420e+00
3.970000000000000000e+02 1.850819949488082816e+00
3.960000000000000000e+02 1.850503235132869850e+00
3.950000000000000000e+02 1.850185657721019172e+00
3.940000000000000000e+02 1.849867235715810798e+00
3.930000000000000000e+02 1.849547988413670740e+00
3.920000000000000000e+02 1.849227935961692104e+00
3.910000000000000000e+02 1.848907099375079355e+00
3.900000000000000000e+02 1.848585500554254857e+00
3.890000000000000000e+02 1.848263162301798879e+00
3.880000000000000000e+02 1.847940108339054754e+00
3.870000000000000000e+02 1.847616363322356792e+00
3.860000000000000000e+02 1.847291952859026143e+00
3.850000000000000000e+02 1.846966904132965048e+00
3.840000000000000000e+02 1.846641243563271306e+00
3.830000000000000000e+02 1.846315000238049731e+00
3.820000000000000000e+02 1.845988203719573839e+00
3.810000000000000000e+02 1.845660884593306461e+00
3.800000000000000000e+02 1.845333074480595359e+00
3.790000000000000000e+02 1.845004806050488444e+00
3.780000000000000000e+02 1.844676113030847331e+00
3.770000000000000000e+02 1.844347030218599137e+00
3.760000000000000000e+02 1.844017593488917583e+00
3.750000000000000000e+02 1.843687839803704209e+00
3.740000000000000000e+02 1.843357807218649835e+00
3.730000000000000000e+02 1.843027534889545072e+00
3.720000000000000000e+02 1.842697063077115782e+00
3.710000000000000000e+02 1.842366433150754546e+00
3.700000000000000000e+02 1.842035687590781956e+00
3.690000000000000000e+02 1.841704869989517768e+00
3.680000000000000000e+02 1.841374025050539931e+00
3.670000000000000000e+02 1.841043198586690632e+00
3.660000000000000000e+02 1.840712437516119904e+00
3.650000000000000000e+02 1.840381789857018502e+00
3.640000000000000000e+02 1.840051304719974912e+00
3.630000000000000000e+02 1.839721032298963665e+00
3.620000000000000000e+02 1.839391023859976659e+00
3.610000000000000000e+02 1.839061331727789073e+00
3.600000000000000000e+02 1.838732009270477974e+00
3.590000000000000000e+02 1.838403110881683400e+00
3.580000000000000000e+02 1.838074691960604801e+00
3.570000000000000000e+02 1.837746808889382688e+00
3.560000000000000000e+02 1.837419519008309798e+00
3.550000000000000000e+02 1.837092880588029775e+00
3.540000000000000000e+02 1.836766952799292918e+00
3.530000000000000000e+02 1.836441795679858657e+00
3.520000000000000000e+02 1.836117470098516780e+00
3.510000000000000000e+02 1.835794037716119043e+00
3.500000000000000000e+02 1.835471560943636504e+00
3.490000000000000000e+02 1.835150102896892621e+00
3.480000000000000000e+02 1.834829727348349149e+00
3.470000000000000000e+02 1.834510498675264945e+00
3.460000000000000000e+02 1.834192481804813646e+00
3.450000000000000000e+02 1.833875742155291144e+00
3.440000000000000000e+02 1.833560345574254402e+00
3.430000000000000000e+02 1.833246358272613730e+00
3.420000000000000000e+02 1.832933846755374407e+00
3.410000000000000000e+02 1.832622877748308676e+00
3.400000000000000000e+02 1.832313518121037266e+00
3.390000000000000000e+02 1.832005834806127664e+00
3.380000000000000000e+02 1.831699894714224230e+00
3.370000000000000000e+02 1.831395764645203039e+00
3.360000000000000000e+02 1.831093511195401646e+00
3.350000000000000000e+02 1.830793200660548514e+00
3.340000000000000000e+02 1.830494898934815762e+00
3.330000000000000000e+02 1.830198671405574240e+00
3.320000000000000000e+02 1.829904582844015470e+00
3.310000000000000000e+02 1.829612697291796763e+00
3.300000000000000000e+02 1.829323077943219689e+00
3.290000000000000000e+02 1.829035787023431059e+00
3.280000000000000000e+02 1.828750885662463466e+00
3.270000000000000000e+02 1.828468433765209733e+00
3.260000000000000000e+02 1.828188489877011769e+00
3.250000000000000000e+02 1.827911111045681825e+00
3.240000000000000000e+02 1.827636352679026244e+00
3.230000000000000000e+02 1.827364268398938396e+00
3.220000000000000000e+02 1.827094909891268326e+00
3.210000000000000000e+02 1.826828326752119036e+00
3.200000000000000000e+02 1.826564566330547645e+00
3.190000000000000000e+02 1.826303673567581276e+00
3.180000000000000000e+02 1.826045690832093893e+00
3.170000000000000000e+02 1.825790657753125323e+00
3.160000000000000000e+02 1.825538611049588589e+00
3.150000000000000000e+02 1.825289584356563521e+00
3.140000000000000000e+02 1.825043608049445876e+00
3.130000000000000000e+02 1.824800709065139692e+00
3.120000000000000000e+02 1.824560910721485074e+00
3.110000000000000000e+02 1.824324233017814434e+00
3.100000000000000000e+02 1.824090690517880420e+00
3.090000000000000000e+02 1.823860295061364933e+00
3.080000000000000000e+02 1.823633053646460667e+00
3.070000000000000000e+02 1.823408968724535173e+00
3.060000000000000000e+02 1.823188038012123036e+00
3.050000000000000000e+02 1.822970254302744841e+00
3.040000000000000000e+02 1.822755605279326341e+00
3.030000000000000000e+02 1.822544073327277747e+00
3.020000000000000000e+02 1.822335635348905525e+00
3.010000000000000000e+02 1.822130262579553017e+00
3.000000000000000000e+02 1.821927920405953527e+00
2.990000000000000000e+02 1.821728568187374497e+00
2.980000000000000000e+02 1.821532159079972013e+00
2.970000000000000000e+02 1.821338639865036191e+00
2.960000000000000000e+02 1.821147950781857316e+00
2.950000000000000000e+02 1.820960025365286672e+00
2.940000000000000000e+02 1.820774790289444445e+00
2.930000000000000000e+02 1.820592165217379321e+00
2.920000000000000000e+02 1.820412062658150587e+00
2.910000000000000000e+02 1.820234387831454193e+00
2.900000000000000000e+02 1.820059039838820558e+00
2.890000000000000000e+02 1.819885906566514500e+00
2.880000000000000000e+02 1.819714871762132091e+00
2.870000000000000000e+02 1.819545810321420598e+00
2.860000000000000000e+02 1.819378589317898864e+00
2.850000000000000000e+02 1.819213067930448346e+00
2.840000000000000000e+02 1.819049097384209945e+00
2.830000000000000000e+02 1.818886520905705018e+00
2.820000000000000000e+02 1.818725173693079178e+00
2.810000000000000000e+02 1.818564882902295565e+00
2.800000000000000000e+02 1.818405467650284102e+00
2.790000000000000000e+02 1.818246739035874304e+00
2.780000000000000000e+02 1.818088500179363631e+00
2.770000000000000000e+02 1.817930546281880888e+00
2.760000000000000000e+02 1.817772664705387342e+00
2.750000000000000000e+02 1.817614635073639295e+00
2.740000000000000000e+02 1.817456229396164025e+00
2.730000000000000000e+02 1.817297212215040147e+00
2.720000000000000000e+02 1.817137340776108001e+00
2.710000000000000000e+02 1.816976365224956425e+00
2.700000000000000000e+02 1.816814028828820371e+00
2.690000000000000000e+02 1.816650068225083681e+00
2.680000000000000000e+02 1.816484213697195926e+00
2.670000000000000000e+02 1.816316189478530463e+00
2.660000000000000000e+02 1.816145714085256158e+00
2.650000000000000000e+02 1.815972500678318724e+00
2.640000000000000000e+02 1.815796257455679852e+00
2.630000000000000000e+02 1.815616688074581431e+00
2.620000000000000000e+02 1.815433492105095636e+00
2.610000000000000000e+02 1.815246365514501692e+00
2.600000000000000000e+02 1.815055001183364602e+00
2.590000000000000000e+02 1.814859089452905305e+00
2.580000000000000000e+02 1.814658318704243767e+00
2.570000000000000000e+02 1.814452375968994335e+00
2.560000000000000000e+02 1.814240947571259532e+00
2.550000000000000000e+02 1.814023719800642365e+00
2.540000000000000000e+02 1.813800379615829295e+00
2.530000000000000000e+02 1.813570615377833706e+00
2.520000000000000000e+02 1.813334117612833030e+00
2.510000000000000000e+02 1.813090579802673075e+00
2.500000000000000000e+02 1.812839699202803079e+00
2.490000000000000000e+02 1.812581177685815392e+00
2.480000000000000000e+02 1.812314722609134510e+00
2.470000000000000000e+02 1.812040047705515411e+00
2.460000000000000000e+02 1.811756873993754846e+00
2.450000000000000000e+02 1.811464930708309939e+00
2.440000000000000000e+02 1.811163956244699946e+00
2.430000000000000000e+02 1.810853699118617932e+00
2.420000000000000000e+02 1.810533918935734787e+00
2.410000000000000000e+02 1.810204387369007684e+00
2.400000000000000000e+02 1.809864889140464728e+00
2.390000000000000000e+02 1.809515223003614892e+00
2.380000000000000000e+02 1.809155202722879663e+00
2.370000000000000000e+02 1.808784658045847760e+00
2.360000000000000000e+02 1.808403435664040604e+00
2.350000000000000000e+02 1.808011400157857329e+00
2.340000000000000000e+02 1.807608434920304319e+00
2.330000000000000000e+02 1.807194443055375022e+00
2.320000000000000000e+02 1.806769348244778195e+00
2.310000000000000000e+02 1.806333095578368075e+00
2.300000000000000000e+02 1.805885652341964631e+00
2.290000000000000000e+02 1.805427008757061635e+00
2.280000000000000000e+02 1.804957178665948847e+00
2.270000000000000000e+02 1.804476200156423848e+00
2.260000000000000000e+02 1.803984136119217485e+00
2.250000000000000000e+02 1.803481074732019351e+00
2.240000000000000000e+02 1.802967129863083384e+00
2.230000000000000000e+02 1.802442441388273586e+00
2.220000000000000000e+02 1.801907175413894668e+00
2.210000000000000000e+02 1.801361524399789138e+00
2.200000000000000000e+02 1.800805707174771841e+00
2.190000000000000000e+02 1.800239968838712956e+00
2.180000000000000000e+02 1.799664580544099168e+00
2.170000000000000000e+02 1.799079839150849791e+00
2.160000000000000000e+02 1.798486066748619105e+00
2.150000000000000000e+02 1.797883610039601843e+00
2.140000000000000000e+02 1.797272839577693571e+00
2.130000000000000000e+02 1.796654148857162347e+00
2.120000000000000000e+02 1.796027953246619679e+00
2.110000000000000000e+02 1.795394688764252233e+00
2.100000000000000000e+02 1.794754810689332292e+00
2.090000000000000000e+02 1.794108792007282904e+00
2.080000000000000000e+02 1.793457121685735567e+00
2.070000000000000000e+02 1.792800302778489785e+00
2.060000000000000000e+02 1.792138850357237523e+00
2.050000000000000000e+02 1.791473289269518654e+00
2.040000000000000000e+02 1.790804151723735860e+00
2.030000000000000000e+02 1.790131974702132034e+00
2.020000000000000000e+02 1.789457297204624986e+00
2.010000000000000000e+02 1.788780657325423018e+00
2.000000000000000000e+02 1.788102589167938739e+00
1.990000000000000000e+02 1.787423619602996006e+00
1.980000000000000000e+02 1.786744264876694910e+00
1.970000000000000000e+02 1.786065027076172651e+00
1.960000000000000000e+02 1.785386390462454953e+00
1.950000000000000000e+02 1.784708817680099369e+00
1.940000000000000000e+02 1.784032745856731106e+00
1.930000000000000000e+02 1.783358582604386289e+00
1.920000000000000000e+02 1.782686701938003271e+00
1.910000000000000000e+02 1.782017440127011465e+00
1.900000000000000000e+02 1.781351091497794137e+00
1.890000000000000000e+02 1.780687904205126904e+00
1.880000000000000000e+02 1.780028075994227077e+00
1.870000000000000000e+02 1.779371749975186434e+00
1.860000000000000000e+02 1.778719010432654457e+00
1.850000000000000000e+02 1.778069878696348249e+00
1.840000000000000000e+02 1.777424309099025157e+00
1.830000000000000000e+02 1.776782185049624596e+00
1.820000000000000000e+02 1.776143315250763521e+00
1.810000000000000000e+02 1.775507430092759131e+00
1.800000000000000000e+02 1.774874178254135959e+00
1.790000000000000000e+02 1.774243123544482881e+00
1.780000000000000000e+02 1.773613742023277373e+00
1.770000000000000000e+02 1.772985419431424514e+00
1.760000000000000000e+02 1.772357448972090355e+00
1.750000000000000000e+02 1.771729029479797379e+00
1.740000000000000000e+02 1.771099264017887975e+00
1.730000000000000000e+02 1.770467158942309771e+00
1.720000000000000000e+02 1.769831623475876414e+00
1.710000000000000000e+02 1.769191469832440466e+00
1.700000000000000000e+02 1.768545413935231236e+00
1.690000000000000000e+02 1.767892076770134713e+00
1.680000000000000000e+02 1.767229986419228238e+00
1.670000000000000000e+02 1.766557580815716566e+00
1.660000000000000000e+02 1.765873211265150511e+00
1.650000000000000000e+02 1.765175146773453108e+00
1.640000000000000000e+02 1.764461579226908716e+00
1.630000000000000000e+02 1.763730629461555566e+00
1.620000000000000000e+02 1.762980354266428629e+00
1.610000000000000000e+02 1.762208754356306750e+00
1.600000000000000000e+02 1.761413783352274054e+00
1.590000000000000000e+02 1.760593357806125248e+00
1.580000000000000000e+02 1.759745368298903268e+00
1.570000000000000000e+02 1.758867691646337494e+00
1.560000000000000000e+02 1.757958204234848942e+00
1.550000000000000000e+02 1.757014796512891275e+00
1.540000000000000000e+02 1.756035388656239649e+00
1.530000000000000000e+02 1.755017947419617252e+00
1.520000000000000000e+02 1.753960504184826963e+00
1.510000000000000000e+02 1.752861174209247919e+00
1.500000000000000000e+02 1.751718177069250260e+00
1.490000000000000000e+02 1.750529858290544860e+00
1.480000000000000000e+02 1.749294712148962372e+00
1.470000000000000000e+02 1.748011404968891513e+00
1.460000000000000000e+02 1.746678802558119692e+00
1.450000000000000000e+02 1.745295993009666313e+00
1.440000000000000000e+02 1.743862315921443473e+00
1.430000000000000000e+02 1.742377390008090554e+00
1.420000000000000000e+02 1.740841142089389892e+00
1.410000000000000000e+02 1.739253836885971793e+00
1.400000000000000000e+02 1.737616107529853959e+00
1.390000000000000000e+02 1.735928986691722686e+00
1.380000000000000000e+02 1.734193938211929131e+00
1.370000000000000000e+02 1.732412889115391152e+00
1.360000000000000000e+02 1.730588261878357015e+00
1.350000000000000000e+02 1.728723006809046669e+00
1.340000000000000000e+02 1.726820634394733878e+00
1.330000000000000000e+02 1.724885247458519455e+00
1.320000000000000000e+02 1.722921572968101556e+00
1.310000000000000000e+02 1.720934993323026685e+00
1.300000000000000000e+02 1.718931576960431640e+00
1.290000000000000000e+02 1.716918108100284446e+00
1.280000000000000000e+02 1.714902115462747068e+00
1.270000000000000000e+02 1.712891899787834848e+00
1.260000000000000000e+02 1.710896559991954335e+00
1.250000000000000000e+02 1.708926017807822495e+00
1.240000000000000000e+02 1.706991040757955602e+00
1.230000000000000000e+02 1.705103263327105712e+00
1.220000000000000000e+02 1.703275206217410132e+00
1.210000000000000000e+02 1.701520293583366428e+00
1.200000000000000000e+02 1.699852868171795706e+00
1.190000000000000000e+02 1.698288204309239324e+00
1.180000000000000000e+02 1.696842518716836556e+00
1.170000000000000000e+02 1.695532979150284003e+00
1.160000000000000000e+02 1.694377710917281954e+00
1.150000000000000000e+02 1.693395801335028761e+00
1.140000000000000000e+02 1.692607302258626323e+00
1.130000000000000000e+02 1.692033230827802770e+00
1.120000000000000000e+02 1.691695568647686221e+00
1.110000000000000000e+02 1.691617259643091176e+00
1.100000000000000000e+02 1.691822206897227288e+00
1.090000000000000000e+02 1.692335268818003113e+00
1.080000000000000000e+02 1.693182255039046957e+00
1.070000000000000000e+02 1.694389922508230839e+00
1.060000000000000000e+02 1.695985972271829567e+00
1.050000000000000000e+02 1.697999047513536697e+00
1.040000000000000000e+02 1.700458733477708595e+00
1.030000000000000000e+02 1.703395559916948576e+00
1.020000000000000000e+02 1.706841006812062300e+00
1.010000000000000000e+02 1.710827514115085268e+00
1.000000000000000000e+02 1.715388496333245749e+00
9.900000000000000000e+01 1.720558362826217547e+00
9.800000000000000000e+01 1.726372544708505874e+00
9.700000000000000000e+01 1.732867529288599551e+00
9.600000000000000000e+01 1.740080903048152550e+00
9.500000000000000000e+01 1.748051404121502284e+00
9.400000000000000000e+01 1.756818985312000425e+00
9.300000000000000000e+01 1.766424888687884609e+00
9.200000000000000000e+01 1.776911732758083229e+00
9.100000000000000000e+01 1.788323613272873258e+00
9.000000000000000000e+01 1.800706218666907388e+00
8.900000000000000000e+01 1.814106961071791702e+00
8.800000000000000000e+01 1.828575123882425046e+00
8.700000000000000000e+01 1.844162026700661983e+00
