4.000000000000000000e+02 9.026342656411011356e-02
3.990000000000000000e+02 9.026261251262283902e-02
3.980000000000000000e+02 9.026177764895204625e-02
3.970000000000000000e+02 9.026092202669799835e-02
3.960000000000000000e+02 9.026004575180052170e-02
3.950000000000000000e+02 9.025914898691517196e-02
3.940000000000000000e+02 9.025823195588331127e-02
3.930000000000000000e+02 9.025729494849421553e-02
3.920000000000000000e+02 9.025633832554103009e-02
3.910000000000000000e+02 9.025536252407034832e-02
3.900000000000000000e+02 9.025436806293513081e-02
3.890000000000000000e+02 9.025335554863668508e-02
3.880000000000000000e+02 9.025232568149224588e-02
3.870000000000000000e+02 9.025127926191986449e-02
3.860000000000000000e+02 9.025021719733830605e-02
3.850000000000000000e+02 9.024914017034293967e-02
3.840000000000000000e+02 9.024804995474525193e-02
3.830000000000000000e+02 9.024694752386508423e-02
3.820000000000000000e+02 9.024583428599389223e-02
3.810000000000000000e+02 9.024471179484139238e-02
3.800000000000000000e+02 9.024358175849114816e-02
3.790000000000000000e+02 9.024244604851491824e-02
3.780000000000000000e+02 9.024130670958099842e-02
3.770000000000000000e+02 9.024016596945934332e-02
3.760000000000000000e+02 9.023902624937699124e-02
3.750000000000000000e+02 9.023789017483624386e-02
3.740000000000000000e+02 9.023676058692203794e-02
3.730000000000000000e+02 9.023564055394267536e-02
3.720000000000000000e+02 9.023453338359220532e-02
3.710000000000000000e+02 9.023344263558355505e-02
3.700000000000000000e+02 9.023237213471146934e-02
3.690000000000000000e+02 9.023132598443900365e-02
3.680000000000000000e+02 9.023030858094027717e-02
3.670000000000000000e+02 9.022932462763258443e-02
3.660000000000000000e+02 9.022837915025308519e-02
3.650000000000000000e+02 9.022747751241907976e-02
3.640000000000000000e+02 9.022662543173784466e-02
3.630000000000000000e+02 9.022582899637424103e-02
3.620000000000000000e+02 9.022509468223172124e-02
3.610000000000000000e+02 9.022442937060945467e-02
3.600000000000000000e+02 9.022384036641431515e-02
3.590000000000000000e+02 9.022333541692587056e-02
3.580000000000000000e+02 9.022292273112997307e-02
3.570000000000000000e+02 9.022261099947545548e-02
3.560000000000000000e+02 9.022240941439425843e-02
3.550000000000000000e+02 9.022232769117438655e-02
3.540000000000000000e+02 9.022237608945835041e-02
3.530000000000000000e+02 9.022256543518719640e-02
3.520000000000000000e+02 9.022290714345226892e-02
3.510000000000000000e+02 9.022341324118232642e-02
3.500000000000000000e+02 9.022409639110456903e-02
3.490000000000000000e+02 9.022496991578674019e-02
3.480000000000000000e+02 9.022604782225077114e-02
3.470000000000000000e+02 9.022734482712035931e-02
3.460000000000000000e+02 9.022887638236462560e-02
3.450000000000000000e+02 9.023065870124798160e-02
3.440000000000000000e+02 9.023270878501735148e-02
3.430000000000000000e+02 9.023504444979403571e-02
3.420000000000000000e+02 9.023768435409272592e-02
3.410000000000000000e+02 9.024064802646716843e-02
3.400000000000000000e+02 9.024395589380698746e-02
3.390000000000000000e+02 9.024762930975145647e-02
3.380000000000000000e+02 9.025169058355818341e-02
3.370000000000000000e+02 9.025616300909991563e-02
3.360000000000000000e+02 9.026107089431993635e-02
3.350000000000000000e+02 9.026643959062835565e-02
3.340000000000000000e+02 9.027229552271182067e-02
3.330000000000000000e+02 9.027866621828857518e-02
3.320000000000000000e+02 9.028558033804473526e-02
3.310000000000000000e+02 9.029306770554400285e-02
3.300000000000000000e+02 9.030115933713783738e-02
3.290000000000000000e+02 9.030988747179452547e-02
3.280000000000000000e+02 9.031928560084094559e-02
3.270000000000000000e+02 9.032938849741657672e-02
3.260000000000000000e+02 9.034023224570086885e-02
3.250000000000000000e+02 9.035185426993966318e-02
3.240000000000000000e+02 9.036429336280893398e-02
3.230000000000000000e+02 9.037758971364380500e-02
3.220000000000000000e+02 9.039178493583738261e-02
3.210000000000000000e+02 9.040692209371190002e-02
3.200000000000000000e+02 9.042304572874174107e-02
3.190000000000000000e+02 9.044020188487222889e-02
3.180000000000000000e+02 9.045843813301676639e-02
3.170000000000000000e+02 9.047780359444107523e-02
3.160000000000000000e+02 9.049834896331498957e-02
3.150000000000000000e+02 9.052012652774843460e-02
3.140000000000000000e+02 9.054319018976045297e-02
3.130000000000000000e+02 9.056759548369749946e-02
3.120000000000000000e+02 9.059339959327471214e-02
3.110000000000000000e+02 9.062066193303788819e-02
3.100000000000000000e+02 9.064944189702217603e-02
3.090000000000000000e+02 9.067980226779401298e-02
3.080000000000000000e+02 9.071180696113465003e-02
3.070000000000000000e+02 9.074552159977468391e-02
3.060000000000000000e+02 9.078101351856304735e-02
3.050000000000000000e+02 9.081835176721628211e-02
3.040000000000000000e+02 9.085760711055747285e-02
3.030000000000000000e+02 9.089885202587652535e-02
3.020000000000000000e+02 9.094216069769436861e-02
3.010000000000000000e+02 9.098760900916907923e-02
3.000000000000000000e+02 9.103527453064136354e-02
2.990000000000000000e+02 9.108523650463395960e-02
2.980000000000000000e+02 9.113757582745168895e-02
2.970000000000000000e+02 9.119237502695307085e-02
2.960000000000000000e+02 9.124971823705060880e-02
2.950000000000000000e+02 9.130969116729431567e-02
2.940000000000000000e+02 9.137238106920583802e-02
2.930000000000000000e+02 9.143787669770472859e-02
2.920000000000000000e+02 9.150626826825686289e-02
2.910000000000000000e+02 9.157764740934307146e-02
2.900000000000000000e+02 9.165210643521913558e-02
2.890000000000000000e+02 9.172974087801324949e-02
2.880000000000000000e+02 9.181064568802642378e-02
2.870000000000000000e+02 9.189491756783194076e-02
2.860000000000000000e+02 9.198265431845510653e-02
2.850000000000000000e+02 9.207395476018560843e-02
2.840000000000000000e+02 9.216891864721948879e-02
2.830000000000000000e+02 9.226764657642108625e-02
2.820000000000000000e+02 9.237023988970623212e-02
2.810000000000000000e+02 9.247680057012518107e-02
2.800000000000000000e+02 9.258743113137635206e-02
2.790000000000000000e+02 9.270223450044148827e-02
2.780000000000000000e+02 9.282131389355617601e-02
2.770000000000000000e+02 9.294477268499140576e-02
2.760000000000000000e+02 9.307271426875189657e-02
2.750000000000000000e+02 9.320524191285195492e-02
2.740000000000000000e+02 9.334245860626891322e-02
2.730000000000000000e+02 9.348446689825018474e-02
2.720000000000000000e+02 9.363136872996541404e-02
2.710000000000000000e+02 9.378326525840890993e-02
2.700000000000000000e+02 9.394025667233815713e-02
2.690000000000000000e+02 9.410244200029568851e-02
2.680000000000000000e+02 9.426991891066588414e-02
2.670000000000000000e+02 9.444278350344464945e-02
2.660000000000000000e+02 9.462113009416067699e-02
2.650000000000000000e+02 9.480505098934340069e-02
2.640000000000000000e+02 9.499463625409509948e-02
2.630000000000000000e+02 9.518997347127741704e-02
2.620000000000000000e+02 9.539114749270416471e-02
2.610000000000000000e+02 9.559824018214248265e-02
2.600000000000000000e+02 9.581133015064632885e-02
2.590000000000000000e+02 9.603049248343112354e-02
2.580000000000000000e+02 9.625579845944579049e-02
2.570000000000000000e+02 9.648731526309065054e-02
2.560000000000000000e+02 9.672510568867059844e-02
2.550000000000000000e+02 9.696922783737407792e-02
2.540000000000000000e+02 9.721973480756132546e-02
2.530000000000000000e+02 9.747667437819698688e-02
2.520000000000000000e+02 9.774008868603062394e-02
2.510000000000000000e+02 9.801001389673624775e-02
2.500000000000000000e+02 9.828647987058429514e-02
2.490000000000000000e+02 9.856950982287893126e-02
2.480000000000000000e+02 9.885911997991865541e-02
2.470000000000000000e+02 9.915531923104484169e-02
2.460000000000000000e+02 9.945810877693930796e-02
2.450000000000000000e+02 9.976748177560348929e-02
2.440000000000000000e+02 1.000834229861037872e-01
2.430000000000000000e+02 1.004059084112517986e-01
2.420000000000000000e+02 1.007349049400040886e-01
2.410000000000000000e+02 1.010703699904052372e-01
2.400000000000000000e+02 1.014122511543241734e-01
2.390000000000000000e+02 1.017604858448517835e-01
2.380000000000000000e+02 1.021150009477187204e-01
2.370000000000000000e+02 1.024757124779139689e-01
2.360000000000000000e+02 1.028425252426576342e-01
2.350000000000000000e+02 1.032153325127442012e-01
2.340000000000000000e+02 1.035940157028370501e-01
2.330000000000000000e+02 1.039784440634170248e-01
2.320000000000000000e+02 1.043684743851619467e-01
2.310000000000000000e+02 1.047639507181753193e-01
2.300000000000000000e+02 1.051647041075682715e-01
2.290000000000000000e+02 1.055705523475677365e-01
2.280000000000000000e+02 1.059812997563961273e-01
2.270000000000000000e+02 1.063967369736524976e-01
2.260000000000000000e+02 1.068166407828589626e-01
2.250000000000000000e+02 1.072407739614417155e-01
2.240000000000000000e+02 1.076688851603559982e-01
2.230000000000000000e+02 1.081007088161533292e-01
2.220000000000000000e+02 1.085359650979350610e-01
2.210000000000000000e+02 1.089743598916940726e-01
2.200000000000000000e+02 1.094155848250266960e-01
2.190000000000000000e+02 1.098593173346596452e-01
2.180000000000000000e+02 1.103052207796138273e-01
2.170000000000000000e+02 1.107529446027907816e-01
2.160000000000000000e+02 1.112021245436848049e-01
2.150000000000000000e+02 1.116523829047762206e-01
2.140000000000000000e+02 1.121033288746724199e-01
2.130000000000000000e+02 1.125545589100506866e-01
2.120000000000000000e+02 1.130056571789747610e-01
2.110000000000000000e+02 1.134561960683690002e-01
2.100000000000000000e+02 1.139057367571273266e-01
2.090000000000000000e+02 1.143538298573875400e-01
2.080000000000000000e+02 1.148000161253580481e-01
2.070000000000000000e+02 1.152438272432737831e-01
2.060000000000000000e+02 1.156847866739278419e-01
2.050000000000000000e+02 1.161224105879383878e-01
2.040000000000000000e+02 1.165562088648727512e-01
2.030000000000000000e+02 1.169856861680986099e-01
2.020000000000000000e+02 1.174103430925744762e-01
2.010000000000000000e+02 1.178296773850512763e-01
2.000000000000000000e+02 1.182431852351777390e-01
1.990000000000000000e+02 1.186503626352456986e-01
1.980000000000000000e+02 1.190507068062905127e-01
1.970000000000000000e+02 1.194437176869639766e-01
1.960000000000000000e+02 1.198288994815308872e-01
1.950000000000000000e+02 1.202057622623629862e-01
1.940000000000000000e+02 1.205738236211384151e-01
1.930000000000000000e+02 1.209326103640141481e-01
1.920000000000000000e+02 1.212816602422920054e-01
1.910000000000000000e+02 1.216205237127223893e-01
1.900000000000000000e+02 1.219487657184439439e-01
1.890000000000000000e+02 1.222659674819989023e-01
1.880000000000000000e+02 1.225717283008495584e-01
1.870000000000000000e+02 1.228656673354716622e-01
1.860000000000000000e+02 1.231474253787706585e-01
1.850000000000000000e+02 1.234166665963102316e-01
1.840000000000000000e+02 1.236730802245269989e-01
1.830000000000000000e+02 1.239163822155325140e-01
1.820000000000000000e+02 1.241463168153538466e-01
1.810000000000000000e+02 1.243626580626056577e-01
1.800000000000000000e+02 1.245652111940493412e-01
1.790000000000000000e+02 1.247538139443328253e-01
1.780000000000000000e+02 1.249283377250957200e-01
1.770000000000000000e+02 1.250886886703942991e-01
1.760000000000000000e+02 1.252348085345041939e-01
1.750000000000000000e+02 1.253666754279711415e-01
1.740000000000000000e+02 1.254843043790279111e-01
1.730000000000000000e+02 1.255877477053274349e-01
1.720000000000000000e+02 1.256770951842623996e-01
1.710000000000000000e+02 1.257524740067784974e-01
1.700000000000000000e+02 1.258140485031495059e-01
1.690000000000000000e+02 1.258620196260717972e-01
1.680000000000000000e+02 1.258966241793931240e-01
1.670000000000000000e+02 1.259181337789116450e-01
1.660000000000000000e+02 1.259268535323142812e-01
1.650000000000000000e+02 1.259231204256634762e-01
1.640000000000000000e+02 1.259073014031228954e-01
1.630000000000000000e+02 1.258797911262028446e-01
1.620000000000000000e+02 1.258410093993735657e-01
1.610000000000000000e+02 1.257913982473424230e-01
1.600000000000000000e+02 1.257314186283850221e-01
1.590000000000000000e+02 1.256615467705493594e-01
1.580000000000000000e+02 1.255822701096978578e-01
1.570000000000000000e+02 1.254940828170710565e-01
1.560000000000000000e+02 1.253974808923738193e-01
1.550000000000000000e+02 1.252929568059717447e-01
1.540000000000000000e+02 1.251809936670243983e-01
1.530000000000000000e+02 1.250620588945249856e-01
1.520000000000000000e+02 1.249365973669206986e-01
1.510000000000000000e+02 1.248050240261425470e-01
1.500000000000000000e+02 1.246677159050575134e-01
1.490000000000000000e+02 1.245250035544115952e-01
1.480000000000000000e+02 1.243771618369327314e-01
1.470000000000000000e+02 1.242244003211149250e-01
1.460000000000000000e+02 1.240668517520008424e-01
1.450000000000000000e+02 1.239045621294189992e-01
1.440000000000000000e+02 1.237374778257631092e-01
1.430000000000000000e+02 1.235654329803120566e-01
1.420000000000000000e+02 1.233881358929174304e-01
1.410000000000000000e+02 1.232051546005352438e-01
1.400000000000000000e+02 1.230159016226991392e-01
1.390000000000000000e+02 1.228196178725246418e-01
1.380000000000000000e+02 1.226153557384736248e-01
1.370000000000000000e+02 1.224019613531173722e-01
1.360000000000000000e+02 1.221780560824050899e-01
1.350000000000000000e+02 1.219420172840171568e-01
1.340000000000000000e+02 1.216919584067804594e-01
1.330000000000000000e+02 1.214257085227546384e-01
1.320000000000000000e+02 1.211407914165738148e-01
1.310000000000000000e+02 1.208344043797849043e-01
1.300000000000000000e+02 1.205033968978260622e-01
1.290000000000000000e+02 1.201442494514925741e-01
1.280000000000000000e+02 1.197530526910441373e-01
1.270000000000000000e+02 1.193254872871941930e-01
1.260000000000000000e+02 1.188568047961050950e-01
1.250000000000000000e+02 1.183418099278994162e-01
1.240000000000000000e+02 1.177748446329375948e-01
1.230000000000000000e+02 1.171497744644649924e-01
1.220000000000000000e+02 1.164599776979455548e-01
1.210000000000000000e+02 1.156983377047886702e-01
1.200000000000000000e+02 1.148572390880695654e-01
1.190000000000000000e+02 1.139285680697007391e-01
1.180000000000000000e+02 1.129037175975834972e-01
1.170000000000000000e+02 1.117735975837043927e-01
1.160000000000000000e+02 1.105286506131566149e-01
1.150000000000000000e+02 1.091588733631602137e-01
1.140000000000000000e+02 1.076538438398064179e-01
1.130000000000000000e+02 1.060027543905063541e-01
1.120000000000000000e+02 1.041944502660209770e-01
1.110000000000000000e+02 1.022174733101660071e-01
1.100000000000000000e+02 1.000601101355656775e-01
1.090000000000000000e+02 9.771044392389277577e-02
1.080000000000000000e+02 9.515640876336951826e-02
1.070000000000000000e+02 9.238584522998251336e-02
1.060000000000000000e+02 8.938655573346114547e-02
1.050000000000000000e+02 8.614635799787291603e-02
1.040000000000000000e+02 8.265313495318979409e-02
1.030000000000000000e+02 7.889487926837042420e-02
1.020000000000000000e+02 7.485973078636332101e-02
1.010000000000000000e+02 7.053600521910595444e-02
1.000000000000000000e+02 6.591221262374860612e-02
9.900000000000000000e+01 6.097706442510886227e-02
9.800000000000000000e+01 5.571946803095319256e-02
