4.000000000000000000e+02 -9.924119971116891481e-01
3.990000000000000000e+02 -9.924125525573589401e-01
3.980000000000000000e+02 -9.924131261207006505e-01
3.970000000000000000e+02 -9.924137182800736312e-01
3.960000000000000000e+02 -9.924143295225006378e-01
3.950000000000000000e+02 -9.924149603436441813e-01
3.940000000000000000e+02 -9.924156112478749181e-01
3.930000000000000000e+02 -9.924162827482715388e-01
3.920000000000000000e+02 -9.924169753667780869e-01
3.910000000000000000e+02 -9.924176896340504150e-01
3.900000000000000000e+02 -9.924184260896976584e-01
3.890000000000000000e+02 -9.924191852822027426e-01
3.880000000000000000e+02 -9.924199677690076493e-01
3.870000000000000000e+02 -9.924207741165712582e-01
3.860000000000000000e+02 -9.924216049004240814e-01
3.850000000000000000e+02 -9.924224606996813192e-01
3.840000000000000000e+02 -9.924233421184498471e-01
3.830000000000000000e+02 -9.924242497548602104e-01
3.820000000000000000e+02 -9.924251842212077346e-01
3.810000000000000000e+02 -9.924261461391861161e-01
3.800000000000000000e+02 -9.924271361399007452e-01
3.790000000000000000e+02 -9.924281548639997119e-01
3.780000000000000000e+02 -9.924292029617679534e-01
3.770000000000000000e+02 -9.924302810932063013e-01
3.760000000000000000e+02 -9.924313899281250739e-01
3.750000000000000000e+02 -9.924325301463162718e-01
3.740000000000000000e+02 -9.924337024376651550e-01
3.730000000000000000e+02 -9.924349075022713684e-01
3.720000000000000000e+02 -9.924361460506379018e-01
3.710000000000000000e+02 -9.924374188038963540e-01
3.700000000000000000e+02 -9.924387264938429043e-01
3.690000000000000000e+02 -9.924400698632960260e-01
3.680000000000000000e+02 -9.924414496662934404e-01
3.670000000000000000e+02 -9.924428666682322264e-01
3.660000000000000000e+02 -9.924443216463693096e-01
3.650000000000000000e+02 -9.924458153898509938e-01
3.640000000000000000e+02 -9.924473487001221894e-01
3.630000000000000000e+02 -9.924489223913999236e-01
3.620000000000000000e+02 -9.924505372908319911e-01
3.610000000000000000e+02 -9.924521942390737150e-01
3.600000000000000000e+02 -9.924538940906102447e-01
3.590000000000000000e+02 -9.924556377142633723e-01
3.580000000000000000e+02 -9.924574259935987630e-01
3.570000000000000000e+02 -9.924592598277202082e-01
3.560000000000000000e+02 -9.924611401314531456e-01
3.550000000000000000e+02 -9.924630678363213221e-01
3.540000000000000000e+02 -9.924650438909569106e-01
3.530000000000000000e+02 -9.924670692619127488e-01
3.520000000000000000e+02 -9.924691449344401617e-01
3.510000000000000000e+02 -9.924712719131386640e-01
3.500000000000000000e+02 -9.924734512229725913e-01
3.490000000000000000e+02 -9.924756839100494776e-01
3.480000000000000000e+02 -9.924779710426220314e-01
3.470000000000000000e+02 -9.924803137121923635e-01
3.460000000000000000e+02 -9.924827130343418791e-01
3.450000000000000000e+02 -9.924851701500962964e-01
3.440000000000000000e+02 -9.924876862271048150e-01
3.430000000000000000e+02 -9.924902624607720991e-01
3.420000000000000000e+02 -9.924929000757080066e-01
3.410000000000000000e+02 -9.924956003271485638e-01
3.400000000000000000e+02 -9.924983645023546242e-01
3.390000000000000000e+02 -9.925011939222952995e-01
3.380000000000000000e+02 -9.925040899431627484e-01
3.370000000000000000e+02 -9.925070539582421247e-01
3.360000000000000000e+02 -9.925100873995738038e-01
3.350000000000000000e+02 -9.925131917399799830e-01
3.340000000000000000e+02 -9.925163684950679688e-01
3.330000000000000000e+02 -9.925196192251212191e-01
3.320000000000000000e+02 -9.925229455375520482e-01
3.310000000000000000e+02 -9.925263490889809637e-01
3.300000000000000000e+02 -9.925298315877033595e-01
3.290000000000000000e+02 -9.925333947962431402e-01
3.280000000000000000e+02 -9.925370405337435864e-01
3.270000000000000000e+02 -9.925407706788823559e-01
3.260000000000000000e+02 -9.925445871725883107e-01
3.250000000000000000e+02 -9.925484920209662887e-01
3.240000000000000000e+02 -9.925524872984129443e-01
3.230000000000000000e+02 -9.925565751506838508e-01
3.220000000000000000e+02 -9.925607577982479279e-01
3.210000000000000000e+02 -9.925650375397098157e-01
3.200000000000000000e+02 -9.925694167553276159e-01
3.190000000000000000e+02 -9.925738979106933924e-01
3.180000000000000000e+02 -9.925784835605370171e-01
3.170000000000000000e+02 -9.925831763527035445e-01
3.160000000000000000e+02 -9.925879790321505691e-01
3.150000000000000000e+02 -9.925928944452797609e-01
3.140000000000000000e+02 -9.925979255441734761e-01
3.130000000000000000e+02 -9.926030753912377103e-01
3.120000000000000000e+02 -9.926083471637885403e-01
3.110000000000000000e+02 -9.926137436750769316e-01
3.100000000000000000e+02 -9.926192693144145762e-01
3.090000000000000000e+02 -9.926249271495459769e-01
3.080000000000000000e+02 -9.926307208670459570e-01
3.070000000000000000e+02 -9.926366542940954218e-01
3.060000000000000000e+02 -9.926427314039251160e-01
3.050000000000000000e+02 -9.926489563217741896e-01
3.040000000000000000e+02 -9.926553333306631366e-01
3.030000000000000000e+02 -9.926618668776008292e-01
3.020000000000000000e+02 -9.926685615797803397e-01
3.010000000000000000e+02 -9.926754222312683673e-01
3.000000000000000000e+02 -9.926824538093100836e-01
2.990000000000000000e+02 -9.926896614815070574e-01
2.980000000000000000e+02 -9.926970506126170379e-01
2.970000000000000000e+02 -9.927046267719249473e-01
2.960000000000000000e+02 -9.927123957405132870e-01
2.950000000000000000e+02 -9.927203635190414710e-01
2.940000000000000000e+02 -9.927285363354039216e-01
2.930000000000000000e+02 -9.927369206529372825e-01
2.920000000000000000e+02 -9.927455231785204948e-01
2.910000000000000000e+02 -9.927543508710976461e-01
2.900000000000000000e+02 -9.927634109543813645e-01
2.890000000000000000e+02 -9.927727109107225001e-01
2.880000000000000000e+02 -9.927822585116609089e-01
2.870000000000000000e+02 -9.927920618136920616e-01
2.860000000000000000e+02 -9.928021291712973984e-01
2.850000000000000000e+02 -9.928124692466998580e-01
2.840000000000000000e+02 -9.928230910201713000e-01
2.830000000000000000e+02 -9.928340038003905521e-01
2.820000000000000000e+02 -9.928452172352366656e-01
2.810000000000000000e+02 -9.928567413227115113e-01
2.800000000000000000e+02 -9.928685864223519841e-01
2.790000000000000000e+02 -9.928807632668233962e-01
2.780000000000000000e+02 -9.928932829738759125e-01
2.770000000000000000e+02 -9.929061570585705487e-01
2.760000000000000000e+02 -9.929193974459924465e-01
2.750000000000000000e+02 -9.929330164841195794e-01
2.740000000000000000e+02 -9.929470269572897578e-01
2.730000000000000000e+02 -9.929614420998161828e-01
2.720000000000000000e+02 -9.929762756101923049e-01
2.710000000000000000e+02 -9.929915416655628047e-01
2.700000000000000000e+02 -9.930072549368264001e-01
2.690000000000000000e+02 -9.930234306038577818e-01
2.680000000000000000e+02 -9.930400843715428971e-01
2.670000000000000000e+02 -9.930572324861334232e-01
2.660000000000000000e+02 -9.930748917519631735e-01
2.650000000000000000e+02 -9.930930795489981699e-01
2.640000000000000000e+02 -9.931118138506901394e-01
2.630000000000000000e+02 -9.931311132424540666e-01
2.620000000000000000e+02 -9.931509969408226501e-01
2.610000000000000000e+02 -9.931714848130733797e-01
2.600000000000000000e+02 -9.931925973975055388e-01
2.590000000000000000e+02 -9.932143559245928399e-01
2.580000000000000000e+02 -9.932367823384645744e-01
2.570000000000000000e+02 -9.932598993194626802e-01
2.560000000000000000e+02 -9.932837303070788382e-01
2.550000000000000000e+02 -9.933082995241341306e-01
2.540000000000000000e+02 -9.933336320011367793e-01
2.530000000000000000e+02 -9.933597536021262497e-01
2.520000000000000000e+02 -9.933866910508635240e-01
2.510000000000000000e+02 -9.934144719582359562e-01
2.500000000000000000e+02 -9.934431248504475009e-01
2.490000000000000000e+02 -9.934726791981202121e-01
2.480000000000000000e+02 -9.935031654467061379e-01
2.470000000000000000e+02 -9.935346150473524096e-01
2.460000000000000000e+02 -9.935670604895241453e-01
2.450000000000000000e+02 -9.936005353342135527e-01
2.440000000000000000e+02 -9.936350742485372534e-01
2.430000000000000000e+02 -9.936707130414836886e-01
2.420000000000000000e+02 -9.937074887008279234e-01
2.410000000000000000e+02 -9.937454394313600670e-01
2.400000000000000000e+02 -9.937846046944697198e-01
2.390000000000000000e+02 -9.938250252490224979e-01
2.380000000000000000e+02 -9.938667431935719332e-01
2.370000000000000000e+02 -9.939098020102142828e-01
2.360000000000000000e+02 -9.939542466097434081e-01
2.350000000000000000e+02 -9.940001233783385404e-01
2.340000000000000000e+02 -9.940474802261026754e-01
2.330000000000000000e+02 -9.940963666368296536e-01
2.320000000000000000e+02 -9.941468337197990612e-01
2.310000000000000000e+02 -9.941989342630813686e-01
2.300000000000000000e+02 -9.942527227888394714e-01
2.290000000000000000e+02 -9.943082556102731395e-01
2.280000000000000000e+02 -9.943655908905666418e-01
2.270000000000000000e+02 -9.944247887038282219e-01
2.260000000000000000e+02 -9.944859110979957784e-01
2.250000000000000000e+02 -9.945490221598017877e-01
2.240000000000000000e+02 -9.946141880819400205e-01
2.230000000000000000e+02 -9.946814772323624432e-01
2.220000000000000000e+02 -9.947509602260850015e-01
2.210000000000000000e+02 -9.948227099989364053e-01
2.200000000000000000e+02 -9.948968018840532723e-01
2.190000000000000000e+02 -9.949733136908889275e-01
2.180000000000000000e+02 -9.950523257864744009e-01
2.170000000000000000e+02 -9.951339211797570750e-01
2.160000000000000000e+02 -9.952181856082853439e-01
2.150000000000000000e+02 -9.953052076280667348e-01
2.140000000000000000e+02 -9.953950787060582561e-01
2.130000000000000000e+02 -9.954878933158475274e-01
2.120000000000000000e+02 -9.955837490364224385e-01
2.110000000000000000e+02 -9.956827466540876248e-01
2.100000000000000000e+02 -9.957849902677783360e-01
2.090000000000000000e+02 -9.958905873977369483e-01
2.080000000000000000e+02 -9.959996490978247907e-01
2.070000000000000000e+02 -9.961122900714362016e-01
2.060000000000000000e+02 -9.962286287912469618e-01
2.050000000000000000e+02 -9.963487876228989126e-01
2.040000000000000000e+02 -9.964728929526489587e-01
2.030000000000000000e+02 -9.966010753194286531e-01
2.020000000000000000e+02 -9.967334695510491338e-01
2.010000000000000000e+02 -9.968702149050145955e-01
2.000000000000000000e+02 -9.970114552140217912e-01
1.990000000000000000e+02 -9.971573390362395983e-01
1.980000000000000000e+02 -9.973080198106349936e-01
1.970000000000000000e+02 -9.974636560174968691e-01
1.960000000000000000e+02 -9.976244113442945816e-01
1.950000000000000000e+02 -9.977904548570079024e-01
1.940000000000000000e+02 -9.979619611776283650e-01
1.930000000000000000e+02 -9.981391106670036706e-01
1.920000000000000000e+02 -9.983220896144850975e-01
1.910000000000000000e+02 -9.985110904335623427e-01
1.900000000000000000e+02 -9.987063118644030624e-01
1.890000000000000000e+02 -9.989079591832421556e-01
1.880000000000000000e+02 -9.991162444187694502e-01
1.870000000000000000e+02 -9.993313865760632408e-01
1.860000000000000000e+02 -9.995536118683048254e-01
1.850000000000000000e+02 -9.997831539560891878e-01
1.840000000000000000e+02 -1.000020254195410185e+00
1.830000000000000000e+02 -1.000265161893901800e+00
1.820000000000000000e+02 -1.000518134576066753e+00
1.810000000000000000e+02 -1.000779438257734855e+00
1.800000000000000000e+02 -1.001049347729912498e+00
1.790000000000000000e+02 -1.001328146852733525e+00
1.780000000000000000e+02 -1.001616128859358357e+00
1.770000000000000000e+02 -1.001913596670867213e+00
1.760000000000000000e+02 -1.002220863221942926e+00
1.750000000000000000e+02 -1.002538251798076097e+00
1.740000000000000000e+02 -1.002866096384574135e+00
1.730000000000000000e+02 -1.003204742027989704e+00
1.720000000000000000e+02 -1.003554545210330717e+00
1.710000000000000000e+02 -1.003915874236408046e+00
1.700000000000000000e+02 -1.004289109635070787e+00
1.690000000000000000e+02 -1.004674644574570896e+00
1.680000000000000000e+02 -1.005072885293033513e+00
1.670000000000000000e+02 -1.005484251543873997e+00
1.660000000000000000e+02 -1.005909177057421777e+00
1.650000000000000000e+02 -1.006348110019054998e+00
1.640000000000000000e+02 -1.006801513564425932e+00
1.630000000000000000e+02 -1.007269866292257454e+00
1.620000000000000000e+02 -1.007753662795811911e+00
1.610000000000000000e+02 -1.008253414213182930e+00
1.600000000000000000e+02 -1.008769648797403384e+00
1.590000000000000000e+02 -1.009302912506632843e+00
1.580000000000000000e+02 -1.009853769615688401e+00
1.570000000000000000e+02 -1.010422803348901333e+00
1.560000000000000000e+02 -1.011010616535680473e+00
1.550000000000000000e+02 -1.011617832288625118e+00
1.540000000000000000e+02 -1.012245094705506610e+00
1.530000000000000000e+02 -1.012893069595335982e+00
1.520000000000000000e+02 -1.013562445229243325e+00
1.510000000000000000e+02 -1.014253933116673334e+00
1.500000000000000000e+02 -1.014968268807060925e+00
1.490000000000000000e+02 -1.015706212718074042e+00
1.480000000000000000e+02 -1.016468550990122122e+00
1.470000000000000000e+02 -1.017256096568338819e+00
1.460000000000000000e+02 -1.018069689375759923e+00
1.450000000000000000e+02 -1.018910198270256640e+00
1.440000000000000000e+02 -1.019778521370248825e+00
1.430000000000000000e+02 -1.020675587192247713e+00
1.420000000000000000e+02 -1.021602355665264916e+00
1.410000000000000000e+02 -1.022559819170168360e+00
1.400000000000000000e+02 -1.023549003603262619e+00
1.390000000000000000e+02 -1.024570969463046488e+00
1.380000000000000000e+02 -1.025626812958429168e+00
1.370000000000000000e+02 -1.026717667136811896e+00
1.360000000000000000e+02 -1.027844703029421103e+00
1.350000000000000000e+02 -1.029009130811544770e+00
1.340000000000000000e+02 -1.030212200975065828e+00
1.330000000000000000e+02 -1.031455205509066886e+00
1.320000000000000000e+02 -1.032739479084759493e+00
1.310000000000000000e+02 -1.034066400240721162e+00
1.300000000000000000e+02 -1.035437392562709169e+00
1.290000000000000000e+02 -1.036853925852154301e+00
1.280000000000000000e+02 -1.038317517278148472e+00
1.270000000000000000e+02 -1.039829732504180759e+00
1.260000000000000000e+02 -1.041392186783018037e+00
1.250000000000000000e+02 -1.043006546010827540e+00
1.240000000000000000e+02 -1.044674527730739433e+00
1.230000000000000000e+02 -1.046397902076086739e+00
1.220000000000000000e+02 -1.048178492641714366e+00
1.210000000000000000e+02 -1.050018177272936004e+00
1.200000000000000000e+02 -1.051918888756517179e+00
1.190000000000000000e+02 -1.053882615402831346e+00
