4.000000000000000000e+02 1.482229595371211239e+00
3.990000000000000000e+02 1.482073148276296992e+00
3.980000000000000000e+02 1.481916280405536135e+00
3.970000000000000000e+02 1.481759001896813643e+00
3.960000000000000000e+02 1.481601323388898717e+00
3.950000000000000000e+02 1.481443256035677614e+00
3.940000000000000000e+02 1.481284811520368061e+00
3.930000000000000000e+02 1.481126002070003445e+00
3.920000000000000000e+02 1.480966840470028467e+00
3.910000000000000000e+02 1.480807340078971412e+00
3.900000000000000000e+02 1.480647514843392631e+00
3.890000000000000000e+02 1.480487379312729557e+00
3.880000000000000000e+02 1.480326948654397956e+00
3.870000000000000000e+02 1.480166238668859879e+00
3.860000000000000000e+02 1.480005265804857251e+00
3.850000000000000000e+02 1.479844047249982975e+00
3.840000000000000000e+02 1.479682600655147118e+00
3.830000000000000000e+02 1.479520944571376617e+00
3.820000000000000000e+02 1.479359098193064215e+00
3.810000000000000000e+02 1.479197081438976324e+00
3.800000000000000000e+02 1.479034914967495506e+00
3.790000000000000000e+02 1.478872620191686416e+00
3.780000000000000000e+02 1.478710219294254058e+00
3.770000000000000000e+02 1.478547735242381922e+00
3.760000000000000000e+02 1.478385191802403575e+00
3.750000000000000000e+02 1.478222613554333487e+00
3.740000000000000000e+02 1.478060025906069441e+00
3.730000000000000000e+02 1.477897455107514579e+00
3.720000000000000000e+02 1.477734928264311742e+00
3.710000000000000000e+02 1.477572473351262516e+00
3.700000000000000000e+02 1.477410119225470941e+00
3.690000000000000000e+02 1.477247895639108632e+00
3.680000000000000000e+02 1.477085833251633451e+00
3.670000000000000000e+02 1.476923963641848747e+00
3.660000000000000000e+02 1.476762319319028904e+00
3.650000000000000000e+02 1.476600933734059984e+00
3.640000000000000000e+02 1.476439841289457489e+00
3.630000000000000000e+02 1.476279077349256230e+00
3.620000000000000000e+02 1.476118678247889227e+00
3.610000000000000000e+02 1.475958681298611630e+00
3.600000000000000000e+02 1.475799124800962758e+00
3.590000000000000000e+02 1.475640048047677677e+00
3.580000000000000000e+02 1.475481491330604022e+00
3.570000000000000000e+02 1.475323495945662255e+00
3.560000000000000000e+02 1.475166104197138450e+00
3.550000000000000000e+02 1.475009359400735409e+00
3.540000000000000000e+02 1.474853305885704069e+00
3.530000000000000000e+02 1.474697988995863795e+00
3.520000000000000000e+02 1.474543455089500466e+00
3.510000000000000000e+02 1.474389751538093041e+00
3.500000000000000000e+02 1.474236926723625052e+00
3.490000000000000000e+02 1.474085030034915977e+00
3.480000000000000000e+02 1.473934111862321705e+00
3.470000000000000000e+02 1.473784223591122045e+00
3.460000000000000000e+02 1.473635417593517127e+00
3.450000000000000000e+02 1.473487747218895416e+00
3.440000000000000000e+02 1.473341266782844494e+00
3.430000000000000000e+02 1.473196031554220520e+00
3.420000000000000000e+02 1.473052097740796818e+00
3.410000000000000000e+02 1.472909522472950483e+00
3.400000000000000000e+02 1.472768363785759815e+00
3.390000000000000000e+02 1.472628680599113338e+00
3.380000000000000000e+02 1.472490532696057564e+00
3.370000000000000000e+02 1.472353980698998033e+00
3.360000000000000000e+02 1.472219086044241010e+00
3.350000000000000000e+02 1.472085910954058718e+00
3.340000000000000000e+02 1.471954518407108781e+00
3.330000000000000000e+02 1.471824972106387408e+00
3.320000000000000000e+02 1.471697336445098037e+00
3.310000000000000000e+02 1.471571676470472045e+00
3.300000000000000000e+02 1.471448057845044621e+00
3.290000000000000000e+02 1.471326546805838964e+00
3.280000000000000000e+02 1.471207210121124875e+00
3.270000000000000000e+02 1.471090115044952462e+00
3.260000000000000000e+02 1.470975329268985776e+00
3.250000000000000000e+02 1.470862920872354707e+00
3.240000000000000000e+02 1.470752958268600086e+00
3.230000000000000000e+02 1.470645510150607516e+00
3.220000000000000000e+02 1.470540645432772964e+00
3.210000000000000000e+02 1.470438433190687233e+00
3.200000000000000000e+02 1.470338942598597542e+00
3.190000000000000000e+02 1.470242242864020499e+00
3.180000000000000000e+02 1.470148403160229433e+00
3.170000000000000000e+02 1.470057492555861600e+00
3.160000000000000000e+02 1.469969579942554727e+00
3.150000000000000000e+02 1.469884733959631706e+00
3.140000000000000000e+02 1.469803022916833291e+00
3.130000000000000000e+02 1.469724514714219499e+00
3.120000000000000000e+02 1.469649276760155221e+00
3.110000000000000000e+02 1.469577376456824958e+00
3.100000000000000000e+02 1.469508878833546861e+00
3.090000000000000000e+02 1.469443849876800989e+00
3.080000000000000000e+02 1.469382354160474913e+00
3.070000000000000000e+02 1.469324455322192025e+00
3.060000000000000000e+02 1.469270215968293991e+00
3.050000000000000000e+02 1.469219697576820360e+00
3.040000000000000000e+02 1.469172960398779981e+00
3.030000000000000000e+02 1.469130063357670046e+00
3.020000000000000000e+02 1.469091063947597364e+00
3.010000000000000000e+02 1.469056018129801133e+00
3.000000000000000000e+02 1.469024980227965571e+00
2.990000000000000000e+02 1.468998002822331062e+00
2.980000000000000000e+02 1.468975136642896917e+00
2.970000000000000000e+02 1.468956430461547891e+00
2.960000000000000000e+02 1.468941930983948430e+00
2.950000000000000000e+02 1.468931682740360900e+00
2.940000000000000000e+02 1.468925727976722273e+00
2.930000000000000000e+02 1.468924106545234087e+00
2.920000000000000000e+02 1.468926855795284592e+00
2.910000000000000000e+02 1.468934010464591822e+00
2.900000000000000000e+02 1.468945602781618565e+00
2.890000000000000000e+02 1.468961661550852504e+00
2.880000000000000000e+02 1.468982213209925058e+00
2.870000000000000000e+02 1.469007280977564722e+00
2.860000000000000000e+02 1.469036884930206011e+00
2.850000000000000000e+02 1.469071041900384511e+00
2.840000000000000000e+02 1.469109765377315524e+00
2.830000000000000000e+02 1.469153065409806169e+00
2.820000000000000000e+02 1.469200948511957039e+00
2.810000000000000000e+02 1.469253417571902087e+00
2.800000000000000000e+02 1.469310471764028847e+00
2.790000000000000000e+02 1.469372106464727823e+00
2.780000000000000000e+02 1.469438313172334087e+00
2.770000000000000000e+02 1.469509079431286391e+00
2.760000000000000000e+02 1.469584388761390192e+00
2.750000000000000000e+02 1.469664220591420989e+00
2.740000000000000000e+02 1.469748550198871850e+00
2.730000000000000000e+02 1.469837348655103515e+00
2.720000000000000000e+02 1.469930582776688421e+00
2.710000000000000000e+02 1.470028215083245104e+00
2.700000000000000000e+02 1.470130203762135324e+00
2.690000000000000000e+02 1.470236502640283272e+00
2.680000000000000000e+02 1.470347061163632452e+00
2.670000000000000000e+02 1.470461824384337701e+00
2.660000000000000000e+02 1.470580732956443537e+00
2.650000000000000000e+02 1.470703723139783481e+00
2.640000000000000000e+02 1.470830726813143308e+00
2.630000000000000000e+02 1.470961671496234580e+00
2.620000000000000000e+02 1.471096480381465899e+00
2.610000000000000000e+02 1.471235072375389752e+00
2.600000000000000000e+02 1.471377362150183110e+00
2.590000000000000000e+02 1.471523260205438000e+00
2.580000000000000000e+02 1.471672672940499194e+00
2.570000000000000000e+02 1.471825502737504898e+00
2.560000000000000000e+02 1.471981648055489922e+00
2.550000000000000000e+02 1.472141003535288650e+00
2.540000000000000000e+02 1.472303460115927942e+00
2.530000000000000000e+02 1.472468905161995023e+00
2.520000000000000000e+02 1.472637222602690477e+00
2.510000000000000000e+02 1.472808293081856235e+00
2.500000000000000000e+02 1.472981994119640259e+00
2.490000000000000000e+02 1.473158200285153319e+00
2.480000000000000000e+02 1.473336783380490900e+00
2.470000000000000000e+02 1.473517612635522500e+00
2.460000000000000000e+02 1.473700554913423888e+00
2.450000000000000000e+02 1.473885474926955208e+00
2.440000000000000000e+02 1.474072235464421343e+00
2.430000000000000000e+02 1.474260697625735528e+00
2.420000000000000000e+02 1.474450721067624759e+00
2.410000000000000000e+02 1.474642164257493171e+00
2.400000000000000000e+02 1.474834884735605423e+00
2.390000000000000000e+02 1.475028739384675713e+00
2.380000000000000000e+02 1.475223584706126578e+00
2.370000000000000000e+02 1.475419277102512305e+00
2.360000000000000000e+02 1.475615673164698993e+00
2.350000000000000000e+02 1.475812629963435763e+00
2.340000000000000000e+02 1.476010005343534104e+00
2.330000000000000000e+02 1.476207658220515029e+00
2.320000000000000000e+02 1.476405448877305515e+00
2.310000000000000000e+02 1.476603239260865008e+00
2.300000000000000000e+02 1.476800893276434268e+00
2.290000000000000000e+02 1.476998277078576782e+00
2.280000000000000000e+02 1.477195259357108714e+00
2.270000000000000000e+02 1.477391711616496961e+00
2.260000000000000000e+02 1.477587508446890130e+00
2.250000000000000000e+02 1.477782527785135303e+00
2.240000000000000000e+02 1.477976651163845467e+00
2.230000000000000000e+02 1.478169763946766802e+00
2.220000000000000000e+02 1.478361755548052159e+00
2.210000000000000000e+02 1.478552519634160234e+00
2.200000000000000000e+02 1.478741954305396566e+00
2.190000000000000000e+02 1.478929962255798536e+00
2.180000000000000000e+02 1.479116450908597447e+00
2.170000000000000000e+02 1.479301332525384760e+00
2.160000000000000000e+02 1.479484524286627245e+00
2.150000000000000000e+02 1.479665948341179593e+00
2.140000000000000000e+02 1.479845531823284599e+00
2.130000000000000000e+02 1.480023206833718685e+00
2.120000000000000000e+02 1.480198910383533573e+00
2.110000000000000000e+02 1.480372584298552674e+00
2.100000000000000000e+02 1.480544175081696778e+00
2.090000000000000000e+02 1.480713633731655099e+00
2.080000000000000000e+02 1.480880915516098240e+00
2.070000000000000000e+02 1.481045979696754111e+00
2.060000000000000000e+02 1.481208789205668674e+00
2.050000000000000000e+02 1.481369310270194140e+00
2.040000000000000000e+02 1.481527511985605727e+00
2.030000000000000000e+02 1.481683365833992960e+00
2.020000000000000000e+02 1.481836845148592596e+00
2.010000000000000000e+02 1.481987924522114586e+00
2.000000000000000000e+02 1.482136579158820577e+00
1.990000000000000000e+02 1.482282784169986822e+00
1.980000000000000000e+02 1.482426513812564739e+00
1.970000000000000000e+02 1.482567740670705625e+00
1.960000000000000000e+02 1.482706434781986049e+00
1.950000000000000000e+02 1.482842562707405554e+00
1.940000000000000000e+02 1.482976086548002392e+00
1.930000000000000000e+02 1.483106962908564030e+00
1.920000000000000000e+02 1.483235141811135804e+00
1.910000000000000000e+02 1.483360565560230659e+00
1.900000000000000000e+02 1.483483167563483640e+00
1.890000000000000000e+02 1.483602871109802379e+00
1.880000000000000000e+02 1.483719588110470555e+00
1.870000000000000000e+02 1.483833217806298288e+00
1.860000000000000000e+02 1.483943645446738513e+00
1.850000000000000000e+02 1.484050740945573876e+00
1.840000000000000000e+02 1.484154357519845036e+00
1.830000000000000000e+02 1.484254330318681703e+00
1.820000000000000000e+02 1.484350475048741291e+00
1.810000000000000000e+02 1.484442586605316361e+00
1.800000000000000000e+02 1.484530437715267048e+00
1.790000000000000000e+02 1.484613777603821072e+00
1.780000000000000000e+02 1.484692330693001106e+00
1.770000000000000000e+02 1.484765795342462447e+00
1.760000000000000000e+02 1.484833842644095681e+00
1.750000000000000000e+02 1.484896115281810758e+00
1.740000000000000000e+02 1.484952226469466341e+00
1.730000000000000000e+02 1.485001758978057085e+00
1.720000000000000000e+02 1.485044264268070346e+00
1.710000000000000000e+02 1.485079261739461476e+00
1.700000000000000000e+02 1.485106238114789701e+00
1.690000000000000000e+02 1.485124646969929296e+00
1.680000000000000000e+02 1.485133908429396410e+00
1.670000000000000000e+02 1.485133409040979124e+00
1.660000000000000000e+02 1.485122501848104459e+00
1.650000000000000000e+02 1.485100506674927878e+00
1.640000000000000000e+02 1.485066710644187049e+00
1.630000000000000000e+02 1.485020368941869950e+00
1.620000000000000000e+02 1.484960705851044338e+00
1.610000000000000000e+02 1.484886916069074747e+00
1.600000000000000000e+02 1.484798166326579905e+00
1.590000000000000000e+02 1.484693597330045689e+00
1.580000000000000000e+02 1.484572326039066859e+00
1.570000000000000000e+02 1.484433448302356462e+00
1.560000000000000000e+02 1.484276041864190265e+00
1.550000000000000000e+02 1.484099169761323722e+00
1.540000000000000000e+02 1.483901884124401604e+00
1.530000000000000000e+02 1.483683230397577102e+00
1.520000000000000000e+02 1.483442251992214800e+00
1.510000000000000000e+02 1.483177995386182335e+00
1.500000000000000000e+02 1.482889515677837888e+00
1.490000000000000000e+02 1.482575882607350071e+00
1.480000000000000000e+02 1.482236187049884579e+00
1.470000000000000000e+02 1.481869547833525536e+00
1.460000000000000000e+02 1.481475119746475499e+00
1.450000000000000000e+02 1.481052100701824692e+00
1.440000000000000000e+02 1.480599740624149119e+00
1.430000000000000000e+02 1.480117350221704209e+00
1.420000000000000000e+02 1.479604310332677697e+00
1.410000000000000000e+02 1.479060081724138609e+00
1.400000000000000000e+02 1.478484215322135142e+00
1.390000000000000000e+02 1.477876362858876025e+00
1.380000000000000000e+02 1.477236287907582213e+00
1.370000000000000000e+02 1.476563877278070480e+00
1.360000000000000000e+02 1.475859152740407021e+00
1.350000000000000000e+02 1.475122283033383663e+00
1.340000000000000000e+02 1.474353596124120758e+00
1.330000000000000000e+02 1.473553591661649342e+00
1.320000000000000000e+02 1.472722953580071881e+00
1.310000000000000000e+02 1.471862562787101369e+00
1.300000000000000000e+02 1.470973509884014652e+00
1.290000000000000000e+02 1.470057107845791800e+00
1.280000000000000000e+02 1.469114904593884718e+00
1.270000000000000000e+02 1.468148695391733760e+00
1.260000000000000000e+02 1.467160534977860475e+00
1.250000000000000000e+02 1.466152749368931030e+00
1.240000000000000000e+02 1.465127947245223883e+00
1.230000000000000000e+02 1.464089030834034411e+00
1.220000000000000000e+02 1.463039206217733090e+00
1.210000000000000000e+02 1.461981992975160516e+00
1.200000000000000000e+02 1.460921233081037496e+00
1.190000000000000000e+02 1.459861098984404304e+00
1.180000000000000000e+02 1.458806100792552130e+00
1.170000000000000000e+02 1.457761092486106858e+00
1.160000000000000000e+02 1.456731277113320067e+00
1.150000000000000000e+02 1.455722210896715607e+00
1.140000000000000000e+02 1.454739806211053699e+00
1.130000000000000000e+02 1.453790333398711443e+00
1.120000000000000000e+02 1.452880421394138200e+00
1.110000000000000000e+02 1.452017057149012524e+00
1.100000000000000000e+02 1.451207583860133710e+00
1.090000000000000000e+02 1.450459698023798705e+00
1.080000000000000000e+02 1.449781445348719000e+00
1.070000000000000000e+02 1.449181215583826177e+00
1.060000000000000000e+02 1.448667736340344403e+00
1.050000000000000000e+02 1.448250065995024594e+00
1.040000000000000000e+02 1.447937585799487614e+00
1.030000000000000000e+02 1.447739991320932118e+00
1.020000000000000000e+02 1.447667283388787807e+00
1.010000000000000000e+02 1.447729758716727266e+00
1.000000000000000000e+02 1.447938000398800495e+00
9.900000000000000000e+01 1.448302868521215814e+00
9.800000000000000000e+01 1.448835491109812690e+00
9.700000000000000000e+01 1.449547255692815728e+00
9.600000000000000000e+01 1.450449801744711831e+00
9.500000000000000000e+01 1.451555014316405323e+00
9.400000000000000000e+01 1.452875019140099422e+00
9.300000000000000000e+01 1.454422179551413619e+00
9.200000000000000000e+01 1.456209095514739982e+00
9.100000000000000000e+01 1.458248605105017415e+00
9.000000000000000000e+01 1.460553788749292314e+00
8.900000000000000000e+01 1.463137976552408404e+00
8.800000000000000000e+01 1.466014758991498024e+00
8.700000000000000000e+01 1.469198001291915912e+00
8.600000000000000000e+01 1.472701861712429672e+00
8.500000000000000000e+01 1.476540814003341584e+00
8.400000000000000000e+01 1.480729674203308699e+00
8.300000000000000000e+01 1.485283631961594075e+00
8.200000000000000000e+01 1.490218286464142672e+00
8.100000000000000000e+01 1.495549687044637199e+00
8.000000000000000000e+01 1.501294378451441425e+00
7.900000000000000000e+01 1.507469450734821192e+00
7.800000000000000000e+01 1.514092593592949010e+00
7.700000000000000000e+01 1.521182154998819147e+00
7.600000000000000000e+01 1.528757203819483657e+00
7.500000000000000000e+01 1.536837596108034720e+00
7.400000000000000000e+01 1.545444044634486147e+00
7.300000000000000000e+01 1.554598191214940250e+00
7.200000000000000000e+01 1.564322681289902484e+00
7.100000000000000000e+01 1.574641240195221226e+00
7.000000000000000000e+01 1.585578750512094182e+00
6.900000000000000000e+01 1.597161329886595427e+00
6.800000000000000000e+01 1.609416408672672993e+00
6.700000000000000000e+01 1.622372806842860671e+00
6.600000000000000000e+01 1.636060809572404073e+00
6.500000000000000000e+01 1.650512241042916939e+00
6.400000000000000000e+01 1.665760536127142588e+00
6.300000000000000000e+01 1.681840809684671534e+00
6.200000000000000000e+01 1.698789923462022067e+00
6.100000000000000000e+01 1.716646550766986801e+00
6.000000000000000000e+01 1.735451239343154040e+00
5.900000000000000000e+01 1.755246473177965338e+00
5.800000000000000000e+01 1.776076734320140460e+00
5.700000000000000000e+01 1.797988566150284129e+00
5.600000000000000000e+01 1.821030639975993459e+00
5.500000000000000000e+01 1.845253827281732706e+00
5.400000000000000000e+01 1.870711280459469439e+00
5.300000000000000000e+01 1.897458525346056302e+00
5.200000000000000000e+01 1.925553569551621491e+00
5.100000000000000000e+01 1.955057031014283186e+00
5.000000000000000000e+01 1.986032292062430038e+00
