4.000000000000000000e+02 -9.924119971116890371e-01
3.990000000000000000e+02 -9.924125525573586071e-01
3.980000000000000000e+02 -9.924131261207007615e-01
3.970000000000000000e+02 -9.924137182800737422e-01
3.960000000000000000e+02 -9.924143295225008599e-01
3.950000000000000000e+02 -9.924149603436444034e-01
3.940000000000000000e+02 -9.924156112478753622e-01
3.930000000000000000e+02 -9.924162827482724270e-01
3.920000000000000000e+02 -9.924169753667777538e-01
3.910000000000000000e+02 -9.924176896340501930e-01
3.900000000000000000e+02 -9.924184260896981025e-01
3.890000000000000000e+02 -9.924191852822031867e-01
3.880000000000000000e+02 -9.924199677690074273e-01
3.870000000000000000e+02 -9.924207741165708141e-01
3.860000000000000000e+02 -9.924216049004248585e-01
3.850000000000000000e+02 -9.924224606996808751e-01
3.840000000000000000e+02 -9.924233421184496251e-01
3.830000000000000000e+02 -9.924242497548606545e-01
3.820000000000000000e+02 -9.924251842212072905e-01
3.810000000000000000e+02 -9.924261461391863381e-01
3.800000000000000000e+02 -9.924271361399008562e-01
3.790000000000000000e+02 -9.924281548640000450e-01
3.780000000000000000e+02 -9.924292029617678423e-01
3.770000000000000000e+02 -9.924302810932066343e-01
3.760000000000000000e+02 -9.924313899281242968e-01
3.750000000000000000e+02 -9.924325301463160498e-01
3.740000000000000000e+02 -9.924337024376653771e-01
3.730000000000000000e+02 -9.924349075022709243e-01
3.720000000000000000e+02 -9.924361460506382349e-01
3.710000000000000000e+02 -9.924374188038966871e-01
3.700000000000000000e+02 -9.924387264938429043e-01
3.690000000000000000e+02 -9.924400698632960260e-01
3.680000000000000000e+02 -9.924414496662929963e-01
3.670000000000000000e+02 -9.924428666682321154e-01
3.660000000000000000e+02 -9.924443216463689765e-01
3.650000000000000000e+02 -9.924458153898513268e-01
3.640000000000000000e+02 -9.924473487001220784e-01
3.630000000000000000e+02 -9.924489223914011449e-01
3.620000000000000000e+02 -9.924505372908325462e-01
3.610000000000000000e+02 -9.924521942390743812e-01
3.600000000000000000e+02 -9.924538940906100226e-01
3.590000000000000000e+02 -9.924556377142622621e-01
3.580000000000000000e+02 -9.924574259935986520e-01
3.570000000000000000e+02 -9.924592598277200972e-01
3.560000000000000000e+02 -9.924611401314529235e-01
3.550000000000000000e+02 -9.924630678363208780e-01
3.540000000000000000e+02 -9.924650438909563555e-01
3.530000000000000000e+02 -9.924670692619124157e-01
3.520000000000000000e+02 -9.924691449344397176e-01
3.510000000000000000e+02 -9.924712719131385530e-01
3.500000000000000000e+02 -9.924734512229732575e-01
3.490000000000000000e+02 -9.924756839100498107e-01
3.480000000000000000e+02 -9.924779710426214763e-01
3.470000000000000000e+02 -9.924803137121925856e-01
3.460000000000000000e+02 -9.924827130343423232e-01
3.450000000000000000e+02 -9.924851701500959633e-01
3.440000000000000000e+02 -9.924876862271055922e-01
3.430000000000000000e+02 -9.924902624607719881e-01
3.420000000000000000e+02 -9.924929000757086728e-01
3.410000000000000000e+02 -9.924956003271487859e-01
3.400000000000000000e+02 -9.924983645023546242e-01
3.390000000000000000e+02 -9.925011939222950774e-01
3.380000000000000000e+02 -9.925040899431629704e-01
3.370000000000000000e+02 -9.925070539582415696e-01
3.360000000000000000e+02 -9.925100873995740258e-01
3.350000000000000000e+02 -9.925131917399795389e-01
3.340000000000000000e+02 -9.925163684950677467e-01
3.330000000000000000e+02 -9.925196192251211080e-01
3.320000000000000000e+02 -9.925229455375519372e-01
3.310000000000000000e+02 -9.925263490889808526e-01
3.300000000000000000e+02 -9.925298315877030264e-01
3.290000000000000000e+02 -9.925333947962433623e-01
3.280000000000000000e+02 -9.925370405337436974e-01
3.270000000000000000e+02 -9.925407706788823559e-01
3.260000000000000000e+02 -9.925445871725880886e-01
3.250000000000000000e+02 -9.925484920209658446e-01
3.240000000000000000e+02 -9.925524872984130553e-01
3.230000000000000000e+02 -9.925565751506837397e-01
3.220000000000000000e+02 -9.925607577982479279e-01
3.210000000000000000e+02 -9.925650375397091496e-01
3.200000000000000000e+02 -9.925694167553279490e-01
3.190000000000000000e+02 -9.925738979106938364e-01
3.180000000000000000e+02 -9.925784835605374612e-01
3.170000000000000000e+02 -9.925831763527036555e-01
3.160000000000000000e+02 -9.925879790321505691e-01
3.150000000000000000e+02 -9.925928944452795388e-01
3.140000000000000000e+02 -9.925979255441736981e-01
3.130000000000000000e+02 -9.926030753912371551e-01
3.120000000000000000e+02 -9.926083471637884292e-01
3.110000000000000000e+02 -9.926137436750763765e-01
3.100000000000000000e+02 -9.926192693144151313e-01
3.090000000000000000e+02 -9.926249271495450888e-01
3.080000000000000000e+02 -9.926307208670455129e-01
3.070000000000000000e+02 -9.926366542940954218e-01
3.060000000000000000e+02 -9.926427314039247829e-01
3.050000000000000000e+02 -9.926489563217741896e-01
3.040000000000000000e+02 -9.926553333306632476e-01
3.030000000000000000e+02 -9.926618668776011623e-01
3.020000000000000000e+02 -9.926685615797807838e-01
3.010000000000000000e+02 -9.926754222312677012e-01
3.000000000000000000e+02 -9.926824538093090844e-01
2.990000000000000000e+02 -9.926896614815077236e-01
2.980000000000000000e+02 -9.926970506126169269e-01
2.970000000000000000e+02 -9.927046267719243922e-01
2.960000000000000000e+02 -9.927123957405126209e-01
2.950000000000000000e+02 -9.927203635190413600e-01
2.940000000000000000e+02 -9.927285363354043657e-01
2.930000000000000000e+02 -9.927369206529376156e-01
2.920000000000000000e+02 -9.927455231785203837e-01
2.910000000000000000e+02 -9.927543508710977571e-01
2.900000000000000000e+02 -9.927634109543818086e-01
2.890000000000000000e+02 -9.927727109107228332e-01
2.880000000000000000e+02 -9.927822585116609089e-01
2.870000000000000000e+02 -9.927920618136920616e-01
2.860000000000000000e+02 -9.928021291712983976e-01
2.850000000000000000e+02 -9.928124692466997470e-01
2.840000000000000000e+02 -9.928230910201709669e-01
2.830000000000000000e+02 -9.928340038003908852e-01
2.820000000000000000e+02 -9.928452172352361105e-01
2.810000000000000000e+02 -9.928567413227112892e-01
2.800000000000000000e+02 -9.928685864223510960e-01
2.790000000000000000e+02 -9.928807632668233962e-01
2.780000000000000000e+02 -9.928932829738756904e-01
2.770000000000000000e+02 -9.929061570585712149e-01
2.760000000000000000e+02 -9.929193974459924465e-01
2.750000000000000000e+02 -9.929330164841195794e-01
2.740000000000000000e+02 -9.929470269572893137e-01
2.730000000000000000e+02 -9.929614420998165158e-01
2.720000000000000000e+02 -9.929762756101923049e-01
2.710000000000000000e+02 -9.929915416655629157e-01
2.700000000000000000e+02 -9.930072549368265111e-01
2.690000000000000000e+02 -9.930234306038575598e-01
2.680000000000000000e+02 -9.930400843715427861e-01
2.670000000000000000e+02 -9.930572324861333122e-01
2.660000000000000000e+02 -9.930748917519629515e-01
2.650000000000000000e+02 -9.930930795489980589e-01
2.640000000000000000e+02 -9.931118138506902504e-01
2.630000000000000000e+02 -9.931311132424547328e-01
2.620000000000000000e+02 -9.931509969408224281e-01
2.610000000000000000e+02 -9.931714848130738238e-01
2.600000000000000000e+02 -9.931925973975056499e-01
2.590000000000000000e+02 -9.932143559245926179e-01
2.580000000000000000e+02 -9.932367823384646854e-01
2.570000000000000000e+02 -9.932598993194621251e-01
2.560000000000000000e+02 -9.932837303070781720e-01
2.550000000000000000e+02 -9.933082995241347968e-01
2.540000000000000000e+02 -9.933336320011368903e-01
2.530000000000000000e+02 -9.933597536021269159e-01
2.520000000000000000e+02 -9.933866910508633019e-01
2.510000000000000000e+02 -9.934144719582357341e-01
2.500000000000000000e+02 -9.934431248504478340e-01
2.490000000000000000e+02 -9.934726791981201011e-01
2.480000000000000000e+02 -9.935031654467046947e-01
2.470000000000000000e+02 -9.935346150473528537e-01
2.460000000000000000e+02 -9.935670604895243674e-01
2.450000000000000000e+02 -9.936005353342126645e-01
2.440000000000000000e+02 -9.936350742485365872e-01
2.430000000000000000e+02 -9.936707130414833555e-01
2.420000000000000000e+02 -9.937074887008274793e-01
2.410000000000000000e+02 -9.937454394313600670e-01
2.400000000000000000e+02 -9.937846046944698308e-01
2.390000000000000000e+02 -9.938250252490221648e-01
2.380000000000000000e+02 -9.938667431935716001e-01
2.370000000000000000e+02 -9.939098020102142828e-01
2.360000000000000000e+02 -9.939542466097436302e-01
2.350000000000000000e+02 -9.940001233783385404e-01
2.340000000000000000e+02 -9.940474802261026754e-01
2.330000000000000000e+02 -9.940963666368289875e-01
2.320000000000000000e+02 -9.941468337197987282e-01
2.310000000000000000e+02 -9.941989342630815907e-01
2.300000000000000000e+02 -9.942527227888394714e-01
2.290000000000000000e+02 -9.943082556102731395e-01
2.280000000000000000e+02 -9.943655908905665308e-01
2.270000000000000000e+02 -9.944247887038284439e-01
2.260000000000000000e+02 -9.944859110979961114e-01
2.250000000000000000e+02 -9.945490221598018987e-01
2.240000000000000000e+02 -9.946141880819399095e-01
2.230000000000000000e+02 -9.946814772323622211e-01
2.220000000000000000e+02 -9.947509602260850015e-01
2.210000000000000000e+02 -9.948227099989360722e-01
2.200000000000000000e+02 -9.948968018840533833e-01
2.190000000000000000e+02 -9.949733136908893716e-01
2.180000000000000000e+02 -9.950523257864742899e-01
2.170000000000000000e+02 -9.951339211797574080e-01
2.160000000000000000e+02 -9.952181856082852329e-01
2.150000000000000000e+02 -9.953052076280668459e-01
2.140000000000000000e+02 -9.953950787060574790e-01
2.130000000000000000e+02 -9.954878933158478604e-01
2.120000000000000000e+02 -9.955837490364222164e-01
2.110000000000000000e+02 -9.956827466540860705e-01
2.100000000000000000e+02 -9.957849902677781140e-01
2.090000000000000000e+02 -9.958905873977373924e-01
2.080000000000000000e+02 -9.959996490978242356e-01
2.070000000000000000e+02 -9.961122900714357575e-01
2.060000000000000000e+02 -9.962286287912474059e-01
2.050000000000000000e+02 -9.963487876228985796e-01
2.040000000000000000e+02 -9.964728929526492918e-01
2.030000000000000000e+02 -9.966010753194283200e-01
2.020000000000000000e+02 -9.967334695510501330e-01
2.010000000000000000e+02 -9.968702149050150396e-01
2.000000000000000000e+02 -9.970114552140225683e-01
1.990000000000000000e+02 -9.971573390362394873e-01
1.980000000000000000e+02 -9.973080198106347716e-01
1.970000000000000000e+02 -9.974636560174983124e-01
1.960000000000000000e+02 -9.976244113442948036e-01
1.950000000000000000e+02 -9.977904548570091237e-01
1.940000000000000000e+02 -9.979619611776284760e-01
1.930000000000000000e+02 -9.981391106670035596e-01
1.920000000000000000e+02 -9.983220896144840983e-01
1.910000000000000000e+02 -9.985110904335626758e-01
1.900000000000000000e+02 -9.987063118644033954e-01
1.890000000000000000e+02 -9.989079591832421556e-01
1.880000000000000000e+02 -9.991162444187686731e-01
1.870000000000000000e+02 -9.993313865760633519e-01
1.860000000000000000e+02 -9.995536118683040483e-01
1.850000000000000000e+02 -9.997831539560888547e-01
1.840000000000000000e+02 -1.000020254195409519e+00
1.830000000000000000e+02 -1.000265161893902022e+00
1.820000000000000000e+02 -1.000518134576067197e+00
1.810000000000000000e+02 -1.000779438257734411e+00
1.800000000000000000e+02 -1.001049347729912720e+00
1.790000000000000000e+02 -1.001328146852732859e+00
1.780000000000000000e+02 -1.001616128859358135e+00
1.770000000000000000e+02 -1.001913596670868101e+00
1.760000000000000000e+02 -1.002220863221943148e+00
1.750000000000000000e+02 -1.002538251798075652e+00
1.740000000000000000e+02 -1.002866096384573247e+00
1.730000000000000000e+02 -1.003204742027991037e+00
1.720000000000000000e+02 -1.003554545210329385e+00
1.710000000000000000e+02 -1.003915874236407602e+00
1.700000000000000000e+02 -1.004289109635069677e+00
1.690000000000000000e+02 -1.004674644574570674e+00
1.680000000000000000e+02 -1.005072885293032625e+00
1.670000000000000000e+02 -1.005484251543872887e+00
1.660000000000000000e+02 -1.005909177057423998e+00
1.650000000000000000e+02 -1.006348110019054554e+00
1.640000000000000000e+02 -1.006801513564425932e+00
1.630000000000000000e+02 -1.007269866292255900e+00
1.620000000000000000e+02 -1.007753662795812133e+00
1.610000000000000000e+02 -1.008253414213184485e+00
1.600000000000000000e+02 -1.008769648797404717e+00
1.590000000000000000e+02 -1.009302912506634398e+00
1.580000000000000000e+02 -1.009853769615688845e+00
1.570000000000000000e+02 -1.010422803348902887e+00
1.560000000000000000e+02 -1.011010616535680695e+00
1.550000000000000000e+02 -1.011617832288624452e+00
1.540000000000000000e+02 -1.012245094705507498e+00
1.530000000000000000e+02 -1.012893069595335316e+00
1.520000000000000000e+02 -1.013562445229241105e+00
1.510000000000000000e+02 -1.014253933116674444e+00
1.500000000000000000e+02 -1.014968268807062257e+00
1.490000000000000000e+02 -1.015706212718073376e+00
1.480000000000000000e+02 -1.016468550990121456e+00
1.470000000000000000e+02 -1.017256096568338819e+00
1.460000000000000000e+02 -1.018069689375759035e+00
1.450000000000000000e+02 -1.018910198270256418e+00
1.440000000000000000e+02 -1.019778521370248159e+00
1.430000000000000000e+02 -1.020675587192247047e+00
1.420000000000000000e+02 -1.021602355665265804e+00
1.410000000000000000e+02 -1.022559819170168804e+00
1.400000000000000000e+02 -1.023549003603262175e+00
1.390000000000000000e+02 -1.024570969463046488e+00
1.380000000000000000e+02 -1.025626812958428724e+00
1.370000000000000000e+02 -1.026717667136812784e+00
1.360000000000000000e+02 -1.027844703029421769e+00
1.350000000000000000e+02 -1.029009130811543438e+00
1.340000000000000000e+02 -1.030212200975066938e+00
1.330000000000000000e+02 -1.031455205509066664e+00
1.320000000000000000e+02 -1.032739479084759493e+00
1.310000000000000000e+02 -1.034066400240721828e+00
1.300000000000000000e+02 -1.035437392562712056e+00
1.290000000000000000e+02 -1.036853925852152525e+00
1.280000000000000000e+02 -1.038317517278147806e+00
1.270000000000000000e+02 -1.039829732504182314e+00
1.260000000000000000e+02 -1.041392186783019813e+00
1.250000000000000000e+02 -1.043006546010828206e+00
1.240000000000000000e+02 -1.044674527730739211e+00
1.230000000000000000e+02 -1.046397902076086295e+00
1.220000000000000000e+02 -1.048178492641714366e+00
1.210000000000000000e+02 -1.050018177272936004e+00
1.200000000000000000e+02 -1.051918888756517179e+00
1.190000000000000000e+02 -1.053882615402831346e+00
