4.000000000000000000e+02 -5.327263157215611500e-01
3.990000000000000000e+02 -5.330581148911169853e-01
3.980000000000000000e+02 -5.333915728849040194e-01
3.970000000000000000e+02 -5.337267010765583963e-01
3.960000000000000000e+02 -5.340635108773431616e-01
3.950000000000000000e+02 -5.344020137327133435e-01
3.940000000000000000e+02 -5.347422211190443475e-01
3.930000000000000000e+02 -5.350841445397327423e-01
3.920000000000000000e+02 -5.354277955214872264e-01
3.910000000000000000e+02 -5.357731856101912715e-01
3.900000000000000000e+02 -5.361203263666102226e-01
3.890000000000000000e+02 -5.364692293618908980e-01
3.880000000000000000e+02 -5.368199061727779720e-01
3.870000000000000000e+02 -5.371723683767885005e-01
3.860000000000000000e+02 -5.375266275468544297e-01
3.850000000000000000e+02 -5.378826951904025488e-01
3.840000000000000000e+02 -5.382405829582659340e-01
3.830000000000000000e+02 -5.386003023271018764e-01
3.820000000000000000e+02 -5.389618647944438568e-01
3.810000000000000000e+02 -5.393252818236075052e-01
3.800000000000000000e+02 -5.396905648365825092e-01
3.790000000000000000e+02 -5.400577252071395717e-01
3.780000000000000000e+02 -5.404267742533975794e-01
3.770000000000000000e+02 -5.407977232301668380e-01
3.760000000000000000e+02 -5.411705833209309313e-01
3.750000000000000000e+02 -5.415453656296123075e-01
3.740000000000000000e+02 -5.419220811718715725e-01
3.730000000000000000e+02 -5.423007408662151585e-01
3.720000000000000000e+02 -5.426813555246494669e-01
3.710000000000000000e+02 -5.430639358430746633e-01
3.700000000000000000e+02 -5.434484923913133203e-01
3.690000000000000000e+02 -5.438350356027251697e-01
3.680000000000000000e+02 -5.442235757634922289e-01
3.670000000000000000e+02 -5.446141230015983936e-01
3.660000000000000000e+02 -5.450066872753267511e-01
3.650000000000000000e+02 -5.454012783614479165e-01
3.640000000000000000e+02 -5.457979058428971131e-01
3.630000000000000000e+02 -5.461965790963532186e-01
3.620000000000000000e+02 -5.465973072789943599e-01
3.610000000000000000e+02 -5.470000993152145385e-01
3.600000000000000000e+02 -5.474049638827040987e-01
3.590000000000000000e+02 -5.478119093983192522e-01
3.580000000000000000e+02 -5.482209440032226322e-01
3.570000000000000000e+02 -5.486320755479914268e-01
3.560000000000000000e+02 -5.490453115768988424e-01
3.550000000000000000e+02 -5.494606593121110771e-01
3.540000000000000000e+02 -5.498781256372373694e-01
3.530000000000000000e+02 -5.502977170804772555e-01
3.520000000000000000e+02 -5.507194397973731448e-01
3.510000000000000000e+02 -5.511432995531354573e-01
3.500000000000000000e+02 -5.515693017043961088e-01
3.490000000000000000e+02 -5.519974511806725603e-01
3.480000000000000000e+02 -5.524277524652823068e-01
3.470000000000000000e+02 -5.528602095758727852e-01
3.460000000000000000e+02 -5.532948260443717459e-01
3.450000000000000000e+02 -5.537316048966944848e-01
3.440000000000000000e+02 -5.541705486318475593e-01
3.430000000000000000e+02 -5.546116592005685408e-01
3.420000000000000000e+02 -5.550549379836826613e-01
3.410000000000000000e+02 -5.555003857697768943e-01
3.400000000000000000e+02 -5.559480027326795248e-01
3.390000000000000000e+02 -5.563977884082875747e-01
3.380000000000000000e+02 -5.568497416710526116e-01
3.370000000000000000e+02 -5.573038607101192810e-01
3.360000000000000000e+02 -5.577601430047495201e-01
3.350000000000000000e+02 -5.582185852996768283e-01
3.340000000000000000e+02 -5.586791835797852990e-01
3.330000000000000000e+02 -5.591419330444481472e-01
3.320000000000000000e+02 -5.596068280814637808e-01
3.310000000000000000e+02 -5.600738622405841971e-01
3.300000000000000000e+02 -5.605430282066399261e-01
3.290000000000000000e+02 -5.610143177722410890e-01
3.280000000000000000e+02 -5.614877218101034240e-01
3.270000000000000000e+02 -5.619632302451081918e-01
3.260000000000000000e+02 -5.624408320257063831e-01
3.250000000000000000e+02 -5.629205150953142667e-01
3.240000000000000000e+02 -5.634022663630927630e-01
3.230000000000000000e+02 -5.638860716744368284e-01
3.220000000000000000e+02 -5.643719157812104870e-01
3.210000000000000000e+02 -5.648597823115208971e-01
3.200000000000000000e+02 -5.653496537393334354e-01
3.190000000000000000e+02 -5.658415113535063545e-01
3.180000000000000000e+02 -5.663353352268629681e-01
3.170000000000000000e+02 -5.668311041846461062e-01
3.160000000000000000e+02 -5.673287957728928577e-01
3.150000000000000000e+02 -5.678283862263857618e-01
3.140000000000000000e+02 -5.683298504364364678e-01
3.130000000000000000e+02 -5.688331619183896182e-01
3.120000000000000000e+02 -5.693382927787571379e-01
3.110000000000000000e+02 -5.698452130791140657e-01
3.100000000000000000e+02 -5.703538932149779805e-01
3.090000000000000000e+02 -5.708643002642728170e-01
3.080000000000000000e+02 -5.713764003653443169e-01
3.070000000000000000e+02 -5.718901580801141193e-01
3.060000000000000000e+02 -5.724055363597114754e-01
3.050000000000000000e+02 -5.729224965101460398e-01
3.040000000000000000e+02 -5.734409981574729587e-01
3.030000000000000000e+02 -5.739609992129891536e-01
3.020000000000000000e+02 -5.744824558379257873e-01
3.010000000000000000e+02 -5.750053224082161130e-01
3.000000000000000000e+02 -5.755295514787778233e-01
2.990000000000000000e+02 -5.760550937476690558e-01
2.980000000000000000e+02 -5.765818980200053678e-01
2.970000000000000000e+02 -5.771099111716730956e-01
2.960000000000000000e+02 -5.776390781125294582e-01
2.950000000000000000e+02 -5.781693417497639764e-01
2.940000000000000000e+02 -5.787006429505263672e-01
2.930000000000000000e+02 -5.792329205046080620e-01
2.920000000000000000e+02 -5.797661110865720557e-01
2.910000000000000000e+02 -5.803001492177047860e-01
2.900000000000000000e+02 -5.808349671228066891e-01
2.890000000000000000e+02 -5.813704950930815851e-01
2.880000000000000000e+02 -5.819066608673945096e-01
2.870000000000000000e+02 -5.824433899649079649e-01
2.860000000000000000e+02 -5.829806055551781663e-01
2.850000000000000000e+02 -5.835182284175086664e-01
2.840000000000000000e+02 -5.840561768997891701e-01
2.830000000000000000e+02 -5.845943668768256440e-01
2.820000000000000000e+02 -5.851327117081142060e-01
2.810000000000000000e+02 -5.856711221948108781e-01
2.800000000000000000e+02 -5.862095065362324942e-01
2.790000000000000000e+02 -5.867477702855075083e-01
2.780000000000000000e+02 -5.872858163044186730e-01
2.770000000000000000e+02 -5.878235447175736983e-01
2.760000000000000000e+02 -5.883608528655436265e-01
2.750000000000000000e+02 -5.888976352570659545e-01
2.740000000000000000e+02 -5.894337835203989906e-01
2.730000000000000000e+02 -5.899691863535045933e-01
2.720000000000000000e+02 -5.905037294730489661e-01
2.710000000000000000e+02 -5.910372955623677260e-01
2.700000000000000000e+02 -5.915697642180751670e-01
2.690000000000000000e+02 -5.921010118954026513e-01
2.680000000000000000e+02 -5.926309118520540764e-01
2.670000000000000000e+02 -5.931593340906703427e-01
2.660000000000000000e+02 -5.936861452996923250e-01
2.650000000000000000e+02 -5.942112087925802699e-01
2.640000000000000000e+02 -5.947343844454586748e-01
2.630000000000000000e+02 -5.952555286326182138e-01
2.620000000000000000e+02 -5.957744941605809252e-01
2.610000000000000000e+02 -5.962911301998663482e-01
2.600000000000000000e+02 -5.968052822147985603e-01
2.590000000000000000e+02 -5.973167918912014596e-01
2.580000000000000000e+02 -5.978254970617913333e-01
2.570000000000000000e+02 -5.983312316293283306e-01
2.560000000000000000e+02 -5.988338254871163890e-01
2.550000000000000000e+02 -5.993331044373678695e-01
2.540000000000000000e+02 -5.998288901065282896e-01
2.530000000000000000e+02 -6.003209998582260676e-01
2.520000000000000000e+02 -6.008092467031694861e-01
2.510000000000000000e+02 -6.012934392063048472e-01
2.500000000000000000e+02 -6.017733813908577867e-01
2.490000000000000000e+02 -6.022488726394680247e-01
2.480000000000000000e+02 -6.027197075917637425e-01
2.470000000000000000e+02 -6.031856760390996719e-01
2.460000000000000000e+02 -6.036465628155484042e-01
2.450000000000000000e+02 -6.041021476854947503e-01
2.440000000000000000e+02 -6.045522052279640457e-01
2.430000000000000000e+02 -6.049965047166778742e-01
2.420000000000000000e+02 -6.054348099969517616e-01
2.410000000000000000e+02 -6.058668793582876466e-01
2.400000000000000000e+02 -6.062924654033766680e-01
2.390000000000000000e+02 -6.067113149127871807e-01
2.380000000000000000e+02 -6.071231687056816151e-01
2.370000000000000000e+02 -6.075277614963315864e-01
2.360000000000000000e+02 -6.079248217462809301e-01
2.350000000000000000e+02 -6.083140715121303499e-01
2.340000000000000000e+02 -6.086952262889945287e-01
2.330000000000000000e+02 -6.090679948493110674e-01
2.320000000000000000e+02 -6.094320790770704210e-01
2.310000000000000000e+02 -6.097871737973316053e-01
2.300000000000000000e+02 -6.101329666011513497e-01
2.290000000000000000e+02 -6.104691376655801971e-01
2.280000000000000000e+02 -6.107953595685943204e-01
2.270000000000000000e+02 -6.111112970995364879e-01
2.260000000000000000e+02 -6.114166070640455475e-01
2.250000000000000000e+02 -6.117109380842917776e-01
2.240000000000000000e+02 -6.119939303938761732e-01
2.230000000000000000e+02 -6.122652156275442126e-01
2.220000000000000000e+02 -6.125244166058230189e-01
2.210000000000000000e+02 -6.127711471142344157e-01
2.200000000000000000e+02 -6.130050116771187385e-01
2.190000000000000000e+02 -6.132256053262261641e-01
2.180000000000000000e+02 -6.134325133637250627e-01
2.170000000000000000e+02 -6.136253111198164412e-01
2.160000000000000000e+02 -6.138035637047308812e-01
2.150000000000000000e+02 -6.139668257552169939e-01
2.140000000000000000e+02 -6.141146411753765078e-01
2.130000000000000000e+02 -6.142465428718147935e-01
2.120000000000000000e+02 -6.143620524830870622e-01
2.110000000000000000e+02 -6.144606801033244414e-01
2.100000000000000000e+02 -6.145419240001780414e-01
2.090000000000000000e+02 -6.146052703267520512e-01
2.080000000000000000e+02 -6.146501928276379978e-01
2.070000000000000000e+02 -6.146761525390544989e-01
2.060000000000000000e+02 -6.146825974827745398e-01
2.050000000000000000e+02 -6.146689623541444769e-01
2.040000000000000000e+02 -6.146346682037130416e-01
2.030000000000000000e+02 -6.145791221128292792e-01
2.020000000000000000e+02 -6.145017168625092063e-01
2.010000000000000000e+02 -6.144018305962277715e-01
2.000000000000000000e+02 -6.142788264758974881e-01
1.990000000000000000e+02 -6.141320523313847923e-01
1.980000000000000000e+02 -6.139608403028784522e-01
1.970000000000000000e+02 -6.137645064766104053e-01
1.960000000000000000e+02 -6.135423505132128197e-01
1.950000000000000000e+02 -6.132936552689814969e-01
1.940000000000000000e+02 -6.130176864095142619e-01
1.930000000000000000e+02 -6.127136920154263589e-01
1.920000000000000000e+02 -6.123809021804206276e-01
1.910000000000000000e+02 -6.120185286010307868e-01
1.900000000000000000e+02 -6.116257641575937321e-01
1.890000000000000000e+02 -6.112017824865645377e-01
1.880000000000000000e+02 -6.107457375436022851e-01
1.870000000000000000e+02 -6.102567631567196171e-01
1.860000000000000000e+02 -6.097339725698187607e-01
1.850000000000000000e+02 -6.091764579752763087e-01
1.840000000000000000e+02 -6.085832900355134800e-01
1.830000000000000000e+02 -6.079535173931943648e-01
1.820000000000000000e+02 -6.072861661687092294e-01
1.810000000000000000e+02 -6.065802394447306067e-01
1.800000000000000000e+02 -6.058347167375831566e-01
1.790000000000000000e+02 -6.050485534531071519e-01
1.780000000000000000e+02 -6.042206803280053551e-01
1.770000000000000000e+02 -6.033500028540448312e-01
1.760000000000000000e+02 -6.024354006850775045e-01
1.750000000000000000e+02 -6.014757270256724242e-01
1.740000000000000000e+02 -6.004698079991833692e-01
1.730000000000000000e+02 -5.994164419954164380e-01
1.720000000000000000e+02 -5.983143989948198627e-01
1.710000000000000000e+02 -5.971624198691937169e-01
1.700000000000000000e+02 -5.959592156554117670e-01
1.690000000000000000e+02 -5.947034668026545123e-01
1.680000000000000000e+02 -5.933938223881032314e-01
1.670000000000000000e+02 -5.920288993025405455e-01
1.660000000000000000e+02 -5.906072813995986159e-01
1.650000000000000000e+02 -5.891275186103797079e-01
1.640000000000000000e+02 -5.875881260160288333e-01
1.630000000000000000e+02 -5.859875828803839948e-01
1.620000000000000000e+02 -5.843243316347417338e-01
1.610000000000000000e+02 -5.825967768151696369e-01
1.600000000000000000e+02 -5.808032839466276132e-01
1.590000000000000000e+02 -5.789421783697016322e-01
1.580000000000000000e+02 -5.770117440086227623e-01
1.570000000000000000e+02 -5.750102220711593715e-01
1.560000000000000000e+02 -5.729358096804634259e-01
1.550000000000000000e+02 -5.707866584311306335e-01
1.540000000000000000e+02 -5.685608728620235031e-01
1.530000000000000000e+02 -5.662565088455234763e-01
1.520000000000000000e+02 -5.638715718804913068e-01
1.510000000000000000e+02 -5.614040152842716402e-01
1.500000000000000000e+02 -5.588517382795661348e-01
1.490000000000000000e+02 -5.562125839626835822e-01
1.480000000000000000e+02 -5.534843371457064398e-01
1.470000000000000000e+02 -5.506647217011482187e-01
1.460000000000000000e+02 -5.477513994830793820e-01
1.450000000000000000e+02 -5.447419658473077186e-01
1.440000000000000000e+02 -5.416339480786495075e-01
1.430000000000000000e+02 -5.384248021827382491e-01
1.420000000000000000e+02 -5.351119097619495557e-01
1.410000000000000000e+02 -5.316925746903042871e-01
1.400000000000000000e+02 -5.281640195677088645e-01
1.390000000000000000e+02 -5.245233819392360886e-01
1.380000000000000000e+02 -5.207677102637718880e-01
1.370000000000000000e+02 -5.168939596107297030e-01
1.360000000000000000e+02 -5.128989870723602573e-01
1.350000000000000000e+02 -5.087795468645350816e-01
1.340000000000000000e+02 -5.045322850982304486e-01
1.330000000000000000e+02 -5.001537341997770447e-01
