4.000000000000000000e+02 1.851764741706210415e+00
3.990000000000000000e+02 1.851450719235032905e+00
3.980000000000000000e+02 1.851135783138841084e+00
3.970000000000000000e+02 1.850819949488074601e+00
3.960000000000000000e+02 1.850503235132869184e+00
3.950000000000000000e+02 1.850185657721020283e+00
3.940000000000000000e+02 1.849867235715817015e+00
3.930000000000000000e+02 1.849547988413670296e+00
3.920000000000000000e+02 1.849227935961691438e+00
3.910000000000000000e+02 1.848907099375080021e+00
3.900000000000000000e+02 1.848585500554241312e+00
3.890000000000000000e+02 1.848263162301798435e+00
3.880000000000000000e+02 1.847940108339055199e+00
3.870000000000000000e+02 1.847616363322369670e+00
3.860000000000000000e+02 1.847291952859026143e+00
3.850000000000000000e+02 1.846966904132964826e+00
3.840000000000000000e+02 1.846641243563270196e+00
3.830000000000000000e+02 1.846315000238050841e+00
3.820000000000000000e+02 1.845988203719574061e+00
3.810000000000000000e+02 1.845660884593308237e+00
3.800000000000000000e+02 1.845333074480594693e+00
3.790000000000000000e+02 1.845004806050487112e+00
3.780000000000000000e+02 1.844676113030846443e+00
3.770000000000000000e+02 1.844347030218599137e+00
3.760000000000000000e+02 1.844017593488918472e+00
3.750000000000000000e+02 1.843687839803705319e+00
3.740000000000000000e+02 1.843357807218649835e+00
3.730000000000000000e+02 1.843027534889544850e+00
3.720000000000000000e+02 1.842697063077117337e+00
3.710000000000000000e+02 1.842366433150754101e+00
3.700000000000000000e+02 1.842035687590784621e+00
3.690000000000000000e+02 1.841704869989518878e+00
3.680000000000000000e+02 1.841374025050537933e+00
3.670000000000000000e+02 1.841043198586690410e+00
3.660000000000000000e+02 1.840712437516128119e+00
3.650000000000000000e+02 1.840381789857017614e+00
3.640000000000000000e+02 1.840051304719975356e+00
3.630000000000000000e+02 1.839721032298963221e+00
3.620000000000000000e+02 1.839391023859977325e+00
3.610000000000000000e+02 1.839061331727790405e+00
3.600000000000000000e+02 1.838732009270477086e+00
3.590000000000000000e+02 1.838403110881684066e+00
3.580000000000000000e+02 1.838074691960603690e+00
3.570000000000000000e+02 1.837746808889383576e+00
3.560000000000000000e+02 1.837419519008310687e+00
3.550000000000000000e+02 1.837092880588029331e+00
3.540000000000000000e+02 1.836766952799292696e+00
3.530000000000000000e+02 1.836441795679857769e+00
3.520000000000000000e+02 1.836117470098517002e+00
3.510000000000000000e+02 1.835794037716118821e+00
3.500000000000000000e+02 1.835471560943635172e+00
3.490000000000000000e+02 1.835150102896893065e+00
3.480000000000000000e+02 1.834829727348348261e+00
3.470000000000000000e+02 1.834510498675264278e+00
3.460000000000000000e+02 1.834192481804813646e+00
3.450000000000000000e+02 1.833875742155289590e+00
3.440000000000000000e+02 1.833560345574254624e+00
3.430000000000000000e+02 1.833246358272614396e+00
3.420000000000000000e+02 1.832933846755373741e+00
3.410000000000000000e+02 1.832622877748308898e+00
3.400000000000000000e+02 1.832313518121038154e+00
3.390000000000000000e+02 1.832005834806128775e+00
3.380000000000000000e+02 1.831699894714224452e+00
3.370000000000000000e+02 1.831395764645202817e+00
3.360000000000000000e+02 1.831093511195400536e+00
3.350000000000000000e+02 1.830793200660547626e+00
3.340000000000000000e+02 1.830494898934814874e+00
3.330000000000000000e+02 1.830198671405573796e+00
3.320000000000000000e+02 1.829904582844015248e+00
3.310000000000000000e+02 1.829612697291797208e+00
3.300000000000000000e+02 1.829323077943221021e+00
3.290000000000000000e+02 1.829035787023431947e+00
3.280000000000000000e+02 1.828750885662463466e+00
3.270000000000000000e+02 1.828468433765209067e+00
3.260000000000000000e+02 1.828188489877011769e+00
3.250000000000000000e+02 1.827911111045680492e+00
3.240000000000000000e+02 1.827636352679024467e+00
3.230000000000000000e+02 1.827364268398938618e+00
3.220000000000000000e+02 1.827094909891266106e+00
3.210000000000000000e+02 1.826828326752117926e+00
3.200000000000000000e+02 1.826564566330547867e+00
3.190000000000000000e+02 1.826303673567580166e+00
3.180000000000000000e+02 1.826045690832093893e+00
3.170000000000000000e+02 1.825790657753126434e+00
3.160000000000000000e+02 1.825538611049589477e+00
3.150000000000000000e+02 1.825289584356563077e+00
3.140000000000000000e+02 1.825043608049447208e+00
3.130000000000000000e+02 1.824800709065139026e+00
3.120000000000000000e+02 1.824560910721485740e+00
3.110000000000000000e+02 1.824324233017815100e+00
3.100000000000000000e+02 1.824090690517880864e+00
3.090000000000000000e+02 1.823860295061364489e+00
3.080000000000000000e+02 1.823633053646460001e+00
3.070000000000000000e+02 1.823408968724536283e+00
3.060000000000000000e+02 1.823188038012124146e+00
3.050000000000000000e+02 1.822970254302745730e+00
3.040000000000000000e+02 1.822755605279325009e+00
3.030000000000000000e+02 1.822544073327278635e+00
3.020000000000000000e+02 1.822335635348906191e+00
3.010000000000000000e+02 1.822130262579553017e+00
3.000000000000000000e+02 1.821927920405953971e+00
2.990000000000000000e+02 1.821728568187374053e+00
2.980000000000000000e+02 1.821532159079971125e+00
2.970000000000000000e+02 1.821338639865035081e+00
2.960000000000000000e+02 1.821147950781857761e+00
2.950000000000000000e+02 1.820960025365285784e+00
2.940000000000000000e+02 1.820774790289443557e+00
2.930000000000000000e+02 1.820592165217378877e+00
2.920000000000000000e+02 1.820412062658149921e+00
2.910000000000000000e+02 1.820234387831452860e+00
2.900000000000000000e+02 1.820059039838819448e+00
2.890000000000000000e+02 1.819885906566515166e+00
2.880000000000000000e+02 1.819714871762132091e+00
2.870000000000000000e+02 1.819545810321421264e+00
2.860000000000000000e+02 1.819378589317898642e+00
2.850000000000000000e+02 1.819213067930448346e+00
2.840000000000000000e+02 1.819049097384210389e+00
2.830000000000000000e+02 1.818886520905706350e+00
2.820000000000000000e+02 1.818725173693078956e+00
2.810000000000000000e+02 1.818564882902295121e+00
2.800000000000000000e+02 1.818405467650284546e+00
2.790000000000000000e+02 1.818246739035874748e+00
2.780000000000000000e+02 1.818088500179363853e+00
2.770000000000000000e+02 1.817930546281881554e+00
2.760000000000000000e+02 1.817772664705387342e+00
2.750000000000000000e+02 1.817614635073640628e+00
2.740000000000000000e+02 1.817456229396164025e+00
2.730000000000000000e+02 1.817297212215039925e+00
2.720000000000000000e+02 1.817137340776108223e+00
2.710000000000000000e+02 1.816976365224955980e+00
2.700000000000000000e+02 1.816814028828820149e+00
2.690000000000000000e+02 1.816650068225084347e+00
2.680000000000000000e+02 1.816484213697195482e+00
2.670000000000000000e+02 1.816316189478530907e+00
2.660000000000000000e+02 1.816145714085255936e+00
2.650000000000000000e+02 1.815972500678319390e+00
2.640000000000000000e+02 1.815796257455679186e+00
2.630000000000000000e+02 1.815616688074582763e+00
2.620000000000000000e+02 1.815433492105095858e+00
2.610000000000000000e+02 1.815246365514501692e+00
2.600000000000000000e+02 1.815055001183365491e+00
2.590000000000000000e+02 1.814859089452905749e+00
2.580000000000000000e+02 1.814658318704243545e+00
2.570000000000000000e+02 1.814452375968995224e+00
2.560000000000000000e+02 1.814240947571258644e+00
2.550000000000000000e+02 1.814023719800641254e+00
2.540000000000000000e+02 1.813800379615828628e+00
2.530000000000000000e+02 1.813570615377833706e+00
2.520000000000000000e+02 1.813334117612833030e+00
2.510000000000000000e+02 1.813090579802673075e+00
2.500000000000000000e+02 1.812839699202802413e+00
2.490000000000000000e+02 1.812581177685815170e+00
2.480000000000000000e+02 1.812314722609134732e+00
2.470000000000000000e+02 1.812040047705516965e+00
2.460000000000000000e+02 1.811756873993728867e+00
2.450000000000000000e+02 1.811464930708285515e+00
2.440000000000000000e+02 1.811163956244688622e+00
2.430000000000000000e+02 1.810853699118610161e+00
2.420000000000000000e+02 1.810533918935734121e+00
2.410000000000000000e+02 1.810204387369005685e+00
2.400000000000000000e+02 1.809864889140456290e+00
2.390000000000000000e+02 1.809515223003589579e+00
2.380000000000000000e+02 1.809155202722878775e+00
2.370000000000000000e+02 1.808784658045848648e+00
2.360000000000000000e+02 1.808403435664041048e+00
2.350000000000000000e+02 1.808011400157856441e+00
2.340000000000000000e+02 1.807608434920304541e+00
2.330000000000000000e+02 1.807194443055375466e+00
2.320000000000000000e+02 1.806769348244778195e+00
2.310000000000000000e+02 1.806333095578367409e+00
2.300000000000000000e+02 1.805885652341965297e+00
2.290000000000000000e+02 1.805427008757060303e+00
2.280000000000000000e+02 1.804957178665948181e+00
2.270000000000000000e+02 1.804476200156423182e+00
2.260000000000000000e+02 1.803984136119217041e+00
2.250000000000000000e+02 1.803481074732018907e+00
2.240000000000000000e+02 1.802967129863083828e+00
2.230000000000000000e+02 1.802442441388272698e+00
2.220000000000000000e+02 1.801907175413894890e+00
2.210000000000000000e+02 1.801361524399789582e+00
2.200000000000000000e+02 1.800805707174771619e+00
2.190000000000000000e+02 1.800239968838713622e+00
2.180000000000000000e+02 1.799664580544096948e+00
2.170000000000000000e+02 1.799079839150850013e+00
2.160000000000000000e+02 1.798486066748619994e+00
2.150000000000000000e+02 1.797883610039602065e+00
2.140000000000000000e+02 1.797272839577694459e+00
2.130000000000000000e+02 1.796654148857158795e+00
2.120000000000000000e+02 1.796027953246619013e+00
2.110000000000000000e+02 1.795394688764252455e+00
2.100000000000000000e+02 1.794754810689332958e+00
2.090000000000000000e+02 1.794108792007272912e+00
2.080000000000000000e+02 1.793457121685734679e+00
2.070000000000000000e+02 1.792800302778488897e+00
2.060000000000000000e+02 1.792138850357237745e+00
2.050000000000000000e+02 1.791473289269515989e+00
2.040000000000000000e+02 1.790804151723738302e+00
2.030000000000000000e+02 1.790131974702133144e+00
2.020000000000000000e+02 1.789457297204624986e+00
2.010000000000000000e+02 1.788780657325422130e+00
2.000000000000000000e+02 1.788102589167938739e+00
1.990000000000000000e+02 1.787423619602996228e+00
1.980000000000000000e+02 1.786744264876686250e+00
1.970000000000000000e+02 1.786065027076163769e+00
1.960000000000000000e+02 1.785386390462451400e+00
1.950000000000000000e+02 1.784708817680098702e+00
1.940000000000000000e+02 1.784032745856730884e+00
1.930000000000000000e+02 1.783358582604386289e+00
1.920000000000000000e+02 1.782686701937997942e+00
1.910000000000000000e+02 1.782017440127008356e+00
1.900000000000000000e+02 1.781351091497782368e+00
1.890000000000000000e+02 1.780687904205126681e+00
1.880000000000000000e+02 1.780028075994227521e+00
1.870000000000000000e+02 1.779371749975186434e+00
1.860000000000000000e+02 1.778719010432648240e+00
1.850000000000000000e+02 1.778069878696345363e+00
1.840000000000000000e+02 1.777424309099024047e+00
1.830000000000000000e+02 1.776782185049623930e+00
1.820000000000000000e+02 1.776143315250749311e+00
1.810000000000000000e+02 1.775507430092759575e+00
1.800000000000000000e+02 1.774874178254136403e+00
1.790000000000000000e+02 1.774243123544481326e+00
1.780000000000000000e+02 1.773613742023277817e+00
1.770000000000000000e+02 1.772985419431425846e+00
1.760000000000000000e+02 1.772357448972091909e+00
1.750000000000000000e+02 1.771729029479798934e+00
1.740000000000000000e+02 1.771099264017888419e+00
1.730000000000000000e+02 1.770467158942311992e+00
1.720000000000000000e+02 1.769831623475877080e+00
1.710000000000000000e+02 1.769191469832439800e+00
1.700000000000000000e+02 1.768545413935231236e+00
1.690000000000000000e+02 1.767892076770135823e+00
1.680000000000000000e+02 1.767229986419226018e+00
1.670000000000000000e+02 1.766557580815716344e+00
1.660000000000000000e+02 1.765873211265150511e+00
1.650000000000000000e+02 1.765175146773440895e+00
1.640000000000000000e+02 1.764461579226894949e+00
1.630000000000000000e+02 1.763730629461547350e+00
1.620000000000000000e+02 1.762980354266429517e+00
1.610000000000000000e+02 1.762208754356301199e+00
1.600000000000000000e+02 1.761413783352248741e+00
1.590000000000000000e+02 1.760593357806125026e+00
1.580000000000000000e+02 1.759745368298902601e+00
1.570000000000000000e+02 1.758867691646339049e+00
1.560000000000000000e+02 1.757958204234848498e+00
1.550000000000000000e+02 1.757014796512891275e+00
1.540000000000000000e+02 1.756035388656239205e+00
1.530000000000000000e+02 1.755017947419617919e+00
1.520000000000000000e+02 1.753960504184826963e+00
1.510000000000000000e+02 1.752861174209248141e+00
1.500000000000000000e+02 1.751718177069248927e+00
1.490000000000000000e+02 1.750529858290543306e+00
1.480000000000000000e+02 1.749294712148960818e+00
1.470000000000000000e+02 1.748011404968891291e+00
1.460000000000000000e+02 1.746678802558120358e+00
1.450000000000000000e+02 1.745295993009666535e+00
1.440000000000000000e+02 1.743862315921444361e+00
1.430000000000000000e+02 1.742377390008091886e+00
1.420000000000000000e+02 1.740841142089389892e+00
1.410000000000000000e+02 1.739253836885972015e+00
1.400000000000000000e+02 1.737616107529849074e+00
1.390000000000000000e+02 1.735928986691720910e+00
1.380000000000000000e+02 1.734193938211922026e+00
1.370000000000000000e+02 1.732412889115398480e+00
1.360000000000000000e+02 1.730588261878366785e+00
1.350000000000000000e+02 1.728723006809043339e+00
1.340000000000000000e+02 1.726820634394741871e+00
1.330000000000000000e+02 1.724885247458516568e+00
1.320000000000000000e+02 1.722921572968075354e+00
1.310000000000000000e+02 1.720934993323037565e+00
1.300000000000000000e+02 1.718931576960442964e+00
1.290000000000000000e+02 1.716918108100307983e+00
1.280000000000000000e+02 1.714902115462745069e+00
1.270000000000000000e+02 1.712891899787843730e+00
1.260000000000000000e+02 1.710896559991967880e+00
1.250000000000000000e+02 1.708926017807833375e+00
1.240000000000000000e+02 1.706991040757959155e+00
1.230000000000000000e+02 1.705103263327105267e+00
1.220000000000000000e+02 1.703275206217410354e+00
1.210000000000000000e+02 1.701520293583364651e+00
1.200000000000000000e+02 1.699852868171810361e+00
1.190000000000000000e+02 1.698288204309241545e+00
1.180000000000000000e+02 1.696842518716836778e+00
1.170000000000000000e+02 1.695532979150281339e+00
1.160000000000000000e+02 1.694377710917285729e+00
1.150000000000000000e+02 1.693395801335031203e+00
1.140000000000000000e+02 1.692607302258626101e+00
1.130000000000000000e+02 1.692033230827771462e+00
1.120000000000000000e+02 1.691695568647673342e+00
1.110000000000000000e+02 1.691617259643089621e+00
1.100000000000000000e+02 1.691822206897235281e+00
1.090000000000000000e+02 1.692335268818022431e+00
1.080000000000000000e+02 1.693182255039042072e+00
1.070000000000000000e+02 1.694389922508226620e+00
1.060000000000000000e+02 1.695985972271825570e+00
1.050000000000000000e+02 1.697999047513528037e+00
1.040000000000000000e+02 1.700458733477714368e+00
1.030000000000000000e+02 1.703395559916947466e+00
1.020000000000000000e+02 1.706841006812065187e+00
1.010000000000000000e+02 1.710827514115083048e+00
1.000000000000000000e+02 1.715388496333247526e+00
9.900000000000000000e+01 1.720558362826217325e+00
9.800000000000000000e+01 1.726372544708507206e+00
9.700000000000000000e+01 1.732867529288600661e+00
9.600000000000000000e+01 1.740080903048148997e+00
9.500000000000000000e+01 1.748051404121499175e+00
9.400000000000000000e+01 1.756818985311997539e+00
9.300000000000000000e+01 1.766424888687884831e+00
9.200000000000000000e+01 1.776911732758078788e+00
9.100000000000000000e+01 1.788323613272865042e+00
9.000000000000000000e+01 1.800706218666908276e+00
8.900000000000000000e+01 1.814106961071791924e+00
8.800000000000000000e+01 1.828575123882390185e+00
8.700000000000000000e+01 1.844162026700720824e+00
