4.000000000000000000e+02 9.026342656410411835e-02
3.990000000000000000e+02 9.026261251261971652e-02
3.980000000000000000e+02 9.026177764895121358e-02
3.970000000000000000e+02 9.026092202670132902e-02
3.960000000000000000e+02 9.026004575180064660e-02
3.950000000000000000e+02 9.025914898691633770e-02
3.940000000000000000e+02 9.025823195588364434e-02
3.930000000000000000e+02 9.025729494849410450e-02
3.920000000000000000e+02 9.025633832554007252e-02
3.910000000000000000e+02 9.025536252407247162e-02
3.900000000000000000e+02 9.025436806292649883e-02
3.890000000000000000e+02 9.025335554864119536e-02
3.880000000000000000e+02 9.025232568149185730e-02
3.870000000000000000e+02 9.025127926192624828e-02
3.860000000000000000e+02 9.025021719735153158e-02
3.850000000000000000e+02 9.024914017035100267e-02
3.840000000000000000e+02 9.024804995473094393e-02
3.830000000000000000e+02 9.024694752386966390e-02
3.820000000000000000e+02 9.024583428599415591e-02
3.810000000000000000e+02 9.024471179483901928e-02
3.800000000000000000e+02 9.024358175849092611e-02
3.790000000000000000e+02 9.024244604851328067e-02
3.780000000000000000e+02 9.024130670959244760e-02
3.770000000000000000e+02 9.024016596945991231e-02
3.760000000000000000e+02 9.023902624937722716e-02
3.750000000000000000e+02 9.023789017483666020e-02
3.740000000000000000e+02 9.023676058692231550e-02
3.730000000000000000e+02 9.023564055394103778e-02
3.720000000000000000e+02 9.023453338359463394e-02
3.710000000000000000e+02 9.023344263558384648e-02
3.700000000000000000e+02 9.023237213470886031e-02
3.690000000000000000e+02 9.023132598444424946e-02
3.680000000000000000e+02 9.023030858094019391e-02
3.670000000000000000e+02 9.022932462763333383e-02
3.660000000000000000e+02 9.022837915025024025e-02
3.650000000000000000e+02 9.022747751242082836e-02
3.640000000000000000e+02 9.022662543174095329e-02
3.630000000000000000e+02 9.022582899637451859e-02
3.620000000000000000e+02 9.022509468223199880e-02
3.610000000000000000e+02 9.022442937060892731e-02
3.600000000000000000e+02 9.022384036642223937e-02
3.590000000000000000e+02 9.022333541690855108e-02
3.580000000000000000e+02 9.022292273112689220e-02
3.570000000000000000e+02 9.022261099947292973e-02
3.560000000000000000e+02 9.022240941440040629e-02
3.550000000000000000e+02 9.022232769117721762e-02
3.540000000000000000e+02 9.022237608943539655e-02
3.530000000000000000e+02 9.022256543518747396e-02
3.520000000000000000e+02 9.022290714344023688e-02
3.510000000000000000e+02 9.022341324116645023e-02
3.500000000000000000e+02 9.022409639109325863e-02
3.490000000000000000e+02 9.022496991578839165e-02
3.480000000000000000e+02 9.022604782224219466e-02
3.470000000000000000e+02 9.022734482712113646e-02
3.460000000000000000e+02 9.022887638236307128e-02
3.450000000000000000e+02 9.023065870127601473e-02
3.440000000000000000e+02 9.023270878501582493e-02
3.430000000000000000e+02 9.023504444979382755e-02
3.420000000000000000e+02 9.023768435409190714e-02
3.410000000000000000e+02 9.024064802647817352e-02
3.400000000000000000e+02 9.024395589380798666e-02
3.390000000000000000e+02 9.024762930974306041e-02
3.380000000000000000e+02 9.025169058355633767e-02
3.370000000000000000e+02 9.025616300910024870e-02
3.360000000000000000e+02 9.026107089432126862e-02
3.350000000000000000e+02 9.026643959063011813e-02
3.340000000000000000e+02 9.027229552271108515e-02
3.330000000000000000e+02 9.027866621829017113e-02
3.320000000000000000e+02 9.028558033804567895e-02
3.310000000000000000e+02 9.029306770554133832e-02
3.300000000000000000e+02 9.030115933714030763e-02
3.290000000000000000e+02 9.030988747180870857e-02
3.280000000000000000e+02 9.031928560084076518e-02
3.270000000000000000e+02 9.032938849741639631e-02
3.260000000000000000e+02 9.034023224569104338e-02
3.250000000000000000e+02 9.035185426993985747e-02
3.240000000000000000e+02 9.036429336280599189e-02
3.230000000000000000e+02 9.037758971363890614e-02
3.220000000000000000e+02 9.039178493583072127e-02
3.210000000000000000e+02 9.040692209370758403e-02
3.200000000000000000e+02 9.042304572874160229e-02
3.190000000000000000e+02 9.044020188487227052e-02
3.180000000000000000e+02 9.045843813301726599e-02
3.170000000000000000e+02 9.047780359444038134e-02
3.160000000000000000e+02 9.049834896331482303e-02
3.150000000000000000e+02 9.052012652774726886e-02
3.140000000000000000e+02 9.054319018975917621e-02
3.130000000000000000e+02 9.056759548369766599e-02
3.120000000000000000e+02 9.059339959327561420e-02
3.110000000000000000e+02 9.062066193303244810e-02
3.100000000000000000e+02 9.064944189702178745e-02
3.090000000000000000e+02 9.067980226779429054e-02
3.080000000000000000e+02 9.071180696114351794e-02
3.070000000000000000e+02 9.074552159977652965e-02
3.060000000000000000e+02 9.078101351856468493e-02
3.050000000000000000e+02 9.081835176721000935e-02
3.040000000000000000e+02 9.085760711054614858e-02
3.030000000000000000e+02 9.089885202587635882e-02
3.020000000000000000e+02 9.094216069769259225e-02
3.010000000000000000e+02 9.098760900916881555e-02
3.000000000000000000e+02 9.103527453064162722e-02
2.990000000000000000e+02 9.108523650463072607e-02
2.980000000000000000e+02 9.113757582742471053e-02
2.970000000000000000e+02 9.119237502695300146e-02
2.960000000000000000e+02 9.124971823708571961e-02
2.950000000000000000e+02 9.130969116729863166e-02
2.940000000000000000e+02 9.137238106920705927e-02
2.930000000000000000e+02 9.143787669770445103e-02
2.920000000000000000e+02 9.150626826826277482e-02
2.910000000000000000e+02 9.157764740934158654e-02
2.900000000000000000e+02 9.165210643520914358e-02
2.890000000000000000e+02 9.172974087801494258e-02
2.880000000000000000e+02 9.181064568803007364e-02
2.870000000000000000e+02 9.189491756783108034e-02
2.860000000000000000e+02 9.198265431844848683e-02
2.850000000000000000e+02 9.207395476018903624e-02
2.840000000000000000e+02 9.216891864722201455e-02
2.830000000000000000e+02 9.226764657641857437e-02
2.820000000000000000e+02 9.237023988970585742e-02
2.810000000000000000e+02 9.247680057012724886e-02
2.800000000000000000e+02 9.258743113136769232e-02
2.790000000000000000e+02 9.270223450044406954e-02
2.780000000000000000e+02 9.282131389356432227e-02
2.770000000000000000e+02 9.294477268499531930e-02
2.760000000000000000e+02 9.307271426875220188e-02
2.750000000000000000e+02 9.320524191285337046e-02
2.740000000000000000e+02 9.334245860626907976e-02
2.730000000000000000e+02 9.348446689826196698e-02
2.720000000000000000e+02 9.363136872996519200e-02
2.710000000000000000e+02 9.378326525840777195e-02
2.700000000000000000e+02 9.394025667234137678e-02
2.690000000000000000e+02 9.410244200029639627e-02
2.680000000000000000e+02 9.426991891066627272e-02
2.670000000000000000e+02 9.444278350344489925e-02
2.660000000000000000e+02 9.462113009415629161e-02
2.650000000000000000e+02 9.480505098934702279e-02
2.640000000000000000e+02 9.499463625409595990e-02
2.630000000000000000e+02 9.518997347127558517e-02
2.620000000000000000e+02 9.539114749267606219e-02
2.610000000000000000e+02 9.559824018213941565e-02
2.600000000000000000e+02 9.581133015064546843e-02
2.590000000000000000e+02 9.603049248341570532e-02
2.580000000000000000e+02 9.625579845944620683e-02
2.570000000000000000e+02 9.648731526309380080e-02
2.560000000000000000e+02 9.672510568866612979e-02
2.550000000000000000e+02 9.696922783737427221e-02
2.540000000000000000e+02 9.721973480756707087e-02
2.530000000000000000e+02 9.747667437819682035e-02
2.520000000000000000e+02 9.774008868602915290e-02
2.510000000000000000e+02 9.801001389674413034e-02
2.500000000000000000e+02 9.828647987058243551e-02
2.490000000000000000e+02 9.856950982287375485e-02
2.480000000000000000e+02 9.885911997993482303e-02
2.470000000000000000e+02 9.915531923104978218e-02
2.460000000000000000e+02 9.945810877695826502e-02
2.450000000000000000e+02 9.976748177560264275e-02
2.440000000000000000e+02 1.000834229861035374e-01
2.430000000000000000e+02 1.004059084112586542e-01
2.420000000000000000e+02 1.007349049400078078e-01
2.410000000000000000e+02 1.010703699904048902e-01
2.400000000000000000e+02 1.014122511543290861e-01
2.390000000000000000e+02 1.017604858448397237e-01
2.380000000000000000e+02 1.021150009477169718e-01
2.370000000000000000e+02 1.024757124779462902e-01
2.360000000000000000e+02 1.028425252426820313e-01
2.350000000000000000e+02 1.032153325127439930e-01
2.340000000000000000e+02 1.035940157028375358e-01
2.330000000000000000e+02 1.039784440634145823e-01
2.320000000000000000e+02 1.043684743851659991e-01
2.310000000000000000e+02 1.047639507181850060e-01
2.300000000000000000e+02 1.051647041075682021e-01
2.290000000000000000e+02 1.055705523475716778e-01
2.280000000000000000e+02 1.059812997563963632e-01
2.270000000000000000e+02 1.063967369736516233e-01
2.260000000000000000e+02 1.068166407828790576e-01
2.250000000000000000e+02 1.072407739614422845e-01
2.240000000000000000e+02 1.076688851603657127e-01
2.230000000000000000e+02 1.081007088161543006e-01
2.220000000000000000e+02 1.085359650979350055e-01
2.210000000000000000e+02 1.089743598916933232e-01
2.200000000000000000e+02 1.094155848250268626e-01
2.190000000000000000e+02 1.098593173346575774e-01
2.180000000000000000e+02 1.103052207796116346e-01
2.170000000000000000e+02 1.107529446027862852e-01
2.160000000000000000e+02 1.112021245436775885e-01
2.150000000000000000e+02 1.116523829047746941e-01
2.140000000000000000e+02 1.121033288746720591e-01
2.130000000000000000e+02 1.125545589100503951e-01
2.120000000000000000e+02 1.130056571789784525e-01
2.110000000000000000e+02 1.134561960683692500e-01
2.100000000000000000e+02 1.139057367571264801e-01
2.090000000000000000e+02 1.143538298573918005e-01
2.080000000000000000e+02 1.148000161253654450e-01
2.070000000000000000e+02 1.152438272432808608e-01
2.060000000000000000e+02 1.156847866739312836e-01
2.050000000000000000e+02 1.161224105879287150e-01
2.040000000000000000e+02 1.165562088648726818e-01
2.030000000000000000e+02 1.169856861681072280e-01
2.020000000000000000e+02 1.174103430925692859e-01
2.010000000000000000e+02 1.178296773850458223e-01
2.000000000000000000e+02 1.182431852351715496e-01
1.990000000000000000e+02 1.186503626352449076e-01
1.980000000000000000e+02 1.190507068062954810e-01
1.970000000000000000e+02 1.194437176869635742e-01
1.960000000000000000e+02 1.198288994815314423e-01
1.950000000000000000e+02 1.202057622623547012e-01
1.940000000000000000e+02 1.205738236211458814e-01
1.930000000000000000e+02 1.209326103640149253e-01
1.920000000000000000e+02 1.212816602422927270e-01
1.910000000000000000e+02 1.216205237127192251e-01
1.900000000000000000e+02 1.219487657184465806e-01
1.890000000000000000e+02 1.222659674819983611e-01
1.880000000000000000e+02 1.225717283008506270e-01
1.870000000000000000e+02 1.228656673354711071e-01
1.860000000000000000e+02 1.231474253787707418e-01
1.850000000000000000e+02 1.234166665963043474e-01
1.840000000000000000e+02 1.236730802245202820e-01
1.830000000000000000e+02 1.239163822155542327e-01
1.820000000000000000e+02 1.241463168153501828e-01
1.810000000000000000e+02 1.243626580626053663e-01
1.800000000000000000e+02 1.245652111940615675e-01
1.790000000000000000e+02 1.247538139443325200e-01
1.780000000000000000e+02 1.249283377251012850e-01
1.770000000000000000e+02 1.250886886703932444e-01
1.760000000000000000e+02 1.252348085345051654e-01
1.750000000000000000e+02 1.253666754279668116e-01
1.740000000000000000e+02 1.254843043790252466e-01
1.730000000000000000e+02 1.255877477053307656e-01
1.720000000000000000e+02 1.256770951842602901e-01
1.710000000000000000e+02 1.257524740067836322e-01
1.700000000000000000e+02 1.258140485031492839e-01
1.690000000000000000e+02 1.258620196260672175e-01
1.680000000000000000e+02 1.258966241793926799e-01
1.670000000000000000e+02 1.259181337789035682e-01
1.660000000000000000e+02 1.259268535323128102e-01
1.650000000000000000e+02 1.259231204256631709e-01
1.640000000000000000e+02 1.259073014031226179e-01
1.630000000000000000e+02 1.258797911262021230e-01
1.620000000000000000e+02 1.258410093993622136e-01
1.610000000000000000e+02 1.257913982473490011e-01
1.600000000000000000e+02 1.257314186283878532e-01
1.590000000000000000e+02 1.256615467705414213e-01
1.580000000000000000e+02 1.255822701096971361e-01
1.570000000000000000e+02 1.254940828170739708e-01
1.560000000000000000e+02 1.253974808923739026e-01
1.550000000000000000e+02 1.252929568059716614e-01
1.540000000000000000e+02 1.251809936670255086e-01
1.530000000000000000e+02 1.250620588945118850e-01
1.520000000000000000e+02 1.249365973669151753e-01
1.510000000000000000e+02 1.248050240261417559e-01
1.500000000000000000e+02 1.246677159050538219e-01
1.490000000000000000e+02 1.245250035544036987e-01
1.480000000000000000e+02 1.243771618369341192e-01
1.470000000000000000e+02 1.242244003211221692e-01
1.460000000000000000e+02 1.240668517519747382e-01
1.450000000000000000e+02 1.239045621294081190e-01
1.440000000000000000e+02 1.237374778257556429e-01
1.430000000000000000e+02 1.235654329803131252e-01
1.420000000000000000e+02 1.233881358929205529e-01
1.410000000000000000e+02 1.232051546005415305e-01
1.400000000000000000e+02 1.230159016227004298e-01
1.390000000000000000e+02 1.228196178725159959e-01
1.380000000000000000e+02 1.226153557384739995e-01
1.370000000000000000e+02 1.224019613531135697e-01
1.360000000000000000e+02 1.221780560824043682e-01
1.350000000000000000e+02 1.219420172840193217e-01
1.340000000000000000e+02 1.216919584067749360e-01
1.330000000000000000e+02 1.214257085227530009e-01
1.320000000000000000e+02 1.211407914165731625e-01
1.310000000000000000e+02 1.208344043797856260e-01
1.300000000000000000e+02 1.205033968978231756e-01
1.290000000000000000e+02 1.201442494514978199e-01
1.280000000000000000e+02 1.197530526910460524e-01
1.270000000000000000e+02 1.193254872871940125e-01
1.260000000000000000e+02 1.188568047961088558e-01
1.250000000000000000e+02 1.183418099278962382e-01
1.240000000000000000e+02 1.177748446329380805e-01
1.230000000000000000e+02 1.171497744644597466e-01
1.220000000000000000e+02 1.164599776979432788e-01
1.210000000000000000e+02 1.156983377047876710e-01
1.200000000000000000e+02 1.148572390880542998e-01
1.190000000000000000e+02 1.139285680696908720e-01
1.180000000000000000e+02 1.129037175975949742e-01
1.170000000000000000e+02 1.117735975837041429e-01
1.160000000000000000e+02 1.105286506131576696e-01
1.150000000000000000e+02 1.091588733631598251e-01
1.140000000000000000e+02 1.076538438398071118e-01
1.130000000000000000e+02 1.060027543904740882e-01
1.120000000000000000e+02 1.041944502660349936e-01
1.110000000000000000e+02 1.022174733101710448e-01
1.100000000000000000e+02 1.000601101355686057e-01
1.090000000000000000e+02 9.771044392391350919e-02
1.080000000000000000e+02 9.515640876336955989e-02
1.070000000000000000e+02 9.238584522998154192e-02
1.060000000000000000e+02 8.938655573346188099e-02
1.050000000000000000e+02 8.614635799788129822e-02
1.040000000000000000e+02 8.265313495318710180e-02
1.030000000000000000e+02 7.889487926836513676e-02
1.020000000000000000e+02 7.485973078635632660e-02
1.010000000000000000e+02 7.053600521911032595e-02
1.000000000000000000e+02 6.591221262374362400e-02
9.900000000000000000e+01 6.097706442513826930e-02
9.800000000000000000e+01 5.571946803094656592e-02
