4.000000000000000000e+02 1.172981151291400126e+00
3.990000000000000000e+02 1.172981975457900727e+00
3.980000000000000000e+02 1.172982852974737478e+00
3.970000000000000000e+02 1.172983787111492093e+00
3.960000000000000000e+02 1.172984781322621517e+00
3.950000000000000000e+02 1.172985839257078000e+00
3.940000000000000000e+02 1.172986964767880780e+00
3.930000000000000000e+02 1.172988161922431827e+00
3.920000000000000000e+02 1.172989435013145343e+00
3.910000000000000000e+02 1.172990788568441189e+00
3.900000000000000000e+02 1.172992227364549445e+00
3.890000000000000000e+02 1.172993756437216595e+00
3.880000000000000000e+02 1.172995381094446010e+00
3.870000000000000000e+02 1.172997106929362321e+00
3.860000000000000000e+02 1.172998939833922671e+00
3.850000000000000000e+02 1.173000885426748852e+00
3.840000000000000000e+02 1.173002951331785226e+00
3.830000000000000000e+02 1.173005143907449366e+00
3.820000000000000000e+02 1.173007470385599715e+00
3.810000000000000000e+02 1.173009938372665983e+00
3.800000000000000000e+02 1.173012555866657536e+00
3.790000000000000000e+02 1.173015331274690709e+00
3.780000000000000000e+02 1.173018273431281067e+00
3.770000000000000000e+02 1.173021391617105946e+00
3.760000000000000000e+02 1.173024695578656074e+00
3.750000000000000000e+02 1.173028195548357022e+00
3.740000000000000000e+02 1.173031902265526227e+00
3.730000000000000000e+02 1.173035826997984810e+00
3.720000000000000000e+02 1.173039981564439227e+00
3.710000000000000000e+02 1.173044378357488648e+00
3.700000000000000000e+02 1.173049030367473655e+00
3.690000000000000000e+02 1.173053951207143619e+00
3.680000000000000000e+02 1.173059155136914944e+00
3.670000000000000000e+02 1.173064657091112073e+00
3.660000000000000000e+02 1.173070472704801803e+00
3.650000000000000000e+02 1.173076618341649002e+00
3.640000000000000000e+02 1.173083111122418920e+00
3.630000000000000000e+02 1.173089968954402540e+00
3.620000000000000000e+02 1.173097210561604209e+00
3.610000000000000000e+02 1.173104855515837874e+00
3.600000000000000000e+02 1.173112924268518986e+00
3.590000000000000000e+02 1.173121438183576837e+00
3.580000000000000000e+02 1.173130419570991068e+00
3.570000000000000000e+02 1.173139891721147077e+00
3.560000000000000000e+02 1.173149878940318303e+00
3.550000000000000000e+02 1.173160406586726712e+00
3.540000000000000000e+02 1.173171501107616699e+00
3.530000000000000000e+02 1.173183190077097704e+00
3.520000000000000000e+02 1.173195502234889886e+00
3.510000000000000000e+02 1.173208467525967302e+00
3.500000000000000000e+02 1.173222117140646725e+00
3.490000000000000000e+02 1.173236483556224119e+00
3.480000000000000000e+02 1.173251600578755216e+00
3.470000000000000000e+02 1.173267503385875488e+00
3.460000000000000000e+02 1.173284228570560694e+00
3.450000000000000000e+02 1.173301814185197189e+00
3.440000000000000000e+02 1.173320299786967169e+00
3.430000000000000000e+02 1.173339726483473289e+00
3.420000000000000000e+02 1.173360136979296309e+00
3.410000000000000000e+02 1.173381575623100748e+00
3.400000000000000000e+02 1.173404088455441308e+00
3.390000000000000000e+02 1.173427723257044031e+00
3.380000000000000000e+02 1.173452529597800664e+00
3.370000000000000000e+02 1.173478558886032586e+00
3.360000000000000000e+02 1.173505864418487921e+00
3.350000000000000000e+02 1.173534501430437471e+00
3.340000000000000000e+02 1.173564527146413461e+00
3.330000000000000000e+02 1.173596000831067299e+00
3.320000000000000000e+02 1.173628983840151685e+00
3.310000000000000000e+02 1.173663539672084477e+00
3.300000000000000000e+02 1.173699734018986307e+00
3.290000000000000000e+02 1.173737634818290854e+00
3.280000000000000000e+02 1.173777312303969644e+00
3.270000000000000000e+02 1.173818839057676922e+00
3.260000000000000000e+02 1.173862290059569879e+00
3.250000000000000000e+02 1.173907742739003446e+00
3.240000000000000000e+02 1.173955277024373300e+00
3.230000000000000000e+02 1.174004975392854755e+00
3.220000000000000000e+02 1.174056922919105794e+00
3.210000000000000000e+02 1.174111207323231820e+00
3.200000000000000000e+02 1.174167919017951922e+00
3.190000000000000000e+02 1.174227151154511262e+00
3.180000000000000000e+02 1.174288999667559397e+00
3.170000000000000000e+02 1.174353563318266902e+00
3.160000000000000000e+02 1.174420943736626421e+00
3.150000000000000000e+02 1.174491245461076305e+00
3.140000000000000000e+02 1.174564575977216530e+00
3.130000000000000000e+02 1.174641045753698876e+00
3.120000000000000000e+02 1.174720768276334537e+00
3.110000000000000000e+02 1.174803860729884297e+00
3.100000000000000000e+02 1.174890441425490151e+00
3.090000000000000000e+02 1.174980633728587520e+00
3.080000000000000000e+02 1.175074563480378531e+00
3.070000000000000000e+02 1.175172359667670641e+00
3.060000000000000000e+02 1.175274154438606722e+00
3.050000000000000000e+02 1.175380083114769381e+00
3.040000000000000000e+02 1.175490284198881241e+00
3.030000000000000000e+02 1.175604899378154933e+00
3.020000000000000000e+02 1.175724073523283231e+00
3.010000000000000000e+02 1.175847954681931817e+00
3.000000000000000000e+02 1.175976694067233375e+00
2.990000000000000000e+02 1.176110446040618207e+00
2.980000000000000000e+02 1.176249368088599034e+00
2.970000000000000000e+02 1.176393620793312333e+00
2.960000000000000000e+02 1.176543367796531347e+00
2.950000000000000000e+02 1.176698775756632509e+00
2.940000000000000000e+02 1.176860014297995249e+00
2.930000000000000000e+02 1.177027255953116525e+00
2.920000000000000000e+02 1.177200676096077148e+00
2.910000000000000000e+02 1.177380452868162397e+00
2.900000000000000000e+02 1.177566765930764925e+00
2.890000000000000000e+02 1.177759800836247095e+00
2.880000000000000000e+02 1.177959742483665417e+00
2.870000000000000000e+02 1.178166779146669008e+00
2.860000000000000000e+02 1.178381101350056248e+00
2.850000000000000000e+02 1.178602901735683828e+00
2.840000000000000000e+02 1.178832374916767955e+00
2.830000000000000000e+02 1.179069717320485822e+00
2.820000000000000000e+02 1.179315127018372378e+00
2.810000000000000000e+02 1.179568803544056355e+00
2.800000000000000000e+02 1.179830947698108146e+00
2.790000000000000000e+02 1.180101761339247268e+00
2.780000000000000000e+02 1.180381447161967579e+00
2.770000000000000000e+02 1.180670208459780879e+00
2.760000000000000000e+02 1.180968248874157078e+00
2.750000000000000000e+02 1.181275772128080215e+00
2.740000000000000000e+02 1.181592981744869819e+00
2.730000000000000000e+02 1.181920080751166058e+00
2.720000000000000000e+02 1.182257271364159035e+00
2.710000000000000000e+02 1.182604754662667901e+00
2.700000000000000000e+02 1.182962730241963412e+00
2.690000000000000000e+02 1.183331395852073253e+00
2.680000000000000000e+02 1.183710947019269488e+00
2.670000000000000000e+02 1.184101576651003684e+00
2.660000000000000000e+02 1.184503474623943342e+00
2.650000000000000000e+02 1.184916827354896673e+00
2.640000000000000000e+02 1.185341817355352267e+00
2.630000000000000000e+02 1.185778622769004365e+00
2.620000000000000000e+02 1.186227416892691400e+00
2.610000000000000000e+02 1.186688367681394851e+00
2.600000000000000000e+02 1.187161637236723966e+00
2.590000000000000000e+02 1.187647381280225067e+00
2.580000000000000000e+02 1.188145748611104224e+00
2.570000000000000000e+02 1.188656880549750605e+00
2.560000000000000000e+02 1.189180910367099608e+00
2.550000000000000000e+02 1.189717962700686194e+00
2.540000000000000000e+02 1.190268152958528391e+00
2.530000000000000000e+02 1.190831586711385448e+00
2.520000000000000000e+02 1.191408359074857204e+00
2.510000000000000000e+02 1.191998554082029926e+00
2.500000000000000000e+02 1.192602244048521332e+00
2.490000000000000000e+02 1.193219488930699290e+00
2.480000000000000000e+02 1.193850335679242036e+00
2.470000000000000000e+02 1.194494817589327518e+00
2.460000000000000000e+02 1.195152953649114780e+00
2.450000000000000000e+02 1.195824747889052686e+00
2.440000000000000000e+02 1.196510188733389102e+00
2.430000000000000000e+02 1.197209248356528644e+00
2.420000000000000000e+02 1.197921882046381503e+00
2.410000000000000000e+02 1.198648027577288389e+00
2.400000000000000000e+02 1.199387604594913892e+00
2.390000000000000000e+02 1.200140514016155180e+00
2.380000000000000000e+02 1.200906637446709224e+00
2.370000000000000000e+02 1.201685836619270420e+00
2.360000000000000000e+02 1.202477952855556698e+00
2.350000000000000000e+02 1.203282806555620255e+00
2.340000000000000000e+02 1.204100196716885174e+00
2.330000000000000000e+02 1.204929900487917482e+00
2.320000000000000000e+02 1.205771672758479740e+00
2.310000000000000000e+02 1.206625245791314471e+00
2.300000000000000000e+02 1.207490328897944831e+00
2.290000000000000000e+02 1.208366608163075284e+00
2.280000000000000000e+02 1.209253746220808390e+00
2.270000000000000000e+02 1.210151382086878558e+00
2.260000000000000000e+02 1.211059131050238546e+00
2.250000000000000000e+02 1.211976584628194464e+00
2.240000000000000000e+02 1.212903310588496542e+00
2.230000000000000000e+02 1.213838853042379151e+00
2.220000000000000000e+02 1.214782732611706662e+00
2.210000000000000000e+02 1.215734446674273217e+00
2.200000000000000000e+02 1.216693469690079077e+00
2.190000000000000000e+02 1.217659253612383585e+00
2.180000000000000000e+02 1.218631228385988363e+00
2.170000000000000000e+02 1.219608802535937730e+00
2.160000000000000000e+02 1.220591363849295785e+00
2.150000000000000000e+02 1.221578280151763396e+00
2.140000000000000000e+02 1.222568900182128715e+00
2.130000000000000000e+02 1.223562554565391869e+00
2.120000000000000000e+02 1.224558556885777749e+00
2.110000000000000000e+02 1.225556204861694587e+00
2.100000000000000000e+02 1.226554781621941759e+00
2.090000000000000000e+02 1.227553557083509883e+00
2.080000000000000000e+02 1.228551789431110430e+00
2.070000000000000000e+02 1.229548726696681804e+00
2.060000000000000000e+02 1.230543608437810299e+00
2.050000000000000000e+02 1.231535667512578591e+00
2.040000000000000000e+02 1.232524131948576240e+00
2.030000000000000000e+02 1.233508226902128690e+00
2.020000000000000000e+02 1.234487176704376798e+00
2.010000000000000000e+02 1.235460206988808318e+00
2.000000000000000000e+02 1.236426546894915157e+00
1.990000000000000000e+02 1.237385431342388653e+00
1.980000000000000000e+02 1.238336103368184338e+00
1.970000000000000000e+02 1.239277816518919773e+00
1.960000000000000000e+02 1.240209837290468409e+00
1.950000000000000000e+02 1.241131447605206217e+00
1.940000000000000000e+02 1.242041947316664174e+00
1.930000000000000000e+02 1.242940656731410520e+00
1.920000000000000000e+02 1.243826919135863296e+00
1.910000000000000000e+02 1.244700103315443895e+00
1.900000000000000000e+02 1.245559606054695845e+00
1.890000000000000000e+02 1.246404854601120604e+00
1.880000000000000000e+02 1.247235309081655252e+00
1.870000000000000000e+02 1.248050464854266073e+00
1.860000000000000000e+02 1.248849854779098045e+00
1.850000000000000000e+02 1.249633051392755823e+00
1.840000000000000000e+02 1.250399668968032785e+00
1.830000000000000000e+02 1.251149365441974526e+00
1.820000000000000000e+02 1.251881844193300397e+00
1.810000000000000000e+02 1.252596855651702867e+00
1.800000000000000000e+02 1.253294198716732089e+00
1.790000000000000000e+02 1.253973721971565869e+00
1.780000000000000000e+02 1.254635324668354812e+00
1.770000000000000000e+02 1.255278957466527734e+00
1.760000000000000000e+02 1.255904622905253065e+00
1.750000000000000000e+02 1.256512375587634178e+00
1.740000000000000000e+02 1.257102322061372845e+00
1.730000000000000000e+02 1.257674620370936358e+00
1.720000000000000000e+02 1.258229479267464646e+00
1.710000000000000000e+02 1.258767157053849450e+00
1.700000000000000000e+02 1.259287960050728739e+00
1.690000000000000000e+02 1.259792240661357310e+00
1.680000000000000000e+02 1.260280395025396460e+00
1.670000000000000000e+02 1.260752860239189976e+00
1.660000000000000000e+02 1.261210111134720258e+00
1.650000000000000000e+02 1.261652656599810296e+00
1.640000000000000000e+02 1.262081035431850351e+00
1.630000000000000000e+02 1.262495811710470539e+00
1.620000000000000000e+02 1.262897569687327914e+00
1.610000000000000000e+02 1.263286908182996937e+00
1.600000000000000000e+02 1.263664434485879173e+00
1.590000000000000000e+02 1.264030757757761192e+00
1.580000000000000000e+02 1.264386481939132389e+00
1.570000000000000000e+02 1.264732198165835264e+00
1.560000000000000000e+02 1.265068476696309396e+00
1.550000000000000000e+02 1.265395858364304127e+00
1.540000000000000000e+02 1.265714845569954949e+00
1.530000000000000000e+02 1.266025892820292542e+00
1.520000000000000000e+02 1.266329396844304123e+00
1.510000000000000000e+02 1.266625686307176535e+00
1.500000000000000000e+02 1.266915011142951242e+00
1.490000000000000000e+02 1.267197531547769263e+00
1.480000000000000000e+02 1.267473306664042898e+00
1.470000000000000000e+02 1.267742283397290448e+00
1.460000000000000000e+02 1.268004283101200835e+00
1.450000000000000000e+02 1.268258991707943206e+00
1.440000000000000000e+02 1.268505946290268360e+00
1.430000000000000000e+02 1.268744523202724794e+00
1.420000000000000000e+02 1.268973925903813749e+00
1.410000000000000000e+02 1.269193172841569517e+00
1.400000000000000000e+02 1.269401085467259493e+00
1.390000000000000000e+02 1.269596276457567896e+00
1.380000000000000000e+02 1.269777138218630919e+00
1.370000000000000000e+02 1.269941831750170946e+00
1.360000000000000000e+02 1.270088275954183388e+00
1.350000000000000000e+02 1.270214137469352522e+00
1.340000000000000000e+02 1.270316821123497864e+00
1.330000000000000000e+02 1.270393461077138575e+00
1.320000000000000000e+02 1.270440912762099916e+00
1.310000000000000000e+02 1.270455745672030012e+00
1.300000000000000000e+02 1.270434237114005160e+00
1.290000000000000000e+02 1.270372366979062750e+00
1.280000000000000000e+02 1.270265813603329574e+00
1.270000000000000000e+02 1.270109950801229459e+00
1.260000000000000000e+02 1.269899846097439111e+00
1.250000000000000000e+02 1.269630260231879637e+00
1.240000000000000000e+02 1.269295647948487149e+00
1.230000000000000000e+02 1.268890160097512432e+00
1.220000000000000000e+02 1.268407647047208320e+00
1.210000000000000000e+02 1.267841663393470375e+00
1.200000000000000000e+02 1.267185473926055517e+00
1.190000000000000000e+02 1.266432060793425185e+00
1.180000000000000000e+02 1.265574131784631851e+00
1.170000000000000000e+02 1.264604129612122208e+00
1.160000000000000000e+02 1.263514242067369509e+00
1.150000000000000000e+02 1.262296412872897955e+00
1.140000000000000000e+02 1.260942353038189356e+00
1.130000000000000000e+02 1.259443552487714779e+00
1.120000000000000000e+02 1.257791291706094494e+00
1.110000000000000000e+02 1.255976653097350404e+00
1.100000000000000000e+02 1.253990531743318870e+00
1.090000000000000000e+02 1.251823645200451196e+00
1.080000000000000000e+02 1.249466541949628473e+00
1.070000000000000000e+02 1.246909608085700283e+00
1.060000000000000000e+02 1.244143071810436041e+00
1.050000000000000000e+02 1.241157005261709134e+00
1.040000000000000000e+02 1.237941323196080523e+00
1.030000000000000000e+02 1.234485778029128511e+00
1.020000000000000000e+02 1.230779950720328308e+00
1.010000000000000000e+02 1.226813236981836752e+00
1.000000000000000000e+02 1.222574828278948367e+00
9.900000000000000000e+01 1.218053687117884865e+00
9.800000000000000000e+01 1.213238516075133999e+00
9.700000000000000000e+01 1.208117720085613911e+00
9.600000000000000000e+01 1.202679361470794017e+00
9.500000000000000000e+01 1.196911107251174888e+00
9.400000000000000000e+01 1.190800168273234538e+00
9.300000000000000000e+01 1.184333229740569093e+00
9.200000000000000000e+01 1.177496372737065089e+00
9.100000000000000000e+01 1.170274986408753382e+00
9.000000000000000000e+01 1.162653670452980625e+00
8.900000000000000000e+01 1.154616127673296244e+00
