4.000000000000000000e+02 1.172981151291400792e+00
3.990000000000000000e+02 1.172981975457900505e+00
3.980000000000000000e+02 1.172982852974737478e+00
3.970000000000000000e+02 1.172983787111492537e+00
3.960000000000000000e+02 1.172984781322621517e+00
3.950000000000000000e+02 1.172985839257077556e+00
3.940000000000000000e+02 1.172986964767881224e+00
3.930000000000000000e+02 1.172988161922431605e+00
3.920000000000000000e+02 1.172989435013145565e+00
3.910000000000000000e+02 1.172990788568440967e+00
3.900000000000000000e+02 1.172992227364549001e+00
3.890000000000000000e+02 1.172993756437216817e+00
3.880000000000000000e+02 1.172995381094446232e+00
3.870000000000000000e+02 1.172997106929362321e+00
3.860000000000000000e+02 1.172998939833923338e+00
3.850000000000000000e+02 1.173000885426748630e+00
3.840000000000000000e+02 1.173002951331784782e+00
3.830000000000000000e+02 1.173005143907449588e+00
3.820000000000000000e+02 1.173007470385598161e+00
3.810000000000000000e+02 1.173009938372665539e+00
3.800000000000000000e+02 1.173012555866657980e+00
3.790000000000000000e+02 1.173015331274691153e+00
3.780000000000000000e+02 1.173018273431281511e+00
3.770000000000000000e+02 1.173021391617105946e+00
3.760000000000000000e+02 1.173024695578655852e+00
3.750000000000000000e+02 1.173028195548357022e+00
3.740000000000000000e+02 1.173031902265526227e+00
3.730000000000000000e+02 1.173035826997983699e+00
3.720000000000000000e+02 1.173039981564439005e+00
3.710000000000000000e+02 1.173044378357487760e+00
3.700000000000000000e+02 1.173049030367474321e+00
3.690000000000000000e+02 1.173053951207144063e+00
3.680000000000000000e+02 1.173059155136914944e+00
3.670000000000000000e+02 1.173064657091112073e+00
3.660000000000000000e+02 1.173070472704801359e+00
3.650000000000000000e+02 1.173076618341649002e+00
3.640000000000000000e+02 1.173083111122419586e+00
3.630000000000000000e+02 1.173089968954402318e+00
3.620000000000000000e+02 1.173097210561604653e+00
3.610000000000000000e+02 1.173104855515838318e+00
3.600000000000000000e+02 1.173112924268518542e+00
3.590000000000000000e+02 1.173121438183577503e+00
3.580000000000000000e+02 1.173130419570991956e+00
3.570000000000000000e+02 1.173139891721146411e+00
3.560000000000000000e+02 1.173149878940318969e+00
3.550000000000000000e+02 1.173160406586727600e+00
3.540000000000000000e+02 1.173171501107617143e+00
3.530000000000000000e+02 1.173183190077097926e+00
3.520000000000000000e+02 1.173195502234890109e+00
3.510000000000000000e+02 1.173208467525966636e+00
3.500000000000000000e+02 1.173222117140647391e+00
3.490000000000000000e+02 1.173236483556224563e+00
3.480000000000000000e+02 1.173251600578754772e+00
3.470000000000000000e+02 1.173267503385875710e+00
3.460000000000000000e+02 1.173284228570560028e+00
3.450000000000000000e+02 1.173301814185197633e+00
3.440000000000000000e+02 1.173320299786967391e+00
3.430000000000000000e+02 1.173339726483473733e+00
3.420000000000000000e+02 1.173360136979296309e+00
3.410000000000000000e+02 1.173381575623099637e+00
3.400000000000000000e+02 1.173404088455441530e+00
3.390000000000000000e+02 1.173427723257043143e+00
3.380000000000000000e+02 1.173452529597800664e+00
3.370000000000000000e+02 1.173478558886032586e+00
3.360000000000000000e+02 1.173505864418488143e+00
3.350000000000000000e+02 1.173534501430436805e+00
3.340000000000000000e+02 1.173564527146413461e+00
3.330000000000000000e+02 1.173596000831067299e+00
3.320000000000000000e+02 1.173628983840151241e+00
3.310000000000000000e+02 1.173663539672084699e+00
3.300000000000000000e+02 1.173699734018986751e+00
3.290000000000000000e+02 1.173737634818290854e+00
3.280000000000000000e+02 1.173777312303969644e+00
3.270000000000000000e+02 1.173818839057676922e+00
3.260000000000000000e+02 1.173862290059569879e+00
3.250000000000000000e+02 1.173907742739003446e+00
3.240000000000000000e+02 1.173955277024373745e+00
3.230000000000000000e+02 1.174004975392854311e+00
3.220000000000000000e+02 1.174056922919105572e+00
3.210000000000000000e+02 1.174111207323231820e+00
3.200000000000000000e+02 1.174167919017951922e+00
3.190000000000000000e+02 1.174227151154510373e+00
3.180000000000000000e+02 1.174288999667559175e+00
3.170000000000000000e+02 1.174353563318266902e+00
3.160000000000000000e+02 1.174420943736626199e+00
3.150000000000000000e+02 1.174491245461076749e+00
3.140000000000000000e+02 1.174564575977216530e+00
3.130000000000000000e+02 1.174641045753698876e+00
3.120000000000000000e+02 1.174720768276334537e+00
3.110000000000000000e+02 1.174803860729884297e+00
3.100000000000000000e+02 1.174890441425490595e+00
3.090000000000000000e+02 1.174980633728587520e+00
3.080000000000000000e+02 1.175074563480378753e+00
3.070000000000000000e+02 1.175172359667671307e+00
3.060000000000000000e+02 1.175274154438606944e+00
3.050000000000000000e+02 1.175380083114770269e+00
3.040000000000000000e+02 1.175490284198880797e+00
3.030000000000000000e+02 1.175604899378154933e+00
3.020000000000000000e+02 1.175724073523283453e+00
3.010000000000000000e+02 1.175847954681932039e+00
3.000000000000000000e+02 1.175976694067233819e+00
2.990000000000000000e+02 1.176110446040618207e+00
2.980000000000000000e+02 1.176249368088599034e+00
2.970000000000000000e+02 1.176393620793312333e+00
2.960000000000000000e+02 1.176543367796532014e+00
2.950000000000000000e+02 1.176698775756631621e+00
2.940000000000000000e+02 1.176860014297995471e+00
2.930000000000000000e+02 1.177027255953117191e+00
2.920000000000000000e+02 1.177200676096076926e+00
2.910000000000000000e+02 1.177380452868162619e+00
2.900000000000000000e+02 1.177566765930765147e+00
2.890000000000000000e+02 1.177759800836246651e+00
2.880000000000000000e+02 1.177959742483665861e+00
2.870000000000000000e+02 1.178166779146669230e+00
2.860000000000000000e+02 1.178381101350056470e+00
2.850000000000000000e+02 1.178602901735683162e+00
2.840000000000000000e+02 1.178832374916768400e+00
2.830000000000000000e+02 1.179069717320486044e+00
2.820000000000000000e+02 1.179315127018372600e+00
2.810000000000000000e+02 1.179568803544057243e+00
2.800000000000000000e+02 1.179830947698108146e+00
2.790000000000000000e+02 1.180101761339247490e+00
2.780000000000000000e+02 1.180381447161967579e+00
2.770000000000000000e+02 1.180670208459781545e+00
2.760000000000000000e+02 1.180968248874156412e+00
2.750000000000000000e+02 1.181275772128080659e+00
2.740000000000000000e+02 1.181592981744869375e+00
2.730000000000000000e+02 1.181920080751166280e+00
2.720000000000000000e+02 1.182257271364158813e+00
2.710000000000000000e+02 1.182604754662667901e+00
2.700000000000000000e+02 1.182962730241964078e+00
2.690000000000000000e+02 1.183331395852073253e+00
2.680000000000000000e+02 1.183710947019270154e+00
2.670000000000000000e+02 1.184101576651003684e+00
2.660000000000000000e+02 1.184503474623943342e+00
2.650000000000000000e+02 1.184916827354897340e+00
2.640000000000000000e+02 1.185341817355353378e+00
2.630000000000000000e+02 1.185778622769003698e+00
2.620000000000000000e+02 1.186227416892691400e+00
2.610000000000000000e+02 1.186688367681394407e+00
2.600000000000000000e+02 1.187161637236723966e+00
2.590000000000000000e+02 1.187647381280225067e+00
2.580000000000000000e+02 1.188145748611104224e+00
2.570000000000000000e+02 1.188656880549751049e+00
2.560000000000000000e+02 1.189180910367099164e+00
2.550000000000000000e+02 1.189717962700685971e+00
2.540000000000000000e+02 1.190268152958528391e+00
2.530000000000000000e+02 1.190831586711385004e+00
2.520000000000000000e+02 1.191408359074858092e+00
2.510000000000000000e+02 1.191998554082029038e+00
2.500000000000000000e+02 1.192602244048520221e+00
2.490000000000000000e+02 1.193219488930698846e+00
2.480000000000000000e+02 1.193850335679241370e+00
2.470000000000000000e+02 1.194494817589327074e+00
2.460000000000000000e+02 1.195152953649114336e+00
2.450000000000000000e+02 1.195824747889052686e+00
2.440000000000000000e+02 1.196510188733389990e+00
2.430000000000000000e+02 1.197209248356528866e+00
2.420000000000000000e+02 1.197921882046381725e+00
2.410000000000000000e+02 1.198648027577288167e+00
2.400000000000000000e+02 1.199387604594914336e+00
2.390000000000000000e+02 1.200140514016155180e+00
2.380000000000000000e+02 1.200906637446708558e+00
2.370000000000000000e+02 1.201685836619269754e+00
2.360000000000000000e+02 1.202477952855557364e+00
2.350000000000000000e+02 1.203282806555620477e+00
2.340000000000000000e+02 1.204100196716884730e+00
2.330000000000000000e+02 1.204929900487916816e+00
2.320000000000000000e+02 1.205771672758480628e+00
2.310000000000000000e+02 1.206625245791314915e+00
2.300000000000000000e+02 1.207490328897944387e+00
2.290000000000000000e+02 1.208366608163075950e+00
2.280000000000000000e+02 1.209253746220809722e+00
2.270000000000000000e+02 1.210151382086878113e+00
2.260000000000000000e+02 1.211059131050239435e+00
2.250000000000000000e+02 1.211976584628195130e+00
2.240000000000000000e+02 1.212903310588495431e+00
2.230000000000000000e+02 1.213838853042379817e+00
2.220000000000000000e+02 1.214782732611705995e+00
2.210000000000000000e+02 1.215734446674273217e+00
2.200000000000000000e+02 1.216693469690078633e+00
2.190000000000000000e+02 1.217659253612384029e+00
2.180000000000000000e+02 1.218631228385989251e+00
2.170000000000000000e+02 1.219608802535937064e+00
2.160000000000000000e+02 1.220591363849296229e+00
2.150000000000000000e+02 1.221578280151764062e+00
2.140000000000000000e+02 1.222568900182129159e+00
2.130000000000000000e+02 1.223562554565391647e+00
2.120000000000000000e+02 1.224558556885777971e+00
2.110000000000000000e+02 1.225556204861695031e+00
2.100000000000000000e+02 1.226554781621941315e+00
2.090000000000000000e+02 1.227553557083510327e+00
2.080000000000000000e+02 1.228551789431111319e+00
2.070000000000000000e+02 1.229548726696681804e+00
2.060000000000000000e+02 1.230543608437809633e+00
2.050000000000000000e+02 1.231535667512578369e+00
2.040000000000000000e+02 1.232524131948576240e+00
2.030000000000000000e+02 1.233508226902128024e+00
2.020000000000000000e+02 1.234487176704376576e+00
2.010000000000000000e+02 1.235460206988807874e+00
2.000000000000000000e+02 1.236426546894916267e+00
1.990000000000000000e+02 1.237385431342388875e+00
1.980000000000000000e+02 1.238336103368184560e+00
1.970000000000000000e+02 1.239277816518919328e+00
1.960000000000000000e+02 1.240209837290467965e+00
1.950000000000000000e+02 1.241131447605206439e+00
1.940000000000000000e+02 1.242041947316664618e+00
1.930000000000000000e+02 1.242940656731410964e+00
1.920000000000000000e+02 1.243826919135863296e+00
1.910000000000000000e+02 1.244700103315444339e+00
1.900000000000000000e+02 1.245559606054696289e+00
1.890000000000000000e+02 1.246404854601121270e+00
1.880000000000000000e+02 1.247235309081656141e+00
1.870000000000000000e+02 1.248050464854265851e+00
1.860000000000000000e+02 1.248849854779097379e+00
1.850000000000000000e+02 1.249633051392756489e+00
1.840000000000000000e+02 1.250399668968032341e+00
1.830000000000000000e+02 1.251149365441974526e+00
1.820000000000000000e+02 1.251881844193300619e+00
1.810000000000000000e+02 1.252596855651703311e+00
1.800000000000000000e+02 1.253294198716732311e+00
1.790000000000000000e+02 1.253973721971565869e+00
1.780000000000000000e+02 1.254635324668354368e+00
1.770000000000000000e+02 1.255278957466527512e+00
1.760000000000000000e+02 1.255904622905252621e+00
1.750000000000000000e+02 1.256512375587635510e+00
1.740000000000000000e+02 1.257102322061373512e+00
1.730000000000000000e+02 1.257674620370935914e+00
1.720000000000000000e+02 1.258229479267464201e+00
1.710000000000000000e+02 1.258767157053848784e+00
1.700000000000000000e+02 1.259287960050728072e+00
1.690000000000000000e+02 1.259792240661356866e+00
1.680000000000000000e+02 1.260280395025396682e+00
1.670000000000000000e+02 1.260752860239190198e+00
1.660000000000000000e+02 1.261210111134720702e+00
1.650000000000000000e+02 1.261652656599809630e+00
1.640000000000000000e+02 1.262081035431849685e+00
1.630000000000000000e+02 1.262495811710470095e+00
1.620000000000000000e+02 1.262897569687326804e+00
1.610000000000000000e+02 1.263286908182997603e+00
1.600000000000000000e+02 1.263664434485879173e+00
1.590000000000000000e+02 1.264030757757762524e+00
1.580000000000000000e+02 1.264386481939132612e+00
1.570000000000000000e+02 1.264732198165834598e+00
1.560000000000000000e+02 1.265068476696309174e+00
1.550000000000000000e+02 1.265395858364304793e+00
1.540000000000000000e+02 1.265714845569954505e+00
1.530000000000000000e+02 1.266025892820292098e+00
1.520000000000000000e+02 1.266329396844303234e+00
1.510000000000000000e+02 1.266625686307176979e+00
1.500000000000000000e+02 1.266915011142951908e+00
1.490000000000000000e+02 1.267197531547769707e+00
1.480000000000000000e+02 1.267473306664042454e+00
1.470000000000000000e+02 1.267742283397289782e+00
1.460000000000000000e+02 1.268004283101201057e+00
1.450000000000000000e+02 1.268258991707942762e+00
1.440000000000000000e+02 1.268505946290267916e+00
1.430000000000000000e+02 1.268744523202725460e+00
1.420000000000000000e+02 1.268973925903813527e+00
1.410000000000000000e+02 1.269193172841569739e+00
1.400000000000000000e+02 1.269401085467259716e+00
1.390000000000000000e+02 1.269596276457567452e+00
1.380000000000000000e+02 1.269777138218631363e+00
1.370000000000000000e+02 1.269941831750170502e+00
1.360000000000000000e+02 1.270088275954184276e+00
1.350000000000000000e+02 1.270214137469352522e+00
1.340000000000000000e+02 1.270316821123497864e+00
1.330000000000000000e+02 1.270393461077138131e+00
1.320000000000000000e+02 1.270440912762099250e+00
1.310000000000000000e+02 1.270455745672030456e+00
1.300000000000000000e+02 1.270434237114005604e+00
1.290000000000000000e+02 1.270372366979062306e+00
1.280000000000000000e+02 1.270265813603330018e+00
1.270000000000000000e+02 1.270109950801229903e+00
1.260000000000000000e+02 1.269899846097438889e+00
1.250000000000000000e+02 1.269630260231880081e+00
1.240000000000000000e+02 1.269295647948487149e+00
1.230000000000000000e+02 1.268890160097512654e+00
1.220000000000000000e+02 1.268407647047208986e+00
1.210000000000000000e+02 1.267841663393471263e+00
1.200000000000000000e+02 1.267185473926053740e+00
1.190000000000000000e+02 1.266432060793425185e+00
1.180000000000000000e+02 1.265574131784630962e+00
1.170000000000000000e+02 1.264604129612120875e+00
1.160000000000000000e+02 1.263514242067369953e+00
1.150000000000000000e+02 1.262296412872898399e+00
1.140000000000000000e+02 1.260942353038189356e+00
1.130000000000000000e+02 1.259443552487715445e+00
1.120000000000000000e+02 1.257791291706095160e+00
1.110000000000000000e+02 1.255976653097350626e+00
1.100000000000000000e+02 1.253990531743319981e+00
1.090000000000000000e+02 1.251823645200450530e+00
1.080000000000000000e+02 1.249466541949628917e+00
1.070000000000000000e+02 1.246909608085700061e+00
1.060000000000000000e+02 1.244143071810436929e+00
1.050000000000000000e+02 1.241157005261708912e+00
1.040000000000000000e+02 1.237941323196081855e+00
1.030000000000000000e+02 1.234485778029130287e+00
1.020000000000000000e+02 1.230779950720328975e+00
1.010000000000000000e+02 1.226813236981835864e+00
1.000000000000000000e+02 1.222574828278950587e+00
9.900000000000000000e+01 1.218053687117885975e+00
9.800000000000000000e+01 1.213238516075134443e+00
9.700000000000000000e+01 1.208117720085613023e+00
9.600000000000000000e+01 1.202679361470793795e+00
9.500000000000000000e+01 1.196911107251174222e+00
9.400000000000000000e+01 1.190800168273236981e+00
9.300000000000000000e+01 1.184333229740569315e+00
9.200000000000000000e+01 1.177496372737065089e+00
9.100000000000000000e+01 1.170274986408752715e+00
9.000000000000000000e+01 1.162653670452980181e+00
8.900000000000000000e+01 1.154616127673296022e+00
