4.000000000000000000e+02 5.692412329617837496e-01
3.990000000000000000e+02 5.689227490199305626e-01
3.980000000000000000e+02 5.686031652612880682e-01
3.970000000000000000e+02 5.682824909409444070e-01
3.960000000000000000e+02 5.679607358927103444e-01
3.950000000000000000e+02 5.676379105434558037e-01
3.940000000000000000e+02 5.673140259274480623e-01
3.930000000000000000e+02 5.669890937008247311e-01
3.920000000000000000e+02 5.666631261556713817e-01
3.910000000000000000e+02 5.663361362342754779e-01
3.900000000000000000e+02 5.660081375432733930e-01
3.890000000000000000e+02 5.656791443675429631e-01
3.880000000000000000e+02 5.653491716840333137e-01
3.870000000000000000e+02 5.650182351751947829e-01
3.860000000000000000e+02 5.646863512425189802e-01
3.850000000000000000e+02 5.643535375443627933e-01
3.840000000000000000e+02 5.640198109820642181e-01
3.830000000000000000e+02 5.636851906533708600e-01
3.820000000000000000e+02 5.633496959647987801e-01
3.810000000000000000e+02 5.630133471041036675e-01
3.800000000000000000e+02 5.626761650516284297e-01
3.790000000000000000e+02 5.623381715910856782e-01
3.780000000000000000e+02 5.619993893197776647e-01
3.770000000000000000e+02 5.616598416582945230e-01
3.760000000000000000e+02 5.613195528595911199e-01
3.750000000000000000e+02 5.609785480173312688e-01
3.740000000000000000e+02 5.606368530735474920e-01
3.730000000000000000e+02 5.602944948256629587e-01
3.720000000000000000e+02 5.599515009324099735e-01
3.710000000000000000e+02 5.596078999191758108e-01
3.700000000000000000e+02 5.592637211822029109e-01
3.690000000000000000e+02 5.589189949920154721e-01
3.680000000000000000e+02 5.585737524954887956e-01
3.670000000000000000e+02 5.582280257173094506e-01
3.660000000000000000e+02 5.578818475596761806e-01
3.650000000000000000e+02 5.575352518014000669e-01
3.640000000000000000e+02 5.571882730952419926e-01
3.630000000000000000e+02 5.568409469642867649e-01
3.620000000000000000e+02 5.564933097965264475e-01
3.610000000000000000e+02 5.561453988384066349e-01
3.600000000000000000e+02 5.557972521866232363e-01
3.590000000000000000e+02 5.554489087782460421e-01
3.580000000000000000e+02 5.551004083794767174e-01
3.570000000000000000e+02 5.547517915723506610e-01
3.560000000000000000e+02 5.544030997400583027e-01
3.550000000000000000e+02 5.540543750500042108e-01
3.540000000000000000e+02 5.537056604352798006e-01
3.530000000000000000e+02 5.533569995740810210e-01
3.520000000000000000e+02 5.530084368669910821e-01
3.510000000000000000e+02 5.526600174123622589e-01
3.500000000000000000e+02 5.523117869794191837e-01
3.490000000000000000e+02 5.519637919791098302e-01
3.480000000000000000e+02 5.516160794330112749e-01
3.470000000000000000e+02 5.512686969393371106e-01
3.460000000000000000e+02 5.509216926372403345e-01
3.450000000000000000e+02 5.505751151682102273e-01
3.440000000000000000e+02 5.502290136352064875e-01
3.430000000000000000e+02 5.498834375591669099e-01
3.420000000000000000e+02 5.495384368331762692e-01
3.410000000000000000e+02 5.491940616737736036e-01
3.400000000000000000e+02 5.488503625697498389e-01
3.390000000000000000e+02 5.485073902282893155e-01
3.380000000000000000e+02 5.481651955184909664e-01
3.370000000000000000e+02 5.478238294118665808e-01
3.360000000000000000e+02 5.474833429206338309e-01
3.350000000000000000e+02 5.471437870326900654e-01
3.340000000000000000e+02 5.468052126442872751e-01
3.330000000000000000e+02 5.464676704896819226e-01
3.320000000000000000e+02 5.461312110681447729e-01
3.310000000000000000e+02 5.457958845682420179e-01
3.300000000000000000e+02 5.454617407893486147e-01
3.290000000000000000e+02 5.451288290604904274e-01
3.280000000000000000e+02 5.447971981565454813e-01
3.270000000000000000e+02 5.444668962118401900e-01
3.260000000000000000e+02 5.441379706310166542e-01
3.250000000000000000e+02 5.438104679976812905e-01
3.240000000000000000e+02 5.434844339802894497e-01
3.230000000000000000e+02 5.431599132359758997e-01
3.220000000000000000e+02 5.428369493116956823e-01
3.210000000000000000e+02 5.425155845436749891e-01
3.200000000000000000e+02 5.421958599542768820e-01
3.190000000000000000e+02 5.418778151473702120e-01
3.180000000000000000e+02 5.415614882013907172e-01
3.170000000000000000e+02 5.412469155610281080e-01
3.160000000000000000e+02 5.409341319273218707e-01
3.150000000000000000e+02 5.406231701461341466e-01
3.140000000000000000e+02 5.403140610957012369e-01
3.130000000000000000e+02 5.400068335728812619e-01
3.120000000000000000e+02 5.397015141787108172e-01
3.110000000000000000e+02 5.393981278500992183e-01
3.100000000000000000e+02 5.390966951581879218e-01
3.090000000000000000e+02 5.387972360702466545e-01
3.080000000000000000e+02 5.384997672499076682e-01
3.070000000000000000e+02 5.382043025876320774e-01
3.060000000000000000e+02 5.379108530860194914e-01
3.050000000000000000e+02 5.376194267458654918e-01
3.040000000000000000e+02 5.373300284535079685e-01
3.030000000000000000e+02 5.370426598696926845e-01
3.020000000000000000e+02 5.367573193201188309e-01
3.010000000000000000e+02 5.364740016883472462e-01
3.000000000000000000e+02 5.361926983109138733e-01
2.990000000000000000e+02 5.359133968755569466e-01
2.980000000000000000e+02 5.356360813225939932e-01
2.970000000000000000e+02 5.353607317498574325e-01
2.960000000000000000e+02 5.350873243218345898e-01
2.950000000000000000e+02 5.348158311829630529e-01
2.940000000000000000e+02 5.345462203760782405e-01
2.930000000000000000e+02 5.342784557659170375e-01
2.920000000000000000e+02 5.340124969686069756e-01
2.910000000000000000e+02 5.337482992869541087e-01
2.900000000000000000e+02 5.334858147690991759e-01
2.890000000000000000e+02 5.332249878752937100e-01
2.880000000000000000e+02 5.329657616134608755e-01
2.870000000000000000e+02 5.327080735337273998e-01
2.860000000000000000e+02 5.324518566607739922e-01
2.850000000000000000e+02 5.321970394767324697e-01
2.840000000000000000e+02 5.319435459136524491e-01
2.830000000000000000e+02 5.316912953561849786e-01
2.820000000000000000e+02 5.314402026549307489e-01
2.810000000000000000e+02 5.311901781510307563e-01
2.800000000000000000e+02 5.309411277124858053e-01
2.790000000000000000e+02 5.306929527827976001e-01
2.780000000000000000e+02 5.304455504424181456e-01
2.770000000000000000e+02 5.301988134836035371e-01
2.760000000000000000e+02 5.299526304992775438e-01
2.750000000000000000e+02 5.297068859859830336e-01
2.740000000000000000e+02 5.294614604622847054e-01
2.730000000000000000e+02 5.292162306023227014e-01
2.720000000000000000e+02 5.289710693857184731e-01
2.710000000000000000e+02 5.287258462636323930e-01
2.700000000000000000e+02 5.284804273422437637e-01
2.690000000000000000e+02 5.282346755835695129e-01
2.680000000000000000e+02 5.279884510243497697e-01
2.670000000000000000e+02 5.277416110134691696e-01
2.660000000000000000e+02 5.274940104682761532e-01
2.650000000000000000e+02 5.272455021502093775e-01
2.640000000000000000e+02 5.269959369604007016e-01
2.630000000000000000e+02 5.267451642551137514e-01
2.620000000000000000e+02 5.264930321819931702e-01
2.610000000000000000e+02 5.262393880368684274e-01
2.600000000000000000e+02 5.259840786420245662e-01
2.590000000000000000e+02 5.257269507452578816e-01
2.580000000000000000e+02 5.254678514411734724e-01
2.570000000000000000e+02 5.252066286137450080e-01
2.560000000000000000e+02 5.249431314008728977e-01
2.550000000000000000e+02 5.246772106808629266e-01
2.540000000000000000e+02 5.244087195808876389e-01
2.530000000000000000e+02 5.241375140070800853e-01
2.520000000000000000e+02 5.238634531967397701e-01
2.510000000000000000e+02 5.235864002917367532e-01
2.500000000000000000e+02 5.233062229332584581e-01
2.490000000000000000e+02 5.230227938778269081e-01
2.480000000000000000e+02 5.227359916331428824e-01
2.470000000000000000e+02 5.224457011148025964e-01
2.460000000000000000e+02 5.221518143210619467e-01
2.450000000000000000e+02 5.218542310274800755e-01
2.440000000000000000e+02 5.215528594983319666e-01
2.430000000000000000e+02 5.212476172151749854e-01
2.420000000000000000e+02 5.209384316207978927e-01
2.410000000000000000e+02 5.206252408777571894e-01
2.400000000000000000e+02 5.203079946395581246e-01
2.390000000000000000e+02 5.199866548335964067e-01
2.380000000000000000e+02 5.196611964535381434e-01
2.370000000000000000e+02 5.193316083594737842e-01
2.360000000000000000e+02 5.189978940842158162e-01
2.350000000000000000e+02 5.186600726427712527e-01
2.340000000000000000e+02 5.183181793429232354e-01
2.330000000000000000e+02 5.179722665944270776e-01
2.320000000000000000e+02 5.176224047136973594e-01
2.310000000000000000e+02 5.172686827210545291e-01
2.300000000000000000e+02 5.169112091270677833e-01
2.290000000000000000e+02 5.165501127048161001e-01
2.280000000000000000e+02 5.161855432439237390e-01
2.270000000000000000e+02 5.158176722824410199e-01
2.260000000000000000e+02 5.154466938125750186e-01
2.250000000000000000e+02 5.150728249552357640e-01
2.240000000000000000e+02 5.146963065991829733e-01
2.230000000000000000e+02 5.143174039993199109e-01
2.220000000000000000e+02 5.139364073287604473e-01
2.210000000000000000e+02 5.135536321798058745e-01
2.200000000000000000e+02 5.131694200070375800e-01
2.190000000000000000e+02 5.127841385072493541e-01
2.180000000000000000e+02 5.123981819296307139e-01
2.170000000000000000e+02 5.120119713095929725e-01
2.160000000000000000e+02 5.116259546199409813e-01
2.150000000000000000e+02 5.112406068318816610e-01
2.140000000000000000e+02 5.108564298797386716e-01
2.130000000000000000e+02 5.104739525213316531e-01
2.120000000000000000e+02 5.100937300873089608e-01
2.110000000000000000e+02 5.097163441123467864e-01
2.100000000000000000e+02 5.093424018404414388e-01
2.090000000000000000e+02 5.089725355975504018e-01
2.080000000000000000e+02 5.086074020248058103e-01
2.070000000000000000e+02 5.082476811648874992e-01
2.060000000000000000e+02 5.078940753955907272e-01
2.050000000000000000e+02 5.075473082045116602e-01
2.040000000000000000e+02 5.072081227988604057e-01
2.030000000000000000e+02 5.068772805457442132e-01
2.020000000000000000e+02 5.065555592389489048e-01
2.010000000000000000e+02 5.062437511879421814e-01
2.000000000000000000e+02 5.059426611271000684e-01
1.990000000000000000e+02 5.056531039440960162e-01
1.980000000000000000e+02 5.053759022265220668e-01
1.970000000000000000e+02 5.051118836283585711e-01
1.960000000000000000e+02 5.048618780589961830e-01
1.950000000000000000e+02 5.046267146986483931e-01
1.940000000000000000e+02 5.044072188468311513e-01
1.930000000000000000e+02 5.042042086112247246e-01
1.920000000000000000e+02 5.040184914469186817e-01
1.910000000000000000e+02 5.038508605581155653e-01
1.900000000000000000e+02 5.037020911763864239e-01
1.890000000000000000e+02 5.035729367311526650e-01
1.880000000000000000e+02 5.034641249315486844e-01
1.870000000000000000e+02 5.033763537800549637e-01
1.860000000000000000e+02 5.033102875405328636e-01
1.850000000000000000e+02 5.032665526857580396e-01
1.840000000000000000e+02 5.032457338517712930e-01
1.830000000000000000e+02 5.032483698272947059e-01
1.820000000000000000e+02 5.032749496096956543e-01
1.810000000000000000e+02 5.033259085596397675e-01
1.800000000000000000e+02 5.034016246866647171e-01
1.790000000000000000e+02 5.035024151032831963e-01
1.780000000000000000e+02 5.036285326805577389e-01
1.770000000000000000e+02 5.037801629434273121e-01
1.760000000000000000e+02 5.039574212419006827e-01
1.750000000000000000e+02 5.041603502344711440e-01
1.740000000000000000e+02 5.043889177231449805e-01
1.730000000000000000e+02 5.046430148725686848e-01
1.720000000000000000e+02 5.049224548542506907e-01
1.710000000000000000e+02 5.052269719474735687e-01
1.700000000000000000e+02 5.055562211344921675e-01
1.690000000000000000e+02 5.059097782218267003e-01
1.680000000000000000e+02 5.062871405234466993e-01
1.670000000000000000e+02 5.066877281353329154e-01
1.660000000000000000e+02 5.071108858363133631e-01
1.650000000000000000e+02 5.075558856431318100e-01
1.640000000000000000e+02 5.080219300542853089e-01
1.630000000000000000e+02 5.085081560092652442e-01
1.620000000000000000e+02 5.090136395977322703e-01
1.610000000000000000e+02 5.095374015476671348e-01
1.600000000000000000e+02 5.100784135247130591e-01
1.590000000000000000e+02 5.106356052775513632e-01
1.580000000000000000e+02 5.112078726606048562e-01
1.570000000000000000e+02 5.117940865746968271e-01
1.560000000000000000e+02 5.123931028597957793e-01
1.550000000000000000e+02 5.130037731831473824e-01
1.540000000000000000e+02 5.136249569670480186e-01
1.530000000000000000e+02 5.142555343985253380e-01
1.520000000000000000e+02 5.148944205746566194e-01
1.510000000000000000e+02 5.155405808337798490e-01
1.500000000000000000e+02 5.161930473254637830e-01
1.490000000000000000e+02 5.168509368809731663e-01
1.480000000000000000e+02 5.175134702421707589e-01
1.470000000000000000e+02 5.181799922338676812e-01
1.460000000000000000e+02 5.188499956404004632e-01
1.450000000000000000e+02 5.195231424490297512e-01
1.440000000000000000e+02 5.201992906478257739e-01
1.430000000000000000e+02 5.208785208134103506e-01
1.420000000000000000e+02 5.215611647720653776e-01
1.410000000000000000e+02 5.222478360182258861e-01
1.400000000000000000e+02 5.229394619244113196e-01
1.390000000000000000e+02 5.236373177585988969e-01
1.380000000000000000e+02 5.243430625045564231e-01
1.370000000000000000e+02 5.250587764542684610e-01
1.360000000000000000e+02 5.257870005070856001e-01
1.350000000000000000e+02 5.265307770719175329e-01
1.340000000000000000e+02 5.272936924193679653e-01
1.330000000000000000e+02 5.280799202646211388e-01
1.320000000000000000e+02 5.288942663037945469e-01
1.310000000000000000e+02 5.297422133283024026e-01
1.300000000000000000e+02 5.306299664686504602e-01
1.290000000000000000e+02 5.315644979996974051e-01
1.280000000000000000e+02 5.325535910317730215e-01
1.270000000000000000e+02 5.336058812998984990e-01
1.260000000000000000e+02 5.347308961233869784e-01
1.250000000000000000e+02 5.359390895135984767e-01
1.240000000000000000e+02 5.372418722738644403e-01
1.230000000000000000e+02 5.386516358722583941e-01
1.220000000000000000e+02 5.401817687978832661e-01
1.210000000000000000e+02 5.418466641169413789e-01
1.200000000000000000e+02 5.436617169950457296e-01
1.190000000000000000e+02 5.456433110797196395e-01
1.180000000000000000e+02 5.478087928640863469e-01
1.170000000000000000e+02 5.501764334496429543e-01
1.160000000000000000e+02 5.527653775523273527e-01
1.150000000000000000e+02 5.555955800584215787e-01
1.140000000000000000e+02 5.586877310327954538e-01
1.130000000000000000e+02 5.620631706392829052e-01
1.120000000000000000e+02 5.657437960720634873e-01
1.110000000000000000e+02 5.697519631068549417e-01
1.100000000000000000e+02 5.741103853663777068e-01
1.090000000000000000e+02 5.788420346846782083e-01
1.080000000000000000e+02 5.839700461152624866e-01
1.070000000000000000e+02 5.895176310331962100e-01
1.060000000000000000e+02 5.955080015696845308e-01
1.050000000000000000e+02 6.019643091211991370e-01
1.040000000000000000e+02 6.089095991536801478e-01
1.030000000000000000e+02 6.163667837788122661e-01
