4.000000000000000000e+02 5.692412329617839717e-01
3.990000000000000000e+02 5.689227490199305626e-01
3.980000000000000000e+02 5.686031652612876242e-01
3.970000000000000000e+02 5.682824909409439629e-01
3.960000000000000000e+02 5.679607358927104555e-01
3.950000000000000000e+02 5.676379105434553596e-01
3.940000000000000000e+02 5.673140259274481734e-01
3.930000000000000000e+02 5.669890937008251752e-01
3.920000000000000000e+02 5.666631261556716037e-01
3.910000000000000000e+02 5.663361362342756999e-01
3.900000000000000000e+02 5.660081375432732820e-01
3.890000000000000000e+02 5.656791443675429631e-01
3.880000000000000000e+02 5.653491716840326475e-01
3.870000000000000000e+02 5.650182351751946719e-01
3.860000000000000000e+02 5.646863512425189802e-01
3.850000000000000000e+02 5.643535375443627933e-01
3.840000000000000000e+02 5.640198109820639960e-01
3.830000000000000000e+02 5.636851906533709711e-01
3.820000000000000000e+02 5.633496959647986690e-01
3.810000000000000000e+02 5.630133471041036675e-01
3.800000000000000000e+02 5.626761650516286517e-01
3.790000000000000000e+02 5.623381715910856782e-01
3.780000000000000000e+02 5.619993893197777757e-01
3.770000000000000000e+02 5.616598416582947451e-01
3.760000000000000000e+02 5.613195528595911199e-01
3.750000000000000000e+02 5.609785480173314909e-01
3.740000000000000000e+02 5.606368530735476030e-01
3.730000000000000000e+02 5.602944948256632918e-01
3.720000000000000000e+02 5.599515009324097514e-01
3.710000000000000000e+02 5.596078999191754777e-01
3.700000000000000000e+02 5.592637211822029109e-01
3.690000000000000000e+02 5.589189949920148059e-01
3.680000000000000000e+02 5.585737524954885735e-01
3.670000000000000000e+02 5.582280257173097837e-01
3.660000000000000000e+02 5.578818475596756254e-01
3.650000000000000000e+02 5.575352518014005110e-01
3.640000000000000000e+02 5.571882730952418816e-01
3.630000000000000000e+02 5.568409469642872089e-01
3.620000000000000000e+02 5.564933097965257813e-01
3.610000000000000000e+02 5.561453988384067459e-01
3.600000000000000000e+02 5.557972521866231252e-01
3.590000000000000000e+02 5.554489087782463752e-01
3.580000000000000000e+02 5.551004083794761623e-01
3.570000000000000000e+02 5.547517915723506610e-01
3.560000000000000000e+02 5.544030997400583027e-01
3.550000000000000000e+02 5.540543750500040998e-01
3.540000000000000000e+02 5.537056604352798006e-01
3.530000000000000000e+02 5.533569995740811320e-01
3.520000000000000000e+02 5.530084368669913042e-01
3.510000000000000000e+02 5.526600174123620368e-01
3.500000000000000000e+02 5.523117869794191837e-01
3.490000000000000000e+02 5.519637919791097191e-01
3.480000000000000000e+02 5.516160794330119410e-01
3.470000000000000000e+02 5.512686969393375547e-01
3.460000000000000000e+02 5.509216926372402234e-01
3.450000000000000000e+02 5.505751151682097833e-01
3.440000000000000000e+02 5.502290136352067096e-01
3.430000000000000000e+02 5.498834375591667989e-01
3.420000000000000000e+02 5.495384368331763802e-01
3.410000000000000000e+02 5.491940616737737146e-01
3.400000000000000000e+02 5.488503625697498389e-01
3.390000000000000000e+02 5.485073902282892044e-01
3.380000000000000000e+02 5.481651955184909664e-01
3.370000000000000000e+02 5.478238294118661367e-01
3.360000000000000000e+02 5.474833429206334978e-01
3.350000000000000000e+02 5.471437870326900654e-01
3.340000000000000000e+02 5.468052126442873861e-01
3.330000000000000000e+02 5.464676704896813675e-01
3.320000000000000000e+02 5.461312110681453280e-01
3.310000000000000000e+02 5.457958845682416849e-01
3.300000000000000000e+02 5.454617407893486147e-01
3.290000000000000000e+02 5.451288290604906495e-01
3.280000000000000000e+02 5.447971981565458144e-01
3.270000000000000000e+02 5.444668962118406341e-01
3.260000000000000000e+02 5.441379706310169873e-01
3.250000000000000000e+02 5.438104679976812905e-01
3.240000000000000000e+02 5.434844339802895608e-01
3.230000000000000000e+02 5.431599132359760107e-01
3.220000000000000000e+02 5.428369493116956823e-01
3.210000000000000000e+02 5.425155845436749891e-01
3.200000000000000000e+02 5.421958599542766599e-01
3.190000000000000000e+02 5.418778151473701010e-01
3.180000000000000000e+02 5.415614882013908282e-01
3.170000000000000000e+02 5.412469155610284410e-01
3.160000000000000000e+02 5.409341319273220927e-01
3.150000000000000000e+02 5.406231701461339245e-01
3.140000000000000000e+02 5.403140610957015699e-01
3.130000000000000000e+02 5.400068335728814839e-01
3.120000000000000000e+02 5.397015141787105952e-01
3.110000000000000000e+02 5.393981278500993293e-01
3.100000000000000000e+02 5.390966951581874778e-01
3.090000000000000000e+02 5.387972360702465435e-01
3.080000000000000000e+02 5.384997672499076682e-01
3.070000000000000000e+02 5.382043025876324105e-01
3.060000000000000000e+02 5.379108530860196025e-01
3.050000000000000000e+02 5.376194267458653808e-01
3.040000000000000000e+02 5.373300284535084126e-01
3.030000000000000000e+02 5.370426598696926845e-01
3.020000000000000000e+02 5.367573193201190529e-01
3.010000000000000000e+02 5.364740016883476903e-01
3.000000000000000000e+02 5.361926983109138733e-01
2.990000000000000000e+02 5.359133968755565025e-01
2.980000000000000000e+02 5.356360813225944373e-01
2.970000000000000000e+02 5.353607317498573215e-01
2.960000000000000000e+02 5.350873243218344788e-01
2.950000000000000000e+02 5.348158311829631639e-01
2.940000000000000000e+02 5.345462203760783515e-01
2.930000000000000000e+02 5.342784557659174816e-01
2.920000000000000000e+02 5.340124969686065315e-01
2.910000000000000000e+02 5.337482992869534426e-01
2.900000000000000000e+02 5.334858147690995089e-01
2.890000000000000000e+02 5.332249878752934880e-01
2.880000000000000000e+02 5.329657616134604314e-01
2.870000000000000000e+02 5.327080735337271777e-01
2.860000000000000000e+02 5.324518566607746584e-01
2.850000000000000000e+02 5.321970394767324697e-01
2.840000000000000000e+02 5.319435459136524491e-01
2.830000000000000000e+02 5.316912953561849786e-01
2.820000000000000000e+02 5.314402026549307489e-01
2.810000000000000000e+02 5.311901781510310894e-01
2.800000000000000000e+02 5.309411277124855832e-01
2.790000000000000000e+02 5.306929527827983772e-01
2.780000000000000000e+02 5.304455504424180345e-01
2.770000000000000000e+02 5.301988134836032041e-01
2.760000000000000000e+02 5.299526304992774328e-01
2.750000000000000000e+02 5.297068859859830336e-01
2.740000000000000000e+02 5.294614604622847054e-01
2.730000000000000000e+02 5.292162306023229235e-01
2.720000000000000000e+02 5.289710693857183621e-01
2.710000000000000000e+02 5.287258462636328371e-01
2.700000000000000000e+02 5.284804273422435417e-01
2.690000000000000000e+02 5.282346755835699570e-01
2.680000000000000000e+02 5.279884510243499918e-01
2.670000000000000000e+02 5.277416110134690586e-01
2.660000000000000000e+02 5.274940104682761532e-01
2.650000000000000000e+02 5.272455021502082673e-01
2.640000000000000000e+02 5.269959369604000354e-01
2.630000000000000000e+02 5.267451642551137514e-01
2.620000000000000000e+02 5.264930321819933923e-01
2.610000000000000000e+02 5.262393880368686494e-01
2.600000000000000000e+02 5.259840786420247882e-01
2.590000000000000000e+02 5.257269507452573265e-01
2.580000000000000000e+02 5.254678514411735835e-01
2.570000000000000000e+02 5.252066286137450080e-01
2.560000000000000000e+02 5.249431314008726757e-01
2.550000000000000000e+02 5.246772106808630376e-01
2.540000000000000000e+02 5.244087195808873059e-01
2.530000000000000000e+02 5.241375140070800853e-01
2.520000000000000000e+02 5.238634531967392149e-01
2.510000000000000000e+02 5.235864002917369753e-01
2.500000000000000000e+02 5.233062229332586801e-01
2.490000000000000000e+02 5.230227938778266861e-01
2.480000000000000000e+02 5.227359916331433265e-01
2.470000000000000000e+02 5.224457011148021524e-01
2.460000000000000000e+02 5.221518143210622798e-01
2.450000000000000000e+02 5.218542310274801865e-01
2.440000000000000000e+02 5.215528594983321886e-01
2.430000000000000000e+02 5.212476172151750964e-01
2.420000000000000000e+02 5.209384316207982257e-01
2.410000000000000000e+02 5.206252408777571894e-01
2.400000000000000000e+02 5.203079946395576805e-01
2.390000000000000000e+02 5.199866548335964067e-01
2.380000000000000000e+02 5.196611964535375883e-01
2.370000000000000000e+02 5.193316083594734511e-01
2.360000000000000000e+02 5.189978940842162602e-01
2.350000000000000000e+02 5.186600726427712527e-01
2.340000000000000000e+02 5.183181793429232354e-01
2.330000000000000000e+02 5.179722665944272997e-01
2.320000000000000000e+02 5.176224047136973594e-01
2.310000000000000000e+02 5.172686827210544180e-01
2.300000000000000000e+02 5.169112091270674503e-01
2.290000000000000000e+02 5.165501127048164332e-01
2.280000000000000000e+02 5.161855432439236280e-01
2.270000000000000000e+02 5.158176722824407978e-01
2.260000000000000000e+02 5.154466938125745745e-01
2.250000000000000000e+02 5.150728249552360971e-01
2.240000000000000000e+02 5.146963065991824182e-01
2.230000000000000000e+02 5.143174039993200219e-01
2.220000000000000000e+02 5.139364073287602253e-01
2.210000000000000000e+02 5.135536321798059856e-01
2.200000000000000000e+02 5.131694200070373579e-01
2.190000000000000000e+02 5.127841385072494651e-01
2.180000000000000000e+02 5.123981819296307139e-01
2.170000000000000000e+02 5.120119713095928615e-01
2.160000000000000000e+02 5.116259546199412034e-01
2.150000000000000000e+02 5.112406068318818830e-01
2.140000000000000000e+02 5.108564298797385606e-01
2.130000000000000000e+02 5.104739525213313200e-01
2.120000000000000000e+02 5.100937300873089608e-01
2.110000000000000000e+02 5.097163441123465644e-01
2.100000000000000000e+02 5.093424018404409948e-01
2.090000000000000000e+02 5.089725355975499577e-01
2.080000000000000000e+02 5.086074020248058103e-01
2.070000000000000000e+02 5.082476811648871662e-01
2.060000000000000000e+02 5.078940753955907272e-01
2.050000000000000000e+02 5.075473082045121043e-01
2.040000000000000000e+02 5.072081227988605168e-01
2.030000000000000000e+02 5.068772805457444353e-01
2.020000000000000000e+02 5.065555592389490158e-01
2.010000000000000000e+02 5.062437511879421814e-01
2.000000000000000000e+02 5.059426611271002905e-01
1.990000000000000000e+02 5.056531039440962383e-01
1.980000000000000000e+02 5.053759022265216228e-01
1.970000000000000000e+02 5.051118836283587932e-01
1.960000000000000000e+02 5.048618780589962940e-01
1.950000000000000000e+02 5.046267146986483931e-01
1.940000000000000000e+02 5.044072188468311513e-01
1.930000000000000000e+02 5.042042086112240584e-01
1.920000000000000000e+02 5.040184914469182376e-01
1.910000000000000000e+02 5.038508605581151212e-01
1.900000000000000000e+02 5.037020911763860909e-01
1.890000000000000000e+02 5.035729367311523319e-01
1.880000000000000000e+02 5.034641249315487954e-01
1.870000000000000000e+02 5.033763537800550747e-01
1.860000000000000000e+02 5.033102875405328636e-01
1.850000000000000000e+02 5.032665526857578175e-01
1.840000000000000000e+02 5.032457338517711820e-01
1.830000000000000000e+02 5.032483698272939288e-01
1.820000000000000000e+02 5.032749496096952102e-01
1.810000000000000000e+02 5.033259085596396565e-01
1.800000000000000000e+02 5.034016246866650501e-01
1.790000000000000000e+02 5.035024151032836404e-01
1.780000000000000000e+02 5.036285326805576279e-01
1.770000000000000000e+02 5.037801629434273121e-01
1.760000000000000000e+02 5.039574212419006827e-01
1.750000000000000000e+02 5.041603502344711440e-01
1.740000000000000000e+02 5.043889177231454246e-01
1.730000000000000000e+02 5.046430148725687959e-01
1.720000000000000000e+02 5.049224548542504687e-01
1.710000000000000000e+02 5.052269719474737908e-01
1.700000000000000000e+02 5.055562211344917234e-01
1.690000000000000000e+02 5.059097782218264783e-01
1.680000000000000000e+02 5.062871405234465882e-01
1.670000000000000000e+02 5.066877281353332485e-01
1.660000000000000000e+02 5.071108858363135852e-01
1.650000000000000000e+02 5.075558856431325871e-01
1.640000000000000000e+02 5.080219300542851979e-01
1.630000000000000000e+02 5.085081560092652442e-01
1.620000000000000000e+02 5.090136395977329364e-01
1.610000000000000000e+02 5.095374015476673568e-01
1.600000000000000000e+02 5.100784135247130591e-01
1.590000000000000000e+02 5.106356052775520293e-01
1.580000000000000000e+02 5.112078726606044121e-01
1.570000000000000000e+02 5.117940865746971602e-01
1.560000000000000000e+02 5.123931028597951132e-01
1.550000000000000000e+02 5.130037731831468273e-01
1.540000000000000000e+02 5.136249569670483517e-01
1.530000000000000000e+02 5.142555343985252270e-01
1.520000000000000000e+02 5.148944205746568414e-01
1.510000000000000000e+02 5.155405808337800710e-01
1.500000000000000000e+02 5.161930473254636720e-01
1.490000000000000000e+02 5.168509368809729443e-01
1.480000000000000000e+02 5.175134702421702038e-01
1.470000000000000000e+02 5.181799922338667930e-01
1.460000000000000000e+02 5.188499956404009072e-01
1.450000000000000000e+02 5.195231424490297512e-01
1.440000000000000000e+02 5.201992906478255518e-01
1.430000000000000000e+02 5.208785208134099065e-01
1.420000000000000000e+02 5.215611647720649335e-01
1.410000000000000000e+02 5.222478360182261081e-01
1.400000000000000000e+02 5.229394619244108755e-01
1.390000000000000000e+02 5.236373177585988969e-01
1.380000000000000000e+02 5.243430625045560900e-01
1.370000000000000000e+02 5.250587764542684610e-01
1.360000000000000000e+02 5.257870005070851560e-01
1.350000000000000000e+02 5.265307770719177549e-01
1.340000000000000000e+02 5.272936924193685204e-01
1.330000000000000000e+02 5.280799202646214718e-01
1.320000000000000000e+02 5.288942663037944358e-01
1.310000000000000000e+02 5.297422133283021806e-01
1.300000000000000000e+02 5.306299664686507933e-01
1.290000000000000000e+02 5.315644979996974051e-01
1.280000000000000000e+02 5.325535910317731325e-01
1.270000000000000000e+02 5.336058812998980549e-01
1.260000000000000000e+02 5.347308961233870894e-01
1.250000000000000000e+02 5.359390895135988098e-01
1.240000000000000000e+02 5.372418722738648844e-01
1.230000000000000000e+02 5.386516358722581721e-01
1.220000000000000000e+02 5.401817687978831550e-01
1.210000000000000000e+02 5.418466641169417120e-01
1.200000000000000000e+02 5.436617169950458406e-01
1.190000000000000000e+02 5.456433110797203057e-01
1.180000000000000000e+02 5.478087928640854587e-01
1.170000000000000000e+02 5.501764334496423992e-01
1.160000000000000000e+02 5.527653775523273527e-01
1.150000000000000000e+02 5.555955800584219118e-01
1.140000000000000000e+02 5.586877310327953428e-01
1.130000000000000000e+02 5.620631706392822391e-01
1.120000000000000000e+02 5.657437960720643755e-01
1.110000000000000000e+02 5.697519631068547197e-01
1.100000000000000000e+02 5.741103853663780399e-01
1.090000000000000000e+02 5.788420346846782083e-01
1.080000000000000000e+02 5.839700461152617095e-01
1.070000000000000000e+02 5.895176310331959879e-01
1.060000000000000000e+02 5.955080015696847529e-01
1.050000000000000000e+02 6.019643091211998032e-01
1.040000000000000000e+02 6.089095991536810359e-01
1.030000000000000000e+02 6.163667837788124881e-01
