4.000000000000000000e+02 5.692412329617699829e-01
3.990000000000000000e+02 5.689227490199301185e-01
3.980000000000000000e+02 5.686031652612874021e-01
3.970000000000000000e+02 5.682824909409441849e-01
3.960000000000000000e+02 5.679607358927094563e-01
3.950000000000000000e+02 5.676379105434476990e-01
3.940000000000000000e+02 5.673140259274546127e-01
3.930000000000000000e+02 5.669890937008402743e-01
3.920000000000000000e+02 5.666631261556710486e-01
3.910000000000000000e+02 5.663361362342755889e-01
3.900000000000000000e+02 5.660081375432824968e-01
3.890000000000000000e+02 5.656791443675643904e-01
3.880000000000000000e+02 5.653491716840335357e-01
3.870000000000000000e+02 5.650182351751975585e-01
3.860000000000000000e+02 5.646863512425133180e-01
3.850000000000000000e+02 5.643535375443624602e-01
3.840000000000000000e+02 5.640198109820655503e-01
3.830000000000000000e+02 5.636851906533739687e-01
3.820000000000000000e+02 5.633496959647993352e-01
3.810000000000000000e+02 5.630133471041016691e-01
3.800000000000000000e+02 5.626761650516314273e-01
3.790000000000000000e+02 5.623381715910866774e-01
3.780000000000000000e+02 5.619993893197837709e-01
3.770000000000000000e+02 5.616598416582960773e-01
3.760000000000000000e+02 5.613195528595911199e-01
3.750000000000000000e+02 5.609785480173140604e-01
3.740000000000000000e+02 5.606368530735499345e-01
3.730000000000000000e+02 5.602944948256635138e-01
3.720000000000000000e+02 5.599515009324096404e-01
3.710000000000000000e+02 5.596078999191758108e-01
3.700000000000000000e+02 5.592637211822047982e-01
3.690000000000000000e+02 5.589189949920093659e-01
3.680000000000000000e+02 5.585737524954986766e-01
3.670000000000000000e+02 5.582280257173130034e-01
3.660000000000000000e+02 5.578818475596823978e-01
3.650000000000000000e+02 5.575352518013981795e-01
3.640000000000000000e+02 5.571882730952690821e-01
3.630000000000000000e+02 5.568409469642929821e-01
3.620000000000000000e+02 5.564933097965275577e-01
3.610000000000000000e+02 5.561453988384122971e-01
3.600000000000000000e+02 5.557972521866231252e-01
3.590000000000000000e+02 5.554489087782455981e-01
3.580000000000000000e+02 5.551004083794766064e-01
3.570000000000000000e+02 5.547517915723624293e-01
3.560000000000000000e+02 5.544030997400579697e-01
3.550000000000000000e+02 5.540543750500040998e-01
3.540000000000000000e+02 5.537056604352798006e-01
3.530000000000000000e+02 5.533569995740811320e-01
3.520000000000000000e+02 5.530084368669887507e-01
3.510000000000000000e+02 5.526600174123622589e-01
3.500000000000000000e+02 5.523117869794191837e-01
3.490000000000000000e+02 5.519637919791260394e-01
3.480000000000000000e+02 5.516160794330084993e-01
3.470000000000000000e+02 5.512686969393365555e-01
3.460000000000000000e+02 5.509216926372512146e-01
3.450000000000000000e+02 5.505751151682229949e-01
3.440000000000000000e+02 5.502290136352006034e-01
3.430000000000000000e+02 5.498834375591686863e-01
3.420000000000000000e+02 5.495384368331817093e-01
3.410000000000000000e+02 5.491940616737782666e-01
3.400000000000000000e+02 5.488503625697580546e-01
3.390000000000000000e+02 5.485073902282799896e-01
3.380000000000000000e+02 5.481651955184912994e-01
3.370000000000000000e+02 5.478238294118662477e-01
3.360000000000000000e+02 5.474833429206339419e-01
3.350000000000000000e+02 5.471437870326968378e-01
3.340000000000000000e+02 5.468052126442881633e-01
3.330000000000000000e+02 5.464676704896848092e-01
3.320000000000000000e+02 5.461312110681446619e-01
3.310000000000000000e+02 5.457958845682411297e-01
3.300000000000000000e+02 5.454617407893463943e-01
3.290000000000000000e+02 5.451288290604908715e-01
3.280000000000000000e+02 5.447971981565521427e-01
3.270000000000000000e+02 5.444668962118391908e-01
3.260000000000000000e+02 5.441379706310147668e-01
3.250000000000000000e+02 5.438104679976933920e-01
3.240000000000000000e+02 5.434844339803200919e-01
3.230000000000000000e+02 5.431599132359710147e-01
3.220000000000000000e+02 5.428369493117104483e-01
3.210000000000000000e+02 5.425155845436737678e-01
3.200000000000000000e+02 5.421958599542964219e-01
3.190000000000000000e+02 5.418778151473711002e-01
3.180000000000000000e+02 5.415614882013861653e-01
3.170000000000000000e+02 5.412469155610234450e-01
3.160000000000000000e+02 5.409341319273222037e-01
3.150000000000000000e+02 5.406231701461343686e-01
3.140000000000000000e+02 5.403140610957046786e-01
3.130000000000000000e+02 5.400068335728714919e-01
3.120000000000000000e+02 5.397015141787413484e-01
3.110000000000000000e+02 5.393981278500989962e-01
3.100000000000000000e+02 5.390966951581885880e-01
3.090000000000000000e+02 5.387972360702455443e-01
3.080000000000000000e+02 5.384997672499023391e-01
3.070000000000000000e+02 5.382043025876462883e-01
3.060000000000000000e+02 5.379108530860420290e-01
3.050000000000000000e+02 5.376194267458700438e-01
3.040000000000000000e+02 5.373300284535077465e-01
3.030000000000000000e+02 5.370426598696877996e-01
3.020000000000000000e+02 5.367573193201206072e-01
3.010000000000000000e+02 5.364740016883469131e-01
3.000000000000000000e+02 5.361926983109083222e-01
2.990000000000000000e+02 5.359133968755560584e-01
2.980000000000000000e+02 5.356360813225926609e-01
2.970000000000000000e+02 5.353607317498573215e-01
2.960000000000000000e+02 5.350873243218329245e-01
2.950000000000000000e+02 5.348158311829563916e-01
2.940000000000000000e+02 5.345462203760780184e-01
2.930000000000000000e+02 5.342784557659440159e-01
2.920000000000000000e+02 5.340124969686044221e-01
2.910000000000000000e+02 5.337482992869527765e-01
2.900000000000000000e+02 5.334858147690981767e-01
2.890000000000000000e+02 5.332249878752931549e-01
2.880000000000000000e+02 5.329657616134602094e-01
2.870000000000000000e+02 5.327080735337255124e-01
2.860000000000000000e+02 5.324518566607817638e-01
2.850000000000000000e+02 5.321970394767320256e-01
2.840000000000000000e+02 5.319435459136581112e-01
2.830000000000000000e+02 5.316912953561858668e-01
2.820000000000000000e+02 5.314402026549348568e-01
2.810000000000000000e+02 5.311901781510325327e-01
2.800000000000000000e+02 5.309411277124890249e-01
2.790000000000000000e+02 5.306929527827979332e-01
2.780000000000000000e+02 5.304455504424193668e-01
2.770000000000000000e+02 5.301988134836203015e-01
2.760000000000000000e+02 5.299526304992879799e-01
2.750000000000000000e+02 5.297068859859827006e-01
2.740000000000000000e+02 5.294614604622840393e-01
2.730000000000000000e+02 5.292162306023290297e-01
2.720000000000000000e+02 5.289710693857172519e-01
2.710000000000000000e+02 5.287258462636323930e-01
2.700000000000000000e+02 5.284804273422464282e-01
2.690000000000000000e+02 5.282346755835714003e-01
2.680000000000000000e+02 5.279884510243522122e-01
2.670000000000000000e+02 5.277416110134680594e-01
2.660000000000000000e+02 5.274940104682688258e-01
2.650000000000000000e+02 5.272455021502079342e-01
2.640000000000000000e+02 5.269959369603944843e-01
2.630000000000000000e+02 5.267451642551208568e-01
2.620000000000000000e+02 5.264930321819945025e-01
2.610000000000000000e+02 5.262393880368824162e-01
2.600000000000000000e+02 5.259840786420244552e-01
2.590000000000000000e+02 5.257269507452558832e-01
2.580000000000000000e+02 5.254678514411803558e-01
2.570000000000000000e+02 5.252066286137484497e-01
2.560000000000000000e+02 5.249431314008886629e-01
2.550000000000000000e+02 5.246772106808414993e-01
2.540000000000000000e+02 5.244087195808818658e-01
2.530000000000000000e+02 5.241375140071024008e-01
2.520000000000000000e+02 5.238634531967732988e-01
2.510000000000000000e+02 5.235864002917348659e-01
2.500000000000000000e+02 5.233062229332628990e-01
2.490000000000000000e+02 5.230227938778165830e-01
2.480000000000000000e+02 5.227359916331859591e-01
2.470000000000000000e+02 5.224457011148015972e-01
2.460000000000000000e+02 5.221518143210619467e-01
2.450000000000000000e+02 5.218542310274836282e-01
2.440000000000000000e+02 5.215528594983269706e-01
2.430000000000000000e+02 5.212476172151691012e-01
2.420000000000000000e+02 5.209384316207980037e-01
2.410000000000000000e+02 5.206252408777573004e-01
2.400000000000000000e+02 5.203079946395859912e-01
2.390000000000000000e+02 5.199866548336280481e-01
2.380000000000000000e+02 5.196611964535334804e-01
2.370000000000000000e+02 5.193316083594742283e-01
2.360000000000000000e+02 5.189978940842162602e-01
2.350000000000000000e+02 5.186600726427754715e-01
2.340000000000000000e+02 5.183181793429250117e-01
2.330000000000000000e+02 5.179722665944364035e-01
2.320000000000000000e+02 5.176224047137080175e-01
2.310000000000000000e+02 5.172686827210527527e-01
2.300000000000000000e+02 5.169112091270736675e-01
2.290000000000000000e+02 5.165501127048102159e-01
2.280000000000000000e+02 5.161855432439237390e-01
2.270000000000000000e+02 5.158176722824403537e-01
2.260000000000000000e+02 5.154466938125670250e-01
2.250000000000000000e+02 5.150728249552324334e-01
2.240000000000000000e+02 5.146963065991835284e-01
2.230000000000000000e+02 5.143174039993193558e-01
2.220000000000000000e+02 5.139364073287623347e-01
2.210000000000000000e+02 5.135536321798062076e-01
2.200000000000000000e+02 5.131694200070373579e-01
2.190000000000000000e+02 5.127841385072491320e-01
2.180000000000000000e+02 5.123981819296126172e-01
2.170000000000000000e+02 5.120119713095925285e-01
2.160000000000000000e+02 5.116259546199410924e-01
2.150000000000000000e+02 5.112406068318718910e-01
2.140000000000000000e+02 5.108564298797383385e-01
2.130000000000000000e+02 5.104739525213315421e-01
2.120000000000000000e+02 5.100937300873091829e-01
2.110000000000000000e+02 5.097163441123464533e-01
2.100000000000000000e+02 5.093424018404408837e-01
2.090000000000000000e+02 5.089725355975495136e-01
2.080000000000000000e+02 5.086074020248038119e-01
2.070000000000000000e+02 5.082476811648871662e-01
2.060000000000000000e+02 5.078940753955902832e-01
2.050000000000000000e+02 5.075473082045086626e-01
2.040000000000000000e+02 5.072081227988606278e-01
2.030000000000000000e+02 5.068772805457474329e-01
2.020000000000000000e+02 5.065555592389724415e-01
2.010000000000000000e+02 5.062437511879430696e-01
2.000000000000000000e+02 5.059426611270990692e-01
1.990000000000000000e+02 5.056531039440967934e-01
1.980000000000000000e+02 5.053759022265367218e-01
1.970000000000000000e+02 5.051118836283569058e-01
1.960000000000000000e+02 5.048618780589937405e-01
1.950000000000000000e+02 5.046267146986505026e-01
1.940000000000000000e+02 5.044072188468236018e-01
1.930000000000000000e+02 5.042042086112207278e-01
1.920000000000000000e+02 5.040184914469093558e-01
1.910000000000000000e+02 5.038508605580993560e-01
1.900000000000000000e+02 5.037020911763787634e-01
1.890000000000000000e+02 5.035729367311502225e-01
1.880000000000000000e+02 5.034641249315376932e-01
1.870000000000000000e+02 5.033763537800548526e-01
1.860000000000000000e+02 5.033102875405347509e-01
1.850000000000000000e+02 5.032665526857503790e-01
1.840000000000000000e+02 5.032457338517570822e-01
1.830000000000000000e+02 5.032483698272869344e-01
1.820000000000000000e+02 5.032749496096902142e-01
1.810000000000000000e+02 5.033259085596395455e-01
1.800000000000000000e+02 5.034016246866692690e-01
1.790000000000000000e+02 5.035024151032830853e-01
1.780000000000000000e+02 5.036285326805575169e-01
1.770000000000000000e+02 5.037801629434325301e-01
1.760000000000000000e+02 5.039574212418952426e-01
1.750000000000000000e+02 5.041603502344984555e-01
1.740000000000000000e+02 5.043889177231491994e-01
1.730000000000000000e+02 5.046430148725710163e-01
1.720000000000000000e+02 5.049224548542197155e-01
1.710000000000000000e+02 5.052269719474664633e-01
1.700000000000000000e+02 5.055562211344929446e-01
1.690000000000000000e+02 5.059097782218275885e-01
1.680000000000000000e+02 5.062871405234472544e-01
1.670000000000000000e+02 5.066877281353330265e-01
1.660000000000000000e+02 5.071108858363125860e-01
1.650000000000000000e+02 5.075558856431319210e-01
1.640000000000000000e+02 5.080219300542834215e-01
1.630000000000000000e+02 5.085081560092623576e-01
1.620000000000000000e+02 5.090136395977260531e-01
1.610000000000000000e+02 5.095374015476727969e-01
1.600000000000000000e+02 5.100784135247131701e-01
1.590000000000000000e+02 5.106356052775647969e-01
1.580000000000000000e+02 5.112078726606068546e-01
1.570000000000000000e+02 5.117940865746983814e-01
1.560000000000000000e+02 5.123931028597966675e-01
1.550000000000000000e+02 5.130037731831503800e-01
1.540000000000000000e+02 5.136249569670393589e-01
1.530000000000000000e+02 5.142555343985162342e-01
1.520000000000000000e+02 5.148944205746545100e-01
1.510000000000000000e+02 5.155405808337808482e-01
1.500000000000000000e+02 5.161930473254477958e-01
1.490000000000000000e+02 5.168509368809688365e-01
1.480000000000000000e+02 5.175134702421962940e-01
1.470000000000000000e+02 5.181799922338669040e-01
1.460000000000000000e+02 5.188499956404072355e-01
1.450000000000000000e+02 5.195231424490444061e-01
1.440000000000000000e+02 5.201992906477983514e-01
1.430000000000000000e+02 5.208785208133736022e-01
1.420000000000000000e+02 5.215611647720648225e-01
1.410000000000000000e+02 5.222478360182591928e-01
1.400000000000000000e+02 5.229394619244013276e-01
1.390000000000000000e+02 5.236373177585984529e-01
1.380000000000000000e+02 5.243430625045568672e-01
1.370000000000000000e+02 5.250587764542675728e-01
1.360000000000000000e+02 5.257870005070907071e-01
1.350000000000000000e+02 5.265307770719103164e-01
1.340000000000000000e+02 5.272936924193670771e-01
1.330000000000000000e+02 5.280799202646065948e-01
1.320000000000000000e+02 5.288942663038036507e-01
1.310000000000000000e+02 5.297422133283012924e-01
1.300000000000000000e+02 5.306299664686470186e-01
1.290000000000000000e+02 5.315644979996576591e-01
1.280000000000000000e+02 5.325535910317739097e-01
1.270000000000000000e+02 5.336058812998997203e-01
1.260000000000000000e+02 5.347308961233733227e-01
1.250000000000000000e+02 5.359390895135979216e-01
1.240000000000000000e+02 5.372418722738629970e-01
1.230000000000000000e+02 5.386516358722940323e-01
1.220000000000000000e+02 5.401817687978831550e-01
1.210000000000000000e+02 5.418466641169354947e-01
1.200000000000000000e+02 5.436617169950509476e-01
1.190000000000000000e+02 5.456433110797200836e-01
1.180000000000000000e+02 5.478087928640930082e-01
1.170000000000000000e+02 5.501764334496401787e-01
1.160000000000000000e+02 5.527653775522991531e-01
1.150000000000000000e+02 5.555955800584506665e-01
1.140000000000000000e+02 5.586877310327960089e-01
1.130000000000000000e+02 5.620631706392856808e-01
1.120000000000000000e+02 5.657437960720526071e-01
1.110000000000000000e+02 5.697519631068578283e-01
1.100000000000000000e+02 5.741103853663661605e-01
1.090000000000000000e+02 5.788420346846805398e-01
1.080000000000000000e+02 5.839700461152622646e-01
1.070000000000000000e+02 5.895176310331330383e-01
1.060000000000000000e+02 5.955080015696758711e-01
1.050000000000000000e+02 6.019643091212416586e-01
1.040000000000000000e+02 6.089095991536961350e-01
1.030000000000000000e+02 6.163667837790027804e-01
