4.000000000000000000e+02 5.692412329617702049e-01
3.990000000000000000e+02 5.689227490199302295e-01
3.980000000000000000e+02 5.686031652612871801e-01
3.970000000000000000e+02 5.682824909409441849e-01
3.960000000000000000e+02 5.679607358927096783e-01
3.950000000000000000e+02 5.676379105434478101e-01
3.940000000000000000e+02 5.673140259274548347e-01
3.930000000000000000e+02 5.669890937008407183e-01
3.920000000000000000e+02 5.666631261556708266e-01
3.910000000000000000e+02 5.663361362342754779e-01
3.900000000000000000e+02 5.660081375432829409e-01
3.890000000000000000e+02 5.656791443675647235e-01
3.880000000000000000e+02 5.653491716840337578e-01
3.870000000000000000e+02 5.650182351751982246e-01
3.860000000000000000e+02 5.646863512425130960e-01
3.850000000000000000e+02 5.643535375443626823e-01
3.840000000000000000e+02 5.640198109820655503e-01
3.830000000000000000e+02 5.636851906533741907e-01
3.820000000000000000e+02 5.633496959647994462e-01
3.810000000000000000e+02 5.630133471041021131e-01
3.800000000000000000e+02 5.626761650516314273e-01
3.790000000000000000e+02 5.623381715910862333e-01
3.780000000000000000e+02 5.619993893197842150e-01
3.770000000000000000e+02 5.616598416582956332e-01
3.760000000000000000e+02 5.613195528595913419e-01
3.750000000000000000e+02 5.609785480173145045e-01
3.740000000000000000e+02 5.606368530735501565e-01
3.730000000000000000e+02 5.602944948256637359e-01
3.720000000000000000e+02 5.599515009324094184e-01
3.710000000000000000e+02 5.596078999191758108e-01
3.700000000000000000e+02 5.592637211822046872e-01
3.690000000000000000e+02 5.589189949920095879e-01
3.680000000000000000e+02 5.585737524954984545e-01
3.670000000000000000e+02 5.582280257173131144e-01
3.660000000000000000e+02 5.578818475596827309e-01
3.650000000000000000e+02 5.575352518013979575e-01
3.640000000000000000e+02 5.571882730952686380e-01
3.630000000000000000e+02 5.568409469642923160e-01
3.620000000000000000e+02 5.564933097965277797e-01
3.610000000000000000e+02 5.561453988384124081e-01
3.600000000000000000e+02 5.557972521866229032e-01
3.590000000000000000e+02 5.554489087782459311e-01
3.580000000000000000e+02 5.551004083794763844e-01
3.570000000000000000e+02 5.547517915723629844e-01
3.560000000000000000e+02 5.544030997400581917e-01
3.550000000000000000e+02 5.540543750500038778e-01
3.540000000000000000e+02 5.537056604352805778e-01
3.530000000000000000e+02 5.533569995740807990e-01
3.520000000000000000e+02 5.530084368669889727e-01
3.510000000000000000e+02 5.526600174123619258e-01
3.500000000000000000e+02 5.523117869794191837e-01
3.490000000000000000e+02 5.519637919791260394e-01
3.480000000000000000e+02 5.516160794330086103e-01
3.470000000000000000e+02 5.512686969393367775e-01
3.460000000000000000e+02 5.509216926372516587e-01
3.450000000000000000e+02 5.505751151682229949e-01
3.440000000000000000e+02 5.502290136352006034e-01
3.430000000000000000e+02 5.498834375591687973e-01
3.420000000000000000e+02 5.495384368331817093e-01
3.410000000000000000e+02 5.491940616737782666e-01
3.400000000000000000e+02 5.488503625697582766e-01
3.390000000000000000e+02 5.485073902282797675e-01
3.380000000000000000e+02 5.481651955184910774e-01
3.370000000000000000e+02 5.478238294118663587e-01
3.360000000000000000e+02 5.474833429206342750e-01
3.350000000000000000e+02 5.471437870326969488e-01
3.340000000000000000e+02 5.468052126442880523e-01
3.330000000000000000e+02 5.464676704896849202e-01
3.320000000000000000e+02 5.461312110681444398e-01
3.310000000000000000e+02 5.457958845682413518e-01
3.300000000000000000e+02 5.454617407893462833e-01
3.290000000000000000e+02 5.451288290604910935e-01
3.280000000000000000e+02 5.447971981565519206e-01
3.270000000000000000e+02 5.444668962118390798e-01
3.260000000000000000e+02 5.441379706310144337e-01
3.250000000000000000e+02 5.438104679976936140e-01
3.240000000000000000e+02 5.434844339803203139e-01
3.230000000000000000e+02 5.431599132359705706e-01
3.220000000000000000e+02 5.428369493117104483e-01
3.210000000000000000e+02 5.425155845436737678e-01
3.200000000000000000e+02 5.421958599542967550e-01
3.190000000000000000e+02 5.418778151473706561e-01
3.180000000000000000e+02 5.415614882013866094e-01
3.170000000000000000e+02 5.412469155610227789e-01
3.160000000000000000e+02 5.409341319273225368e-01
3.150000000000000000e+02 5.406231701461341466e-01
3.140000000000000000e+02 5.403140610957042345e-01
3.130000000000000000e+02 5.400068335728710478e-01
3.120000000000000000e+02 5.397015141787415704e-01
3.110000000000000000e+02 5.393981278500992183e-01
3.100000000000000000e+02 5.390966951581884770e-01
3.090000000000000000e+02 5.387972360702456553e-01
3.080000000000000000e+02 5.384997672499027832e-01
3.070000000000000000e+02 5.382043025876462883e-01
3.060000000000000000e+02 5.379108530860422510e-01
3.050000000000000000e+02 5.376194267458700438e-01
3.040000000000000000e+02 5.373300284535083016e-01
3.030000000000000000e+02 5.370426598696875775e-01
3.020000000000000000e+02 5.367573193201201631e-01
3.010000000000000000e+02 5.364740016883473572e-01
3.000000000000000000e+02 5.361926983109081002e-01
2.990000000000000000e+02 5.359133968755562805e-01
2.980000000000000000e+02 5.356360813225927719e-01
2.970000000000000000e+02 5.353607317498577656e-01
2.960000000000000000e+02 5.350873243218325914e-01
2.950000000000000000e+02 5.348158311829565026e-01
2.940000000000000000e+02 5.345462203760777964e-01
2.930000000000000000e+02 5.342784557659440159e-01
2.920000000000000000e+02 5.340124969686038670e-01
2.910000000000000000e+02 5.337482992869523324e-01
2.900000000000000000e+02 5.334858147690978436e-01
2.890000000000000000e+02 5.332249878752942651e-01
2.880000000000000000e+02 5.329657616134597653e-01
2.870000000000000000e+02 5.327080735337261785e-01
2.860000000000000000e+02 5.324518566607820969e-01
2.850000000000000000e+02 5.321970394767325807e-01
2.840000000000000000e+02 5.319435459136577782e-01
2.830000000000000000e+02 5.316912953561856447e-01
2.820000000000000000e+02 5.314402026549347458e-01
2.810000000000000000e+02 5.311901781510323106e-01
2.800000000000000000e+02 5.309411277124890249e-01
2.790000000000000000e+02 5.306929527827980442e-01
2.780000000000000000e+02 5.304455504424193668e-01
2.770000000000000000e+02 5.301988134836200794e-01
2.760000000000000000e+02 5.299526304992879799e-01
2.750000000000000000e+02 5.297068859859828116e-01
2.740000000000000000e+02 5.294614604622840393e-01
2.730000000000000000e+02 5.292162306023294738e-01
2.720000000000000000e+02 5.289710693857176960e-01
2.710000000000000000e+02 5.287258462636325040e-01
2.700000000000000000e+02 5.284804273422457621e-01
2.690000000000000000e+02 5.282346755835714003e-01
2.680000000000000000e+02 5.279884510243523232e-01
2.670000000000000000e+02 5.277416110134676153e-01
2.660000000000000000e+02 5.274940104682686037e-01
2.650000000000000000e+02 5.272455021502079342e-01
2.640000000000000000e+02 5.269959369603943733e-01
2.630000000000000000e+02 5.267451642551204127e-01
2.620000000000000000e+02 5.264930321819939474e-01
2.610000000000000000e+02 5.262393880368827492e-01
2.600000000000000000e+02 5.259840786420246772e-01
2.590000000000000000e+02 5.257269507452564383e-01
2.580000000000000000e+02 5.254678514411810220e-01
2.570000000000000000e+02 5.252066286137486717e-01
2.560000000000000000e+02 5.249431314008881078e-01
2.550000000000000000e+02 5.246772106808416103e-01
2.540000000000000000e+02 5.244087195808817548e-01
2.530000000000000000e+02 5.241375140071018457e-01
2.520000000000000000e+02 5.238634531967732988e-01
2.510000000000000000e+02 5.235864002917349769e-01
2.500000000000000000e+02 5.233062229332633430e-01
2.490000000000000000e+02 5.230227938778165830e-01
2.480000000000000000e+02 5.227359916331858480e-01
2.470000000000000000e+02 5.224457011148011532e-01
2.460000000000000000e+02 5.221518143210617247e-01
2.450000000000000000e+02 5.218542310274831841e-01
2.440000000000000000e+02 5.215528594983273036e-01
2.430000000000000000e+02 5.212476172151686571e-01
2.420000000000000000e+02 5.209384316207982257e-01
2.410000000000000000e+02 5.206252408777571894e-01
2.400000000000000000e+02 5.203079946395859912e-01
2.390000000000000000e+02 5.199866548336282701e-01
2.380000000000000000e+02 5.196611964535338135e-01
2.370000000000000000e+02 5.193316083594736732e-01
2.360000000000000000e+02 5.189978940842160382e-01
2.350000000000000000e+02 5.186600726427750274e-01
2.340000000000000000e+02 5.183181793429250117e-01
2.330000000000000000e+02 5.179722665944362925e-01
2.320000000000000000e+02 5.176224047137080175e-01
2.310000000000000000e+02 5.172686827210527527e-01
2.300000000000000000e+02 5.169112091270736675e-01
2.290000000000000000e+02 5.165501127048108820e-01
2.280000000000000000e+02 5.161855432439235170e-01
2.270000000000000000e+02 5.158176722824399096e-01
2.260000000000000000e+02 5.154466938125663589e-01
2.250000000000000000e+02 5.150728249552324334e-01
2.240000000000000000e+02 5.146963065991830844e-01
2.230000000000000000e+02 5.143174039993192448e-01
2.220000000000000000e+02 5.139364073287622237e-01
2.210000000000000000e+02 5.135536321798057635e-01
2.200000000000000000e+02 5.131694200070372469e-01
2.190000000000000000e+02 5.127841385072493541e-01
2.180000000000000000e+02 5.123981819296127282e-01
2.170000000000000000e+02 5.120119713095918623e-01
2.160000000000000000e+02 5.116259546199408703e-01
2.150000000000000000e+02 5.112406068318717800e-01
2.140000000000000000e+02 5.108564298797386716e-01
2.130000000000000000e+02 5.104739525213309870e-01
2.120000000000000000e+02 5.100937300873087388e-01
2.110000000000000000e+02 5.097163441123464533e-01
2.100000000000000000e+02 5.093424018404406617e-01
2.090000000000000000e+02 5.089725355975497356e-01
2.080000000000000000e+02 5.086074020248039229e-01
2.070000000000000000e+02 5.082476811648868331e-01
2.060000000000000000e+02 5.078940753955900611e-01
2.050000000000000000e+02 5.075473082045086626e-01
2.040000000000000000e+02 5.072081227988606278e-01
2.030000000000000000e+02 5.068772805457470998e-01
2.020000000000000000e+02 5.065555592389726636e-01
2.010000000000000000e+02 5.062437511879427365e-01
2.000000000000000000e+02 5.059426611270996244e-01
1.990000000000000000e+02 5.056531039440966824e-01
1.980000000000000000e+02 5.053759022265366108e-01
1.970000000000000000e+02 5.051118836283570168e-01
1.960000000000000000e+02 5.048618780589937405e-01
1.950000000000000000e+02 5.046267146986506136e-01
1.940000000000000000e+02 5.044072188468238238e-01
1.930000000000000000e+02 5.042042086112209498e-01
1.920000000000000000e+02 5.040184914469089117e-01
1.910000000000000000e+02 5.038508605580993560e-01
1.900000000000000000e+02 5.037020911763787634e-01
1.890000000000000000e+02 5.035729367311497784e-01
1.880000000000000000e+02 5.034641249315379152e-01
1.870000000000000000e+02 5.033763537800549637e-01
1.860000000000000000e+02 5.033102875405350840e-01
1.850000000000000000e+02 5.032665526857500460e-01
1.840000000000000000e+02 5.032457338517570822e-01
1.830000000000000000e+02 5.032483698272867123e-01
1.820000000000000000e+02 5.032749496096898811e-01
1.810000000000000000e+02 5.033259085596398785e-01
1.800000000000000000e+02 5.034016246866687139e-01
1.790000000000000000e+02 5.035024151032825301e-01
1.780000000000000000e+02 5.036285326805574059e-01
1.770000000000000000e+02 5.037801629434326411e-01
1.760000000000000000e+02 5.039574212418952426e-01
1.750000000000000000e+02 5.041603502344980114e-01
1.740000000000000000e+02 5.043889177231488663e-01
1.730000000000000000e+02 5.046430148725706832e-01
1.720000000000000000e+02 5.049224548542199376e-01
1.710000000000000000e+02 5.052269719474665743e-01
1.700000000000000000e+02 5.055562211344929446e-01
1.690000000000000000e+02 5.059097782218278105e-01
1.680000000000000000e+02 5.062871405234472544e-01
1.670000000000000000e+02 5.066877281353332485e-01
1.660000000000000000e+02 5.071108858363125860e-01
1.650000000000000000e+02 5.075558856431312549e-01
1.640000000000000000e+02 5.080219300542835326e-01
1.630000000000000000e+02 5.085081560092623576e-01
1.620000000000000000e+02 5.090136395977257200e-01
1.610000000000000000e+02 5.095374015476727969e-01
1.600000000000000000e+02 5.100784135247130591e-01
1.590000000000000000e+02 5.106356052775652410e-01
1.580000000000000000e+02 5.112078726606064105e-01
1.570000000000000000e+02 5.117940865746984924e-01
1.560000000000000000e+02 5.123931028597966675e-01
1.550000000000000000e+02 5.130037731831501580e-01
1.540000000000000000e+02 5.136249569670390258e-01
1.530000000000000000e+02 5.142555343985164562e-01
1.520000000000000000e+02 5.148944205746543989e-01
1.510000000000000000e+02 5.155405808337807372e-01
1.500000000000000000e+02 5.161930473254480178e-01
1.490000000000000000e+02 5.168509368809689475e-01
1.480000000000000000e+02 5.175134702421964050e-01
1.470000000000000000e+02 5.181799922338666819e-01
1.460000000000000000e+02 5.188499956404069025e-01
1.450000000000000000e+02 5.195231424490442951e-01
1.440000000000000000e+02 5.201992906477987955e-01
1.430000000000000000e+02 5.208785208133731581e-01
1.420000000000000000e+02 5.215611647720650446e-01
1.410000000000000000e+02 5.222478360182589707e-01
1.400000000000000000e+02 5.229394619244011055e-01
1.390000000000000000e+02 5.236373177585986749e-01
1.380000000000000000e+02 5.243430625045568672e-01
1.370000000000000000e+02 5.250587764542675728e-01
1.360000000000000000e+02 5.257870005070914843e-01
1.350000000000000000e+02 5.265307770719098723e-01
1.340000000000000000e+02 5.272936924193675212e-01
1.330000000000000000e+02 5.280799202646059287e-01
1.320000000000000000e+02 5.288942663038034286e-01
1.310000000000000000e+02 5.297422133283017365e-01
1.300000000000000000e+02 5.306299664686472406e-01
1.290000000000000000e+02 5.315644979996576591e-01
1.280000000000000000e+02 5.325535910317740207e-01
1.270000000000000000e+02 5.336058812998997203e-01
1.260000000000000000e+02 5.347308961233737667e-01
1.250000000000000000e+02 5.359390895135976995e-01
1.240000000000000000e+02 5.372418722738634411e-01
1.230000000000000000e+02 5.386516358722940323e-01
1.220000000000000000e+02 5.401817687978832661e-01
1.210000000000000000e+02 5.418466641169353837e-01
1.200000000000000000e+02 5.436617169950505035e-01
1.190000000000000000e+02 5.456433110797196395e-01
1.180000000000000000e+02 5.478087928640928972e-01
1.170000000000000000e+02 5.501764334496397346e-01
1.160000000000000000e+02 5.527653775522993751e-01
1.150000000000000000e+02 5.555955800584504445e-01
1.140000000000000000e+02 5.586877310327962309e-01
1.130000000000000000e+02 5.620631706392854587e-01
1.120000000000000000e+02 5.657437960720528292e-01
1.110000000000000000e+02 5.697519631068583834e-01
1.100000000000000000e+02 5.741103853663668266e-01
1.090000000000000000e+02 5.788420346846809839e-01
1.080000000000000000e+02 5.839700461152628197e-01
1.070000000000000000e+02 5.895176310331327052e-01
1.060000000000000000e+02 5.955080015696760931e-01
1.050000000000000000e+02 6.019643091212416586e-01
1.040000000000000000e+02 6.089095991536961350e-01
1.030000000000000000e+02 6.163667837790022253e-01
