4.000000000000000000e+02 -2.240161012985269207e-01
3.990000000000000000e+02 -2.240491662205364165e-01
3.980000000000000000e+02 -2.240804288267480016e-01
3.970000000000000000e+02 -2.241098007726576302e-01
3.960000000000000000e+02 -2.241373308378340201e-01
3.950000000000000000e+02 -2.241629270400900265e-01
3.940000000000000000e+02 -2.241865817044780274e-01
3.930000000000000000e+02 -2.242082515361770445e-01
3.920000000000000000e+02 -2.242279442595195571e-01
3.910000000000000000e+02 -2.242455760218828031e-01
3.900000000000000000e+02 -2.242612091622015746e-01
3.890000000000000000e+02 -2.242746726166245652e-01
3.880000000000000000e+02 -2.242860064053726343e-01
3.870000000000000000e+02 -2.242952243509543919e-01
3.860000000000000000e+02 -2.243022418532482631e-01
3.850000000000000000e+02 -2.243070913671685040e-01
3.840000000000000000e+02 -2.243096869088573309e-01
3.830000000000000000e+02 -2.243100145192689632e-01
3.820000000000000000e+02 -2.243080542138164990e-01
3.810000000000000000e+02 -2.243037658553383995e-01
3.800000000000000000e+02 -2.242971319300835487e-01
3.790000000000000000e+02 -2.242881199991133279e-01
3.780000000000000000e+02 -2.242767005030662508e-01
3.770000000000000000e+02 -2.242628499120503938e-01
3.760000000000000000e+02 -2.242465428935284388e-01
3.750000000000000000e+02 -2.242277403808544123e-01
3.740000000000000000e+02 -2.242064256575410919e-01
3.730000000000000000e+02 -2.241825731181416870e-01
3.720000000000000000e+02 -2.241561517857502683e-01
3.710000000000000000e+02 -2.241271406394929888e-01
3.700000000000000000e+02 -2.240955076257854783e-01
3.690000000000000000e+02 -2.240612318833488381e-01
3.680000000000000000e+02 -2.240242905571831200e-01
3.670000000000000000e+02 -2.239846518504008122e-01
3.660000000000000000e+02 -2.239422972103704557e-01
3.650000000000000000e+02 -2.238972072469685715e-01
3.640000000000000000e+02 -2.238493532142239173e-01
3.630000000000000000e+02 -2.237986998971365216e-01
3.620000000000000000e+02 -2.237452490493736512e-01
3.610000000000000000e+02 -2.236889652993058197e-01
3.600000000000000000e+02 -2.236298317792270174e-01
3.590000000000000000e+02 -2.235678253776388069e-01
3.580000000000000000e+02 -2.235029244069589860e-01
3.570000000000000000e+02 -2.234351099429416898e-01
3.560000000000000000e+02 -2.233643705041765681e-01
3.550000000000000000e+02 -2.232906750433380771e-01
3.540000000000000000e+02 -2.232140117090729292e-01
3.530000000000000000e+02 -2.231343725451216675e-01
3.520000000000000000e+02 -2.230517447445956314e-01
3.510000000000000000e+02 -2.229660756688822687e-01
3.500000000000000000e+02 -2.228774227031586341e-01
3.490000000000000000e+02 -2.227856752216672842e-01
3.480000000000000000e+02 -2.226908939751875982e-01
3.470000000000000000e+02 -2.225930320936969076e-01
3.460000000000000000e+02 -2.224920947032414942e-01
3.450000000000000000e+02 -2.223880659360119583e-01
3.440000000000000000e+02 -2.222809663879408981e-01
3.430000000000000000e+02 -2.221706828886148566e-01
3.420000000000000000e+02 -2.220573287336871093e-01
3.410000000000000000e+02 -2.219408403292370824e-01
3.400000000000000000e+02 -2.218212200489373120e-01
3.390000000000000000e+02 -2.216984635171929674e-01
3.380000000000000000e+02 -2.215725585399747621e-01
3.370000000000000000e+02 -2.214435171667292201e-01
3.360000000000000000e+02 -2.213113245790719608e-01
3.350000000000000000e+02 -2.211759810640822332e-01
3.340000000000000000e+02 -2.210375005701485651e-01
3.330000000000000000e+02 -2.208958611247544834e-01
3.320000000000000000e+02 -2.207510906925170824e-01
3.310000000000000000e+02 -2.206031607960309282e-01
3.300000000000000000e+02 -2.204521134456050857e-01
3.290000000000000000e+02 -2.202979257889004505e-01
3.280000000000000000e+02 -2.201406300491078050e-01
3.270000000000000000e+02 -2.199802023160737918e-01
3.260000000000000000e+02 -2.198166680524527017e-01
3.250000000000000000e+02 -2.196500531786659549e-01
3.240000000000000000e+02 -2.194803624676299192e-01
3.230000000000000000e+02 -2.193075914219765332e-01
3.220000000000000000e+02 -2.191317774459378143e-01
3.210000000000000000e+02 -2.189529236784471811e-01
3.200000000000000000e+02 -2.187710665081617767e-01
3.190000000000000000e+02 -2.185862148431906571e-01
3.180000000000000000e+02 -2.183983738350148418e-01
3.170000000000000000e+02 -2.182075933112430643e-01
3.160000000000000000e+02 -2.180138741944479264e-01
3.150000000000000000e+02 -2.178172698970380350e-01
3.140000000000000000e+02 -2.176177811477684465e-01
3.130000000000000000e+02 -2.174154389033229051e-01
3.120000000000000000e+02 -2.172102945814667618e-01
3.110000000000000000e+02 -2.170023871793134163e-01
3.100000000000000000e+02 -2.167917270863280177e-01
3.090000000000000000e+02 -2.165783415342634743e-01
3.080000000000000000e+02 -2.163622879754938388e-01
3.070000000000000000e+02 -2.161436122763466250e-01
3.060000000000000000e+02 -2.159223404971550020e-01
3.050000000000000000e+02 -2.156985195347718154e-01
3.040000000000000000e+02 -2.154722028718601412e-01
3.030000000000000000e+02 -2.152434227972924441e-01
3.020000000000000000e+02 -2.150122534330477231e-01
3.010000000000000000e+02 -2.147787120591751753e-01
3.000000000000000000e+02 -2.145428860717572550e-01
2.990000000000000000e+02 -2.143048071636178553e-01
2.980000000000000000e+02 -2.140645416444399152e-01
2.970000000000000000e+02 -2.138221478532776887e-01
2.960000000000000000e+02 -2.135776795450136656e-01
2.950000000000000000e+02 -2.133312157546427279e-01
2.940000000000000000e+02 -2.130828168279591261e-01
2.930000000000000000e+02 -2.128325323650464562e-01
2.920000000000000000e+02 -2.125804567898565145e-01
2.910000000000000000e+02 -2.123266412974643136e-01
2.900000000000000000e+02 -2.120711926436172623e-01
2.890000000000000000e+02 -2.118141499862402910e-01
2.880000000000000000e+02 -2.115556213544951547e-01
2.870000000000000000e+02 -2.112956683175677142e-01
2.860000000000000000e+02 -2.110343803227499315e-01
2.850000000000000000e+02 -2.107718421675105480e-01
2.840000000000000000e+02 -2.105081501885998352e-01
2.830000000000000000e+02 -2.102434193941651874e-01
2.820000000000000000e+02 -2.099776646185221585e-01
2.810000000000000000e+02 -2.097110485513169476e-01
2.800000000000000000e+02 -2.094436388792881854e-01
2.790000000000000000e+02 -2.091755666267345326e-01
2.780000000000000000e+02 -2.089069405029689297e-01
2.770000000000000000e+02 -2.086378022400426635e-01
2.760000000000000000e+02 -2.083682785517375347e-01
2.750000000000000000e+02 -2.080985369653431116e-01
2.740000000000000000e+02 -2.078286715678346608e-01
2.730000000000000000e+02 -2.075587472873938466e-01
2.720000000000000000e+02 -2.072889328650315555e-01
2.710000000000000000e+02 -2.070193106435099517e-01
2.700000000000000000e+02 -2.067500518500117457e-01
2.690000000000000000e+02 -2.064812019261178244e-01
2.680000000000000000e+02 -2.062129977351597199e-01
2.670000000000000000e+02 -2.059454749190666456e-01
2.660000000000000000e+02 -2.056788177752152391e-01
2.650000000000000000e+02 -2.054131479150062833e-01
2.640000000000000000e+02 -2.051486258098771942e-01
2.630000000000000000e+02 -2.048853296644183863e-01
2.620000000000000000e+02 -2.046234528150877585e-01
2.610000000000000000e+02 -2.043631430130207760e-01
2.600000000000000000e+02 -2.041045262493170753e-01
2.590000000000000000e+02 -2.038477462385485384e-01
2.580000000000000000e+02 -2.035929921025108058e-01
2.570000000000000000e+02 -2.033403701114828988e-01
2.560000000000000000e+02 -2.030900566915355421e-01
2.550000000000000000e+02 -2.028422682644303032e-01
2.540000000000000000e+02 -2.025971030241245918e-01
2.530000000000000000e+02 -2.023546649265235420e-01
2.520000000000000000e+02 -2.021152516556830592e-01
2.510000000000000000e+02 -2.018789415985226543e-01
2.500000000000000000e+02 -2.016459262522790341e-01
2.490000000000000000e+02 -2.014163742974581783e-01
2.480000000000000000e+02 -2.011904377616877682e-01
2.470000000000000000e+02 -2.009683520420030289e-01
2.460000000000000000e+02 -2.007502094633566991e-01
2.450000000000000000e+02 -2.005362339895724599e-01
2.440000000000000000e+02 -2.003265720103064029e-01
2.430000000000000000e+02 -2.001214268375786642e-01
2.420000000000000000e+02 -1.999209909699155574e-01
2.410000000000000000e+02 -1.997254016719288983e-01
2.400000000000000000e+02 -1.995348380515034048e-01
2.390000000000000000e+02 -1.993494883631707904e-01
2.380000000000000000e+02 -1.991695694585633447e-01
2.370000000000000000e+02 -1.989951889105968097e-01
2.360000000000000000e+02 -1.988265918916350128e-01
2.350000000000000000e+02 -1.986639203817352484e-01
2.340000000000000000e+02 -1.985073357553289453e-01
2.330000000000000000e+02 -1.983570427267005998e-01
2.320000000000000000e+02 -1.982132099069951192e-01
2.310000000000000000e+02 -1.980759926222327438e-01
2.300000000000000000e+02 -1.979456190237861291e-01
2.290000000000000000e+02 -1.978221134739272524e-01
2.280000000000000000e+02 -1.977057824338995518e-01
2.270000000000000000e+02 -1.975967571310086601e-01
2.260000000000000000e+02 -1.974951438301593698e-01
2.250000000000000000e+02 -1.974011422070254262e-01
2.240000000000000000e+02 -1.973148933546644002e-01
2.230000000000000000e+02 -1.972365892783023156e-01
2.220000000000000000e+02 -1.971662250709956266e-01
2.210000000000000000e+02 -1.971040836880350866e-01
2.200000000000000000e+02 -1.970502332215482155e-01
2.190000000000000000e+02 -1.970048247516173467e-01
2.180000000000000000e+02 -1.969679701967834984e-01
2.170000000000000000e+02 -1.969397706803868997e-01
2.160000000000000000e+02 -1.969203219686494200e-01
2.150000000000000000e+02 -1.969097432558240268e-01
2.140000000000000000e+02 -1.969081281727438903e-01
2.130000000000000000e+02 -1.969154973512247664e-01
2.120000000000000000e+02 -1.969319690489676478e-01
2.110000000000000000e+02 -1.969576027438410815e-01
2.100000000000000000e+02 -1.969924520781834720e-01
2.090000000000000000e+02 -1.970365162981927154e-01
2.080000000000000000e+02 -1.970898797125645308e-01
2.070000000000000000e+02 -1.971525696100692171e-01
2.060000000000000000e+02 -1.972245005324400058e-01
2.050000000000000000e+02 -1.973057423639412722e-01
2.040000000000000000e+02 -1.973962541277238247e-01
2.030000000000000000e+02 -1.974960162391311003e-01
2.020000000000000000e+02 -1.976049546935062795e-01
2.010000000000000000e+02 -1.977229952224936471e-01
2.000000000000000000e+02 -1.978501311716027167e-01
1.990000000000000000e+02 -1.979862216826163146e-01
1.980000000000000000e+02 -1.981311692255257884e-01
1.970000000000000000e+02 -1.982848359981841391e-01
1.960000000000000000e+02 -1.984471267094340685e-01
1.950000000000000000e+02 -1.986178270624298359e-01
1.940000000000000000e+02 -1.987967640866659114e-01
1.930000000000000000e+02 -1.989838015558083317e-01
1.920000000000000000e+02 -1.991787003343207796e-01
1.910000000000000000e+02 -1.993811937814996271e-01
1.900000000000000000e+02 -1.995911813706885973e-01
1.890000000000000000e+02 -1.998082489747974588e-01
1.880000000000000000e+02 -2.000321729853778985e-01
1.870000000000000000e+02 -2.002626377825539594e-01
1.860000000000000000e+02 -2.004993326073462589e-01
1.850000000000000000e+02 -2.007419924981566628e-01
1.840000000000000000e+02 -2.009900588103294972e-01
1.830000000000000000e+02 -2.012433462463497913e-01
1.820000000000000000e+02 -2.015013922388645684e-01
1.810000000000000000e+02 -2.017638011034318668e-01
1.800000000000000000e+02 -2.020301118639598881e-01
1.790000000000000000e+02 -2.022998897276228891e-01
1.780000000000000000e+02 -2.025726593766454253e-01
1.770000000000000000e+02 -2.028479337694253370e-01
1.760000000000000000e+02 -2.031252024521530697e-01
1.750000000000000000e+02 -2.034039447984660742e-01
1.740000000000000000e+02 -2.036836042927728518e-01
1.730000000000000000e+02 -2.039636453439183372e-01
1.720000000000000000e+02 -2.042434743818079546e-01
1.710000000000000000e+02 -2.045225149873211301e-01
1.700000000000000000e+02 -2.048001416774227201e-01
1.690000000000000000e+02 -2.050757436976426429e-01
1.680000000000000000e+02 -2.053487109591456972e-01
1.670000000000000000e+02 -2.056183386168354277e-01
1.660000000000000000e+02 -2.058840054679052234e-01
1.650000000000000000e+02 -2.061450454267983456e-01
1.640000000000000000e+02 -2.064007652013171712e-01
1.630000000000000000e+02 -2.066504690720426252e-01
1.620000000000000000e+02 -2.068934679772995444e-01
1.610000000000000000e+02 -2.071290698125800300e-01
1.600000000000000000e+02 -2.073565368085827920e-01
1.590000000000000000e+02 -2.075751564195609522e-01
1.580000000000000000e+02 -2.077842081148602027e-01
1.570000000000000000e+02 -2.079829988567111765e-01
1.560000000000000000e+02 -2.081707712397002641e-01
1.550000000000000000e+02 -2.083468090118973381e-01
1.540000000000000000e+02 -2.085104132052341130e-01
1.530000000000000000e+02 -2.086608327952705899e-01
1.520000000000000000e+02 -2.087974036045786852e-01
1.510000000000000000e+02 -2.089193841073084534e-01
1.500000000000000000e+02 -2.090260874708002869e-01
1.490000000000000000e+02 -2.091168282064787276e-01
1.480000000000000000e+02 -2.091909307780926153e-01
1.470000000000000000e+02 -2.092477293536453564e-01
1.460000000000000000e+02 -2.092865808531739757e-01
1.450000000000000000e+02 -2.093068440637803618e-01
1.440000000000000000e+02 -2.093079058956276994e-01
1.430000000000000000e+02 -2.092891609893285099e-01
1.420000000000000000e+02 -2.092501161353273464e-01
1.410000000000000000e+02 -2.091900250039852582e-01
1.400000000000000000e+02 -2.091085219911628656e-01
1.390000000000000000e+02 -2.090050433062330959e-01
1.380000000000000000e+02 -2.088790993215467739e-01
1.370000000000000000e+02 -2.087302206975694407e-01
1.360000000000000000e+02 -2.085580088601051152e-01
1.350000000000000000e+02 -2.083620325346679791e-01
1.340000000000000000e+02 -2.081419052060919372e-01
1.330000000000000000e+02 -2.078972967703855979e-01
1.320000000000000000e+02 -2.076278844413276536e-01
1.310000000000000000e+02 -2.073333465791233343e-01
1.300000000000000000e+02 -2.070134429017287392e-01
1.290000000000000000e+02 -2.066679363402455227e-01
1.280000000000000000e+02 -2.062966004738763237e-01
1.270000000000000000e+02 -2.058992643553961832e-01
1.260000000000000000e+02 -2.054757611358221103e-01
1.250000000000000000e+02 -2.050259615926335321e-01
1.240000000000000000e+02 -2.045497498630046707e-01
1.230000000000000000e+02 -2.040470385957783295e-01
1.220000000000000000e+02 -2.035177457226243214e-01
1.210000000000000000e+02 -2.029618225390371067e-01
1.200000000000000000e+02 -2.023792247643244335e-01
1.190000000000000000e+02 -2.017699077471484248e-01
1.180000000000000000e+02 -2.011338670135549012e-01
1.170000000000000000e+02 -2.004710689876002261e-01
1.160000000000000000e+02 -1.997814853578395722e-01
1.150000000000000000e+02 -1.990650946960032808e-01
1.140000000000000000e+02 -1.983218882686228757e-01
1.130000000000000000e+02 -1.975517799913226458e-01
1.120000000000000000e+02 -1.967547368571505306e-01
1.110000000000000000e+02 -1.959306521110053267e-01
1.100000000000000000e+02 -1.950794188195367762e-01
1.090000000000000000e+02 -1.942008901124009368e-01
1.080000000000000000e+02 -1.932948754124754198e-01
1.070000000000000000e+02 -1.923611482780711313e-01
1.060000000000000000e+02 -1.913994372667052746e-01
1.050000000000000000e+02 -1.904093766651868136e-01
1.040000000000000000e+02 -1.893905828171358330e-01
1.030000000000000000e+02 -1.883425979941787121e-01
1.020000000000000000e+02 -1.872648706339105906e-01
1.010000000000000000e+02 -1.861567743145375875e-01
1.000000000000000000e+02 -1.850175912405397360e-01
9.900000000000000000e+01 -1.838465077764199485e-01
9.800000000000000000e+01 -1.826426437070652053e-01
9.700000000000000000e+01 -1.814049484729103601e-01
9.600000000000000000e+01 -1.801322662775777239e-01
9.500000000000000000e+01 -1.788233364928718261e-01
9.400000000000000000e+01 -1.774767300358631450e-01
9.300000000000000000e+01 -1.760908515072180658e-01
9.200000000000000000e+01 -1.746639615574185900e-01
9.100000000000000000e+01 -1.731941041075695797e-01
9.000000000000000000e+01 -1.716790795749037757e-01
8.900000000000000000e+01 -1.701164712954938707e-01
8.800000000000000000e+01 -1.685035573610072501e-01
8.700000000000000000e+01 -1.668372729496954421e-01
8.600000000000000000e+01 -1.651141507726941737e-01
8.500000000000000000e+01 -1.633302796429228765e-01
8.400000000000000000e+01 -1.614811489959469548e-01
8.300000000000000000e+01 -1.595616418697052286e-01
8.200000000000000000e+01 -1.575657831360553762e-01
8.100000000000000000e+01 -1.554867003267517422e-01
8.000000000000000000e+01 -1.533163433781484786e-01
7.900000000000000000e+01 -1.510453282741403835e-01
7.800000000000000000e+01 -1.486626069888843382e-01
7.700000000000000000e+01 -1.461552752476085182e-01
7.600000000000000000e+01 -1.435081680054057784e-01
7.500000000000000000e+01 -1.407035635648348770e-01
7.400000000000000000e+01 -1.377208013865153791e-01
7.300000000000000000e+01 -1.345360253672880924e-01
7.200000000000000000e+01 -1.311219209813964393e-01
7.100000000000000000e+01 -1.274475574803091427e-01
7.000000000000000000e+01 -1.234784844640352680e-01
6.900000000000000000e+01 -1.191769029369036809e-01
