4.000000000000000000e+02 1.718965783094202893e-01
3.990000000000000000e+02 1.716526657834284708e-01
3.980000000000000000e+02 1.714093660803410468e-01
3.970000000000000000e+02 1.711666973781210688e-01
3.960000000000000000e+02 1.709246701477824537e-01
3.950000000000000000e+02 1.706832880673093411e-01
3.940000000000000000e+02 1.704425799523529017e-01
3.930000000000000000e+02 1.702025468851713907e-01
3.920000000000000000e+02 1.699632023762663868e-01
3.910000000000000000e+02 1.697245663494257872e-01
3.900000000000000000e+02 1.694866283598905898e-01
3.890000000000000000e+02 1.692494149557579319e-01
3.880000000000000000e+02 1.690129360482979515e-01
3.870000000000000000e+02 1.687771916784349124e-01
3.860000000000000000e+02 1.685421978974782631e-01
3.850000000000000000e+02 1.683079550465210183e-01
3.840000000000000000e+02 1.680744774059938496e-01
3.830000000000000000e+02 1.678417684208143856e-01
3.820000000000000000e+02 1.676098377642835091e-01
3.810000000000000000e+02 1.673786872956278260e-01
3.800000000000000000e+02 1.671483212640058336e-01
3.790000000000000000e+02 1.669187426013934994e-01
3.780000000000000000e+02 1.666899520146959968e-01
3.770000000000000000e+02 1.664619596265191348e-01
3.760000000000000000e+02 1.662347641296471057e-01
3.750000000000000000e+02 1.660083628960566660e-01
3.740000000000000000e+02 1.657827578097195720e-01
3.730000000000000000e+02 1.655579421944619878e-01
3.720000000000000000e+02 1.653339197341326672e-01
3.710000000000000000e+02 1.651106823193056461e-01
3.700000000000000000e+02 1.648882374994925515e-01
3.690000000000000000e+02 1.646665659731855746e-01
3.680000000000000000e+02 1.644456633729204365e-01
3.670000000000000000e+02 1.642255291589722888e-01
3.660000000000000000e+02 1.640061525444237722e-01
3.650000000000000000e+02 1.637875181519306000e-01
3.640000000000000000e+02 1.635696181935273608e-01
3.630000000000000000e+02 1.633524430982115916e-01
3.620000000000000000e+02 1.631359798232816793e-01
3.610000000000000000e+02 1.629202071449233347e-01
3.600000000000000000e+02 1.627051171213245162e-01
3.590000000000000000e+02 1.624906796318067448e-01
3.580000000000000000e+02 1.622768899416316413e-01
3.570000000000000000e+02 1.620637176043937810e-01
3.560000000000000000e+02 1.618511511063366048e-01
3.550000000000000000e+02 1.616391561825461232e-01
3.540000000000000000e+02 1.614277150741401101e-01
3.530000000000000000e+02 1.612167963036591489e-01
3.520000000000000000e+02 1.610063767491171638e-01
3.510000000000000000e+02 1.607964240603656780e-01
3.500000000000000000e+02 1.605869127905914240e-01
3.490000000000000000e+02 1.603777925524290104e-01
3.480000000000000000e+02 1.601690479977506965e-01
3.470000000000000000e+02 1.599606278098959500e-01
3.460000000000000000e+02 1.597525127224390107e-01
3.450000000000000000e+02 1.595446401814334947e-01
3.440000000000000000e+02 1.593369833363705024e-01
3.430000000000000000e+02 1.591294926447123226e-01
3.420000000000000000e+02 1.589221179209241164e-01
3.410000000000000000e+02 1.587148225115762590e-01
3.400000000000000000e+02 1.585075444320299676e-01
3.390000000000000000e+02 1.583002348657765457e-01
3.380000000000000000e+02 1.580928448502915973e-01
3.370000000000000000e+02 1.578853204180505898e-01
3.360000000000000000e+02 1.576775850136488688e-01
3.350000000000000000e+02 1.574695978695221654e-01
3.340000000000000000e+02 1.572612768013527951e-01
3.330000000000000000e+02 1.570525858356823790e-01
3.320000000000000000e+02 1.568434316039940546e-01
3.310000000000000000e+02 1.566337513821159655e-01
3.300000000000000000e+02 1.564234757558614908e-01
3.290000000000000000e+02 1.562125279640669551e-01
3.280000000000000000e+02 1.560008323665039998e-01
3.270000000000000000e+02 1.557883099761975809e-01
3.260000000000000000e+02 1.555748770957949279e-01
3.250000000000000000e+02 1.553604515149550058e-01
3.240000000000000000e+02 1.551449457952118471e-01
3.230000000000000000e+02 1.549282731452722162e-01
3.220000000000000000e+02 1.547103327662269490e-01
3.210000000000000000e+02 1.544910414976254365e-01
3.200000000000000000e+02 1.542702959934997564e-01
3.190000000000000000e+02 1.540479953056191065e-01
3.180000000000000000e+02 1.538240428541422233e-01
3.170000000000000000e+02 1.535983310559190795e-01
3.160000000000000000e+02 1.533707529089364530e-01
3.150000000000000000e+02 1.531411934379424689e-01
3.140000000000000000e+02 1.529095492584514326e-01
3.130000000000000000e+02 1.526756966533283355e-01
3.120000000000000000e+02 1.524395166890499254e-01
3.110000000000000000e+02 1.522008943225430233e-01
3.100000000000000000e+02 1.519597022790220575e-01
3.090000000000000000e+02 1.517158149542878198e-01
3.080000000000000000e+02 1.514691037408271157e-01
3.070000000000000000e+02 1.512194364910063038e-01
3.060000000000000000e+02 1.509666797775633673e-01
3.050000000000000000e+02 1.507106890837108526e-01
3.040000000000000000e+02 1.504513281884694853e-01
3.030000000000000000e+02 1.501884586716873693e-01
3.020000000000000000e+02 1.499219380710893890e-01
3.010000000000000000e+02 1.496516058638238666e-01
3.000000000000000000e+02 1.493773236015738526e-01
2.990000000000000000e+02 1.490989304753832234e-01
2.980000000000000000e+02 1.488162720834649844e-01
2.970000000000000000e+02 1.485291944164415789e-01
2.960000000000000000e+02 1.482375319156442606e-01
2.950000000000000000e+02 1.479411182499744959e-01
2.940000000000000000e+02 1.476398026314063583e-01
2.930000000000000000e+02 1.473334006356714077e-01
2.920000000000000000e+02 1.470217505716159556e-01
2.910000000000000000e+02 1.467046725094802717e-01
2.900000000000000000e+02 1.463819983013048831e-01
2.890000000000000000e+02 1.460535487852495651e-01
2.880000000000000000e+02 1.457191444932406099e-01
2.870000000000000000e+02 1.453786032062888145e-01
2.860000000000000000e+02 1.450317461198623037e-01
2.850000000000000000e+02 1.446783868396324668e-01
2.840000000000000000e+02 1.443183271215420782e-01
2.830000000000000000e+02 1.439513907813755877e-01
2.820000000000000000e+02 1.435773771715922464e-01
2.810000000000000000e+02 1.431961054046648751e-01
2.800000000000000000e+02 1.428073777624420948e-01
2.790000000000000000e+02 1.424109981433105965e-01
2.780000000000000000e+02 1.420067690399192395e-01
2.770000000000000000e+02 1.415944959497537070e-01
2.760000000000000000e+02 1.411739775910046957e-01
2.750000000000000000e+02 1.407450136348958325e-01
2.740000000000000000e+02 1.403074048392620177e-01
2.730000000000000000e+02 1.398609478111780824e-01
2.720000000000000000e+02 1.394054439231103559e-01
2.710000000000000000e+02 1.389406866991498013e-01
2.700000000000000000e+02 1.384664744348273191e-01
2.690000000000000000e+02 1.379826044350654091e-01
2.680000000000000000e+02 1.374888659348925679e-01
2.670000000000000000e+02 1.369850623075532792e-01
2.660000000000000000e+02 1.364709834189394844e-01
2.650000000000000000e+02 1.359464280988880169e-01
2.640000000000000000e+02 1.354111929929775471e-01
2.630000000000000000e+02 1.348650696899902357e-01
2.620000000000000000e+02 1.343078579654722604e-01
2.610000000000000000e+02 1.337393512609724167e-01
2.600000000000000000e+02 1.331593490805181301e-01
2.590000000000000000e+02 1.325676430229225655e-01
2.580000000000000000e+02 1.319640449879292965e-01
2.570000000000000000e+02 1.313483421850181465e-01
2.560000000000000000e+02 1.307203363522180528e-01
2.550000000000000000e+02 1.300798331570161004e-01
2.540000000000000000e+02 1.294266284109132914e-01
2.530000000000000000e+02 1.287605187663588002e-01
2.520000000000000000e+02 1.280813234328603001e-01
2.510000000000000000e+02 1.273888348795474967e-01
2.500000000000000000e+02 1.266828655151946703e-01
2.490000000000000000e+02 1.259632188309932899e-01
2.480000000000000000e+02 1.252297065003379617e-01
2.470000000000000000e+02 1.244821319244278635e-01
2.460000000000000000e+02 1.237203081199728244e-01
2.450000000000000000e+02 1.229440457545959153e-01
2.440000000000000000e+02 1.221531592533698779e-01
2.430000000000000000e+02 1.213474549524439505e-01
2.420000000000000000e+02 1.205267615385903490e-01
2.410000000000000000e+02 1.196908726761640451e-01
2.400000000000000000e+02 1.188396215148940643e-01
2.390000000000000000e+02 1.179728168303981056e-01
2.380000000000000000e+02 1.170902721939054564e-01
2.370000000000000000e+02 1.161918146173921418e-01
2.360000000000000000e+02 1.152772536697157096e-01
2.350000000000000000e+02 1.143464056809780083e-01
2.340000000000000000e+02 1.133990982140021114e-01
2.330000000000000000e+02 1.124351391378330539e-01
2.320000000000000000e+02 1.114543455669797373e-01
2.310000000000000000e+02 1.104565360698281096e-01
2.300000000000000000e+02 1.094415280386216716e-01
2.290000000000000000e+02 1.084091289234951627e-01
2.280000000000000000e+02 1.073591590102225962e-01
2.270000000000000000e+02 1.062914255548281506e-01
2.260000000000000000e+02 1.052057376135377420e-01
2.250000000000000000e+02 1.041019010617880297e-01
2.240000000000000000e+02 1.029797258928185355e-01
2.230000000000000000e+02 1.018390100357474820e-01
2.220000000000000000e+02 1.006795567919885337e-01
2.210000000000000000e+02 9.950116157569076358e-02
2.200000000000000000e+02 9.830361382950653093e-02
2.190000000000000000e+02 9.708670477904363105e-02
2.180000000000000000e+02 9.585022139215099157e-02
2.170000000000000000e+02 9.459394027433215557e-02
2.160000000000000000e+02 9.331764333843378667e-02
2.150000000000000000e+02 9.202109153532278540e-02
2.140000000000000000e+02 9.070405999765461524e-02
2.130000000000000000e+02 8.936631367496608580e-02
2.120000000000000000e+02 8.800759436898605848e-02
2.110000000000000000e+02 8.662765947789061172e-02
2.100000000000000000e+02 8.522624874536681439e-02
2.090000000000000000e+02 8.380309862311720315e-02
2.080000000000000000e+02 8.235793676850879097e-02
2.070000000000000000e+02 8.089049418517607615e-02
2.060000000000000000e+02 7.940048064030233443e-02
2.050000000000000000e+02 7.788760881652424806e-02
2.040000000000000000e+02 7.635157488005109294e-02
2.030000000000000000e+02 7.479208501208689519e-02
2.020000000000000000e+02 7.320881899491812894e-02
2.010000000000000000e+02 7.160146587524537920e-02
2.000000000000000000e+02 6.996969231041882953e-02
1.990000000000000000e+02 6.831317388615526509e-02
1.980000000000000000e+02 6.663157383953120794e-02
1.970000000000000000e+02 6.492454629744143224e-02
1.960000000000000000e+02 6.319173724588759977e-02
1.950000000000000000e+02 6.143280286523543354e-02
1.940000000000000000e+02 5.964737972740967453e-02
1.930000000000000000e+02 5.783511120355674939e-02
1.920000000000000000e+02 5.599562540536423549e-02
1.910000000000000000e+02 5.412856306913747806e-02
1.900000000000000000e+02 5.223355586137048978e-02
1.890000000000000000e+02 5.031023785544331411e-02
1.880000000000000000e+02 4.835824152887358007e-02
1.870000000000000000e+02 4.637720754667912226e-02
1.860000000000000000e+02 4.436677988943293904e-02
1.850000000000000000e+02 4.232660309254339392e-02
1.840000000000000000e+02 4.025634595525461046e-02
1.830000000000000000e+02 3.815566269731948679e-02
1.820000000000000000e+02 3.602423577157388979e-02
1.810000000000000000e+02 3.386176184657527233e-02
1.800000000000000000e+02 3.166794775538489537e-02
1.790000000000000000e+02 2.944252243378957939e-02
1.780000000000000000e+02 2.718523427650586244e-02
1.770000000000000000e+02 2.489585559701942841e-02
1.760000000000000000e+02 2.257418461256409034e-02
1.750000000000000000e+02 2.022004805273821398e-02
1.740000000000000000e+02 1.783330335526710914e-02
1.730000000000000000e+02 1.541384194711939090e-02
1.720000000000000000e+02 1.296158381660926853e-02
1.710000000000000000e+02 1.047650425655928183e-02
1.700000000000000000e+02 7.958592849279060716e-03
1.690000000000000000e+02 5.407911608405577275e-03
1.680000000000000000e+02 2.824535336762109064e-03
1.670000000000000000e+02 2.086060668757931669e-04
1.660000000000000000e+02 -2.439693775603124851e-03
1.650000000000000000e+02 -5.120138782167391392e-03
1.640000000000000000e+02 -7.832448804502933556e-03
1.630000000000000000e+02 -1.057629538025439166e-02
1.620000000000000000e+02 -1.335130643038183983e-02
1.610000000000000000e+02 -1.615704993001271239e-02
1.600000000000000000e+02 -1.899305816187758095e-02
1.590000000000000000e+02 -2.185880082031342597e-02
1.580000000000000000e+02 -2.475371720240862605e-02
1.570000000000000000e+02 -2.767718213111955081e-02
1.560000000000000000e+02 -3.062854494429739782e-02
1.550000000000000000e+02 -3.360710346834142048e-02
1.540000000000000000e+02 -3.661211157182328590e-02
1.530000000000000000e+02 -3.964279471971347835e-02
1.520000000000000000e+02 -4.269833632829771186e-02
1.510000000000000000e+02 -4.577789255545745839e-02
1.500000000000000000e+02 -4.888058258074380602e-02
1.490000000000000000e+02 -5.200550706174283944e-02
1.480000000000000000e+02 -5.515173328457037560e-02
1.470000000000000000e+02 -5.831831181421434640e-02
1.460000000000000000e+02 -6.150427633379196291e-02
1.450000000000000000e+02 -6.470864088700788164e-02
1.440000000000000000e+02 -6.793039801245545628e-02
1.430000000000000000e+02 -7.116853278451600040e-02
1.420000000000000000e+02 -7.442202259314185941e-02
1.410000000000000000e+02 -7.768983517419524032e-02
1.400000000000000000e+02 -8.097092142869616316e-02
1.390000000000000000e+02 -8.426423784500125524e-02
1.380000000000000000e+02 -8.756871477621377964e-02
1.370000000000000000e+02 -9.088329558694849264e-02
1.360000000000000000e+02 -9.420690100790889143e-02
1.350000000000000000e+02 -9.753845623178424018e-02
1.340000000000000000e+02 -1.008768557227011781e-01
1.330000000000000000e+02 -1.042210089211994817e-01
1.320000000000000000e+02 -1.075697965321888577e-01
1.310000000000000000e+02 -1.109220897490332952e-01
1.300000000000000000e+02 -1.142767398643683430e-01
1.290000000000000000e+02 -1.176325703923451760e-01
1.280000000000000000e+02 -1.209883945812129380e-01
1.270000000000000000e+02 -1.243429840433570022e-01
1.260000000000000000e+02 -1.276950855251981765e-01
1.250000000000000000e+02 -1.310434054308569074e-01
1.240000000000000000e+02 -1.343866104026532060e-01
1.230000000000000000e+02 -1.377233204332915795e-01
1.220000000000000000e+02 -1.410520975401554633e-01
1.210000000000000000e+02 -1.443714571311140171e-01
1.200000000000000000e+02 -1.476798549509593106e-01
1.190000000000000000e+02 -1.509756529631798572e-01
1.180000000000000000e+02 -1.542571715687070522e-01
1.170000000000000000e+02 -1.575226418564147080e-01
1.160000000000000000e+02 -1.607701978298470558e-01
1.150000000000000000e+02 -1.639978983971989990e-01
1.140000000000000000e+02 -1.672037008836382288e-01
1.130000000000000000e+02 -1.703854657126544769e-01
1.120000000000000000e+02 -1.735409367269532266e-01
1.110000000000000000e+02 -1.766677590500569661e-01
1.100000000000000000e+02 -1.797634499172775513e-01
1.090000000000000000e+02 -1.828254198579616907e-01
1.080000000000000000e+02 -1.858509464968016167e-01
1.070000000000000000e+02 -1.888371788501366222e-01
1.060000000000000000e+02 -1.917811267885071724e-01
1.050000000000000000e+02 -1.946796840915847315e-01
1.040000000000000000e+02 -1.975295779096821192e-01
1.030000000000000000e+02 -2.003274216656195372e-01
1.020000000000000000e+02 -2.030696700106232322e-01
1.010000000000000000e+02 -2.057526300156712062e-01
1.000000000000000000e+02 -2.083724635188384522e-01
9.900000000000000000e+01 -2.109251855249524299e-01
9.800000000000000000e+01 -2.134066577366597051e-01
9.700000000000000000e+01 -2.158125936809624501e-01
9.600000000000000000e+01 -2.181385521714176434e-01
9.500000000000000000e+01 -2.203799378946457721e-01
9.400000000000000000e+01 -2.225319889477182789e-01
9.300000000000000000e+01 -2.245898076686909384e-01
9.200000000000000000e+01 -2.265483327939250002e-01
9.100000000000000000e+01 -2.284023326696864309e-01
9.000000000000000000e+01 -2.301464307499317963e-01
8.900000000000000000e+01 -2.317750775464555990e-01
8.800000000000000000e+01 -2.332825547875864713e-01
8.700000000000000000e+01 -2.346629777851941268e-01
8.600000000000000000e+01 -2.359102849500844534e-01
8.500000000000000000e+01 -2.370182251463848200e-01
8.400000000000000000e+01 -2.379803559612661823e-01
8.300000000000000000e+01 -2.387900405958556516e-01
8.200000000000000000e+01 -2.394404273439062480e-01
8.100000000000000000e+01 -2.399244270947457902e-01
8.000000000000000000e+01 -2.402347210983006298e-01
7.900000000000000000e+01 -2.403637204144754291e-01
7.800000000000000000e+01 -2.403035582947689319e-01
7.700000000000000000e+01 -2.400460593765829931e-01
7.600000000000000000e+01 -2.395827202915739307e-01
7.500000000000000000e+01 -2.389046669231661979e-01
7.400000000000000000e+01 -2.380026152806034856e-01
7.300000000000000000e+01 -2.368668808776447643e-01
7.200000000000000000e+01 -2.354872586647061838e-01
7.100000000000000000e+01 -2.338530394921892464e-01
7.000000000000000000e+01 -2.319529278693687191e-01
6.900000000000000000e+01 -2.297750052677171029e-01
6.800000000000000000e+01 -2.273066412193080199e-01
6.700000000000000000e+01 -2.245344360225222935e-01
6.600000000000000000e+01 -2.214441806243551969e-01
6.500000000000000000e+01 -2.180207227188448171e-01
6.400000000000000000e+01 -2.142479184796108882e-01
6.300000000000000000e+01 -2.101085197466577015e-01
6.200000000000000000e+01 -2.055840899749483419e-01
6.100000000000000000e+01 -2.006548768901737778e-01
6.000000000000000000e+01 -1.952997076807977683e-01
5.900000000000000000e+01 -1.894958543571460818e-01
5.800000000000000000e+01 -1.832188951369904395e-01
5.700000000000000000e+01 -1.764425844619744166e-01
5.600000000000000000e+01 -1.691386285901269326e-01
5.500000000000000000e+01 -1.612765745082016255e-01
5.400000000000000000e+01 -1.528235869455427387e-01
5.300000000000000000e+01 -1.437442104275302168e-01
5.200000000000000000e+01 -1.340001599167223723e-01
5.100000000000000000e+01 -1.235500362901512245e-01
5.000000000000000000e+01 -1.123490244324914372e-01
