4.000000000000000000e+02 7.044970367257172850e-01
3.990000000000000000e+02 7.040477698134022244e-01
3.980000000000000000e+02 7.035961777463405342e-01
3.970000000000000000e+02 7.031421929655166103e-01
3.960000000000000000e+02 7.026858089976298904e-01
3.950000000000000000e+02 7.022270111389302683e-01
3.940000000000000000e+02 7.017657923320267388e-01
3.930000000000000000e+02 7.013021299992304725e-01
3.920000000000000000e+02 7.008360137124375333e-01
3.910000000000000000e+02 7.003674191495754542e-01
3.900000000000000000e+02 6.998963381520761917e-01
3.890000000000000000e+02 6.994227711910684375e-01
3.880000000000000000e+02 6.989466459798781006e-01
3.870000000000000000e+02 6.984680029000456258e-01
3.860000000000000000e+02 6.979868174780254897e-01
3.850000000000000000e+02 6.975030646575643978e-01
3.840000000000000000e+02 6.970167290848345854e-01
3.830000000000000000e+02 6.965278024283508840e-01
3.820000000000000000e+02 6.960362594573052952e-01
3.810000000000000000e+02 6.955420949395780816e-01
3.800000000000000000e+02 6.950452968860250103e-01
3.790000000000000000e+02 6.945458417122213346e-01
3.780000000000000000e+02 6.940437211615324564e-01
3.770000000000000000e+02 6.935389169525293385e-01
3.760000000000000000e+02 6.930314224970862691e-01
3.750000000000000000e+02 6.925212194877617966e-01
3.740000000000000000e+02 6.920082933560525174e-01
3.730000000000000000e+02 6.914926426977462404e-01
3.720000000000000000e+02 6.909742397964389049e-01
3.710000000000000000e+02 6.904530834987888666e-01
3.700000000000000000e+02 6.899291605844181108e-01
3.690000000000000000e+02 6.894024665985586386e-01
3.680000000000000000e+02 6.888729654429590621e-01
3.670000000000000000e+02 6.883406699861809308e-01
3.660000000000000000e+02 6.878055587093778733e-01
3.650000000000000000e+02 6.872676361039601334e-01
3.640000000000000000e+02 6.867268772035552971e-01
3.630000000000000000e+02 6.861832902329432216e-01
3.620000000000000000e+02 6.856368525315574836e-01
3.610000000000000000e+02 6.850875511800527118e-01
3.600000000000000000e+02 6.845353879634908933e-01
3.590000000000000000e+02 6.839803807503465061e-01
3.580000000000000000e+02 6.834224889399861391e-01
3.570000000000000000e+02 6.828617183314769079e-01
3.560000000000000000e+02 6.822980701043696028e-01
3.550000000000000000e+02 6.817315395218431773e-01
3.540000000000000000e+02 6.811621197688239038e-01
3.530000000000000000e+02 6.805898127987474178e-01
3.520000000000000000e+02 6.800146151385513260e-01
3.510000000000000000e+02 6.794365284790245818e-01
3.500000000000000000e+02 6.788555514603328289e-01
3.490000000000000000e+02 6.782716896420794006e-01
3.480000000000000000e+02 6.776849399340513225e-01
3.470000000000000000e+02 6.770953111427032711e-01
3.460000000000000000e+02 6.765028047706079795e-01
3.450000000000000000e+02 6.759074326140086519e-01
3.440000000000000000e+02 6.753091905977909315e-01
3.430000000000000000e+02 6.747080949200788824e-01
3.420000000000000000e+02 6.741041532142579840e-01
3.410000000000000000e+02 6.734973614258346064e-01
3.400000000000000000e+02 6.728877598553015815e-01
3.390000000000000000e+02 6.722753518147754903e-01
3.380000000000000000e+02 6.716601401026724982e-01
3.370000000000000000e+02 6.710421405976541021e-01
3.360000000000000000e+02 6.704213803933474214e-01
3.350000000000000000e+02 6.697978713638237380e-01
3.340000000000000000e+02 6.691716272022715239e-01
3.330000000000000000e+02 6.685426832936102182e-01
3.320000000000000000e+02 6.679110531017634633e-01
3.310000000000000000e+02 6.672767603148109794e-01
3.300000000000000000e+02 6.666398384473735117e-01
3.290000000000000000e+02 6.660003015531835713e-01
3.280000000000000000e+02 6.653581946797424429e-01
3.270000000000000000e+02 6.647135329730529119e-01
3.260000000000000000e+02 6.640663604598350256e-01
3.250000000000000000e+02 6.634167085382282059e-01
3.240000000000000000e+02 6.627646041348922434e-01
3.230000000000000000e+02 6.621101013704812077e-01
3.220000000000000000e+02 6.614532149695491192e-01
3.210000000000000000e+02 6.607940128999268969e-01
3.200000000000000000e+02 6.601325265474837778e-01
3.190000000000000000e+02 6.594687937889242013e-01
3.180000000000000000e+02 6.588028727956722896e-01
3.170000000000000000e+02 6.581347997877068368e-01
3.160000000000000000e+02 6.574646441091698268e-01
3.150000000000000000e+02 6.567924370320258332e-01
3.140000000000000000e+02 6.561182514302085211e-01
3.130000000000000000e+02 6.554421278189268563e-01
3.120000000000000000e+02 6.547641366840779575e-01
3.110000000000000000e+02 6.540843260730758724e-01
3.100000000000000000e+02 6.534027673705214978e-01
3.090000000000000000e+02 6.527195223483465147e-01
3.080000000000000000e+02 6.520346490641607540e-01
3.070000000000000000e+02 6.513482494564168945e-01
3.060000000000000000e+02 6.506603340497485455e-01
3.050000000000000000e+02 6.499710122981878779e-01
3.040000000000000000e+02 6.492803654021614967e-01
3.030000000000000000e+02 6.485884506556480744e-01
3.020000000000000000e+02 6.478953448297036788e-01
3.010000000000000000e+02 6.472011362566441051e-01
3.000000000000000000e+02 6.465059037928472252e-01
2.990000000000000000e+02 6.458097265661906228e-01
2.980000000000000000e+02 6.451126796081274595e-01
2.970000000000000000e+02 6.444148710813850656e-01
2.960000000000000000e+02 6.437163682568077805e-01
2.950000000000000000e+02 6.430172734463466266e-01
2.940000000000000000e+02 6.423176598541172622e-01
2.930000000000000000e+02 6.416176319656673455e-01
2.920000000000000000e+02 6.409172857823833835e-01
2.910000000000000000e+02 6.402167029579349800e-01
2.900000000000000000e+02 6.395159799501518583e-01
2.890000000000000000e+02 6.388152274285640031e-01
2.880000000000000000e+02 6.381145350955252926e-01
2.870000000000000000e+02 6.374139817651824913e-01
2.860000000000000000e+02 6.367136933179300406e-01
2.850000000000000000e+02 6.360137614969723074e-01
2.840000000000000000e+02 6.353142783848662045e-01
2.830000000000000000e+02 6.346153525355415770e-01
2.820000000000000000e+02 6.339170751556636452e-01
2.810000000000000000e+02 6.332195599188565893e-01
2.800000000000000000e+02 6.325229010797898122e-01
2.790000000000000000e+02 6.318271905564747382e-01
2.780000000000000000e+02 6.311325419276065940e-01
2.770000000000000000e+02 6.304390627331216690e-01
2.760000000000000000e+02 6.297468008233223502e-01
2.750000000000000000e+02 6.290559399092555681e-01
2.740000000000000000e+02 6.283665161041827041e-01
2.730000000000000000e+02 6.276786436096741806e-01
2.720000000000000000e+02 6.269924182165582671e-01
2.710000000000000000e+02 6.263079327127050178e-01
2.700000000000000000e+02 6.256252823407539854e-01
2.690000000000000000e+02 6.249445587612337816e-01
2.680000000000000000e+02 6.242658347450450451e-01
2.670000000000000000e+02 6.235892438466320575e-01
2.660000000000000000e+02 6.229148259426842138e-01
2.650000000000000000e+02 6.222426794925184357e-01
2.640000000000000000e+02 6.215728833236233708e-01
2.630000000000000000e+02 6.209055159786681655e-01
2.620000000000000000e+02 6.202406516512408707e-01
2.610000000000000000e+02 6.195783621158237331e-01
2.600000000000000000e+02 6.189187146206024392e-01
2.590000000000000000e+02 6.182617843780571221e-01
2.580000000000000000e+02 6.176076031068885586e-01
2.570000000000000000e+02 6.169562620417887722e-01
2.560000000000000000e+02 6.163078014146469163e-01
2.550000000000000000e+02 6.156622452206046425e-01
2.540000000000000000e+02 6.150196634300854059e-01
2.530000000000000000e+02 6.143801192435561775e-01
2.520000000000000000e+02 6.137436092616395111e-01
2.510000000000000000e+02 6.131101776526957092e-01
2.500000000000000000e+02 6.124798482459840043e-01
2.490000000000000000e+02 6.118526446330772028e-01
2.480000000000000000e+02 6.112285814448730203e-01
2.470000000000000000e+02 6.106076689572079719e-01
2.460000000000000000e+02 6.099899106694399720e-01
2.450000000000000000e+02 6.093753117957653176e-01
2.440000000000000000e+02 6.087638611970498381e-01
2.430000000000000000e+02 6.081555457922168673e-01
2.420000000000000000e+02 6.075503609151705620e-01
2.410000000000000000e+02 6.069482721818298954e-01
2.400000000000000000e+02 6.063492560693796163e-01
2.390000000000000000e+02 6.057532800851375132e-01
2.380000000000000000e+02 6.051603048764181425e-01
2.370000000000000000e+02 6.045702873262749355e-01
2.360000000000000000e+02 6.039831808612435848e-01
2.350000000000000000e+02 6.033989226300580100e-01
2.340000000000000000e+02 6.028174658508629324e-01
2.330000000000000000e+02 6.022387280593308745e-01
2.320000000000000000e+02 6.016626644449174499e-01
2.310000000000000000e+02 6.010891865481444718e-01
2.300000000000000000e+02 6.005182195588821825e-01
2.290000000000000000e+02 5.999496885514503663e-01
2.280000000000000000e+02 5.993834917274919460e-01
2.270000000000000000e+02 5.988195591280200958e-01
2.260000000000000000e+02 5.982577944852847107e-01
2.250000000000000000e+02 5.976981017793145945e-01
2.240000000000000000e+02 5.971403892418335468e-01
2.230000000000000000e+02 5.965845370498256139e-01
2.220000000000000000e+02 5.960304989431567391e-01
2.210000000000000000e+02 5.954781316361529298e-01
2.200000000000000000e+02 5.949273429238052247e-01
2.190000000000000000e+02 5.943780409750599736e-01
2.180000000000000000e+02 5.938301308126158196e-01
2.170000000000000000e+02 5.932835053525442603e-01
2.160000000000000000e+02 5.927380808289786085e-01
2.150000000000000000e+02 5.921937642102836907e-01
2.140000000000000000e+02 5.916504649614117151e-01
2.130000000000000000e+02 5.911081049673224674e-01
2.120000000000000000e+02 5.905666052998906901e-01
2.110000000000000000e+02 5.900258983491720732e-01
#2.100000000000000000e+02 -2.071124003447901152e-01
2.090000000000000000e+02 5.889465995112942442e-01
2.080000000000000000e+02 5.884079106924570146e-01
2.070000000000000000e+02 5.878698025554248696e-01
2.060000000000000000e+02 5.873322461864676214e-01
2.050000000000000000e+02 5.867952262634575922e-01
2.040000000000000000e+02 5.862587377390567900e-01
2.030000000000000000e+02 5.857227894406488167e-01
2.020000000000000000e+02 5.851873964628647729e-01
2.010000000000000000e+02 5.846526054038847509e-01
2.000000000000000000e+02 5.841184579656949483e-01
1.990000000000000000e+02 5.835850266532637276e-01
1.980000000000000000e+02 5.830523940858248766e-01
1.970000000000000000e+02 5.825206686046030535e-01
1.960000000000000000e+02 5.819899642394170680e-01
1.950000000000000000e+02 5.814604342323314023e-01
1.940000000000000000e+02 5.809322311947143769e-01
1.930000000000000000e+02 5.804055430265105953e-01
1.920000000000000000e+02 5.798805708845508056e-01
1.910000000000000000e+02 5.793575489917284216e-01
1.900000000000000000e+02 5.788367268091678675e-01
1.890000000000000000e+02 5.783183796871329552e-01
1.880000000000000000e+02 5.778028019994299047e-01
1.870000000000000000e+02 5.772903319544581136e-01
1.860000000000000000e+02 5.767813061357421889e-01
1.850000000000000000e+02 5.762761054584693010e-01
1.840000000000000000e+02 5.757751255323684259e-01
1.830000000000000000e+02 5.752788085029498788e-01
1.820000000000000000e+02 5.747875839615854687e-01
1.810000000000000000e+02 5.743019458081621842e-01
1.800000000000000000e+02 5.738224072924470454e-01
1.790000000000000000e+02 5.733494953412040518e-01
1.780000000000000000e+02 5.728837486624683839e-01
1.770000000000000000e+02 5.724257683694145005e-01
1.760000000000000000e+02 5.719761624237414965e-01
1.750000000000000000e+02 5.715355642741860587e-01
1.740000000000000000e+02 5.711046238968061628e-01
1.730000000000000000e+02 5.706840300979879599e-01
1.720000000000000000e+02 5.702744836811266538e-01
1.710000000000000000e+02 5.698767119709606810e-01
1.700000000000000000e+02 5.694914522131827583e-01
1.690000000000000000e+02 5.691194859320395372e-01
1.680000000000000000e+02 5.687615964581020922e-01
1.670000000000000000e+02 5.684185725989903126e-01
1.660000000000000000e+02 5.680912415270571447e-01
1.650000000000000000e+02 5.677804385428441014e-01
1.640000000000000000e+02 5.674870101259262833e-01
1.630000000000000000e+02 5.672118270322107358e-01
1.620000000000000000e+02 5.669557292601633547e-01
1.610000000000000000e+02 5.667196273253273242e-01
1.600000000000000000e+02 5.665043885988980676e-01
1.590000000000000000e+02 5.663109006972438797e-01
1.580000000000000000e+02 5.661400577508639564e-01
1.570000000000000000e+02 5.659927464963289134e-01
1.560000000000000000e+02 5.658698678159065354e-01
1.550000000000000000e+02 5.657723017883712346e-01
1.540000000000000000e+02 5.657009253969511597e-01
1.530000000000000000e+02 5.656566180573318059e-01
1.520000000000000000e+02 5.656402361328372042e-01
1.510000000000000000e+02 5.656526351183887025e-01
1.500000000000000000e+02 5.656946471310790869e-01
1.490000000000000000e+02 5.657670905189589039e-01
1.480000000000000000e+02 5.658707643512267405e-01
1.470000000000000000e+02 5.660064438326606329e-01
1.460000000000000000e+02 5.661748823400024611e-01
1.450000000000000000e+02 5.663768087775312710e-01
1.440000000000000000e+02 5.666129240671030631e-01
1.430000000000000000e+02 5.668838888570236767e-01
1.420000000000000000e+02 5.671903530101264357e-01
1.410000000000000000e+02 5.675329117394906087e-01
1.400000000000000000e+02 5.679121328022594950e-01
1.390000000000000000e+02 5.683285488518008410e-01
1.380000000000000000e+02 5.687826503851282078e-01
1.370000000000000000e+02 5.692748857248594030e-01
1.360000000000000000e+02 5.698056676834959422e-01
1.350000000000000000e+02 5.703753601190462152e-01
1.340000000000000000e+02 5.709842903721807916e-01
1.330000000000000000e+02 5.716327366511843033e-01
1.320000000000000000e+02 5.723209340987671645e-01
1.310000000000000000e+02 5.730490745177909684e-01
1.300000000000000000e+02 5.738173000745079300e-01
1.290000000000000000e+02 5.746257194774941901e-01
1.280000000000000000e+02 5.754743848542360762e-01
1.270000000000000000e+02 5.763633099085060385e-01
1.260000000000000000e+02 5.772924764167642886e-01
1.250000000000000000e+02 5.782618054243573447e-01
1.240000000000000000e+02 5.792711986549899938e-01
1.230000000000000000e+02 5.803205061486251815e-01
1.220000000000000000e+02 5.814095486509338606e-01
1.210000000000000000e+02 5.825381155701371272e-01
1.200000000000000000e+02 5.837059594808072793e-01
1.190000000000000000e+02 5.849128080114521788e-01
1.180000000000000000e+02 5.861583508841086143e-01
1.170000000000000000e+02 5.874422698128082265e-01
1.160000000000000000e+02 5.887642173614815455e-01
1.150000000000000000e+02 5.901238164257496255e-01
1.140000000000000000e+02 5.915206942249703337e-01
1.130000000000000000e+02 5.929544303273246442e-01
1.120000000000000000e+02 5.944246018683394528e-01
1.110000000000000000e+02 5.959307611504727209e-01
1.100000000000000000e+02 5.974724522049030817e-01
1.090000000000000000e+02 5.990491709870803261e-01
1.080000000000000000e+02 6.006603951845723710e-01
1.070000000000000000e+02 6.023055760178377405e-01
1.060000000000000000e+02 6.039840978388549830e-01
1.050000000000000000e+02 6.056952884933489711e-01
1.040000000000000000e+02 6.074383955561589721e-01
1.030000000000000000e+02 6.092125760849296245e-01
1.020000000000000000e+02 6.110168586045907624e-01
1.010000000000000000e+02 6.128501048400485374e-01
1.000000000000000000e+02 6.147109918081916646e-01
9.900000000000000000e+01 6.165979460334083395e-01
9.800000000000000000e+01 6.185091130540318893e-01
9.700000000000000000e+01 6.204422607533812695e-01
9.600000000000000000e+01 6.223947342745228539e-01
9.500000000000000000e+01 6.243633457180980395e-01
9.400000000000000000e+01 6.263442897835755918e-01
9.300000000000000000e+01 6.283330095920197644e-01
9.200000000000000000e+01 6.303240770544092930e-01
9.100000000000000000e+01 6.323110075742496283e-01
9.000000000000000000e+01 6.342861034994686786e-01
8.900000000000000000e+01 6.362402355975316226e-01
8.800000000000000000e+01 6.381626015094253868e-01
8.700000000000000000e+01 6.400404549182492353e-01
8.600000000000000000e+01 6.418587952478419512e-01
8.500000000000000000e+01 6.436000077200927372e-01
8.400000000000000000e+01 6.452434560404107788e-01
8.300000000000000000e+01 6.467650349014533173e-01
8.200000000000000000e+01 6.481366309595382180e-01
8.100000000000000000e+01 6.493255562094535360e-01
8.000000000000000000e+01 6.502939138034381505e-01
7.900000000000000000e+01 6.509979442276377926e-01
7.800000000000000000e+01 6.513873896445810940e-01
7.700000000000000000e+01 6.514050307449547050e-01
7.600000000000000000e+01 6.509866057264858119e-01
7.500000000000000000e+01 6.500615347030490598e-01
7.400000000000000000e+01 6.485551861252962791e-01
7.300000000000000000e+01 6.463939173408345118e-01
7.200000000000000000e+01 6.435145917614285560e-01
7.100000000000000000e+01 6.398810181156616705e-01
7.000000000000000000e+01 6.355094739276045956e-01
6.900000000000000000e+01 6.305039090241900679e-01
6.800000000000000000e+01 6.250965244955357658e-01
6.700000000000000000e+01 6.196819829686018855e-01
6.600000000000000000e+01 6.148272942214049186e-01
6.500000000000000000e+01 6.112431171155544574e-01
6.400000000000000000e+01 6.097176137843739463e-01
6.300000000000000000e+01 6.110318194799785330e-01
6.200000000000000000e+01 6.158785387270189204e-01
6.100000000000000000e+01 6.247957229129669221e-01
6.000000000000000000e+01 6.381161261797273498e-01
5.900000000000000000e+01 6.559364715686030189e-01
5.800000000000000000e+01 nan
5.700000000000000000e+01 nan
5.600000000000000000e+01 nan
5.500000000000000000e+01 nan
5.400000000000000000e+01 nan
5.300000000000000000e+01 nan
5.200000000000000000e+01 nan
5.100000000000000000e+01 nan
5.000000000000000000e+01 nan
