4.000000000000000000e+02 -2.376089544622890792e-01
3.990000000000000000e+02 -2.379400900328570156e-01
3.980000000000000000e+02 -2.382747748868993543e-01
3.970000000000000000e+02 -2.386130267366029234e-01
3.960000000000000000e+02 -2.389548906864089328e-01
3.950000000000000000e+02 -2.393004449178821880e-01
3.940000000000000000e+02 -2.396496228343505674e-01
3.930000000000000000e+02 -2.400025527318711271e-01
3.920000000000000000e+02 -2.403592355260580626e-01
3.910000000000000000e+02 -2.407197051703525992e-01
3.900000000000000000e+02 -2.410839944025578163e-01
3.890000000000000000e+02 -2.414521420312017719e-01
3.880000000000000000e+02 -2.418241757625719524e-01
3.870000000000000000e+02 -2.422001361253993679e-01
3.860000000000000000e+02 -2.425800474311831101e-01
3.850000000000000000e+02 -2.429639446559937743e-01
3.840000000000000000e+02 -2.433518632870809162e-01
3.830000000000000000e+02 -2.437438268175254330e-01
3.820000000000000000e+02 -2.441398723663064096e-01
3.810000000000000000e+02 -2.445400255510422061e-01
3.800000000000000000e+02 -2.449443182064161006e-01
3.790000000000000000e+02 -2.453527797799500143e-01
3.780000000000000000e+02 -2.457654381420329437e-01
3.770000000000000000e+02 -2.461823164057048152e-01
3.760000000000000000e+02 -2.466034458586897349e-01
3.750000000000000000e+02 -2.470288506186667787e-01
3.740000000000000000e+02 -2.474585549286841824e-01
3.730000000000000000e+02 -2.478925909574077324e-01
3.720000000000000000e+02 -2.483309721798442060e-01
3.710000000000000000e+02 -2.487737318238746609e-01
3.700000000000000000e+02 -2.492208781213317570e-01
3.690000000000000000e+02 -2.496724383630171129e-01
3.680000000000000000e+02 -2.501284379772101829e-01
3.670000000000000000e+02 -2.505888899486763410e-01
3.660000000000000000e+02 -2.510538113142197214e-01
3.650000000000000000e+02 -2.515232215427818385e-01
3.640000000000000000e+02 -2.519971424464449439e-01
3.630000000000000000e+02 -2.524755695696941360e-01
3.620000000000000000e+02 -2.529585402410751138e-01
3.610000000000000000e+02 -2.534460473664956193e-01
3.600000000000000000e+02 -2.539381098594181152e-01
3.590000000000000000e+02 -2.544347321835844222e-01
3.580000000000000000e+02 -2.549359384452202781e-01
3.570000000000000000e+02 -2.554417020810265671e-01
3.560000000000000000e+02 -2.559520578486193521e-01
3.550000000000000000e+02 -2.564669945497945469e-01
3.540000000000000000e+02 -2.569865163092907578e-01
3.530000000000000000e+02 -2.575106440135049857e-01
3.520000000000000000e+02 -2.580393412308228940e-01
3.510000000000000000e+02 -2.585726280050042458e-01
3.500000000000000000e+02 -2.591104920586143057e-01
3.490000000000000000e+02 -2.596529310544582470e-01
3.480000000000000000e+02 -2.601999536762694132e-01
3.470000000000000000e+02 -2.607514716478862016e-01
3.460000000000000000e+02 -2.613075754357264691e-01
3.450000000000000000e+02 -2.618681995179509836e-01
3.440000000000000000e+02 -2.624333183259929814e-01
3.430000000000000000e+02 -2.630029524731459234e-01
3.420000000000000000e+02 -2.635770490075824424e-01
3.410000000000000000e+02 -2.641555914240028002e-01
3.400000000000000000e+02 -2.647385655324945297e-01
3.390000000000000000e+02 -2.653259447591798659e-01
3.380000000000000000e+02 -2.659176841464550578e-01
3.370000000000000000e+02 -2.665137646232090818e-01
3.360000000000000000e+02 -2.671141503583786547e-01
3.350000000000000000e+02 -2.677187946111389549e-01
3.340000000000000000e+02 -2.683276889626484141e-01
3.330000000000000000e+02 -2.689407615278988639e-01
3.320000000000000000e+02 -2.695579850279210543e-01
3.310000000000000000e+02 -2.701793099582978086e-01
3.300000000000000000e+02 -2.708046825694794268e-01
3.290000000000000000e+02 -2.714340575546079770e-01
3.280000000000000000e+02 -2.720674394210002012e-01
3.270000000000000000e+02 -2.727045853006356269e-01
3.260000000000000000e+02 -2.733456354445905068e-01
3.250000000000000000e+02 -2.739904462139284846e-01
3.240000000000000000e+02 -2.746389678031012638e-01
3.230000000000000000e+02 -2.752911229750894528e-01
3.220000000000000000e+02 -2.759468550892923977e-01
3.210000000000000000e+02 -2.766060520135155132e-01
3.200000000000000000e+02 -2.772686830952142967e-01
3.190000000000000000e+02 -2.779346524757331238e-01
3.180000000000000000e+02 -2.786038730951882481e-01
3.170000000000000000e+02 -2.792762633717316700e-01
3.160000000000000000e+02 -2.799517441777064075e-01
3.150000000000000000e+02 -2.806302143927804638e-01
3.140000000000000000e+02 -2.813115759253773662e-01
3.130000000000000000e+02 -2.819957319601071877e-01
3.120000000000000000e+02 -2.826825561799660158e-01
3.110000000000000000e+02 -2.833720375193179986e-01
3.100000000000000000e+02 -2.840639927073304594e-01
3.090000000000000000e+02 -2.847583027454760884e-01
3.080000000000000000e+02 -2.854549009542103888e-01
3.070000000000000000e+02 -2.861536458120814697e-01
3.060000000000000000e+02 -2.868544022544675665e-01
3.050000000000000000e+02 -2.875570706801595100e-01
3.040000000000000000e+02 -2.882615130970288542e-01
3.030000000000000000e+02 -2.889676100520764956e-01
3.020000000000000000e+02 -2.896752314370244497e-01
3.010000000000000000e+02 -2.903842254008851542e-01
3.000000000000000000e+02 -2.910944716525635245e-01
2.990000000000000000e+02 -2.918058041910077671e-01
2.980000000000000000e+02 -2.925181023915844891e-01
2.970000000000000000e+02 -2.932312214547027063e-01
2.960000000000000000e+02 -2.939450243075119595e-01
2.950000000000000000e+02 -2.946592456293157247e-01
2.940000000000000000e+02 -2.953738688904535836e-01
2.930000000000000000e+02 -2.960886411590099021e-01
2.920000000000000000e+02 -2.968034306267094968e-01
2.910000000000000000e+02 -2.975181021141899418e-01
2.900000000000000000e+02 -2.982324328718147233e-01
2.890000000000000000e+02 -2.989462644362107513e-01
2.880000000000000000e+02 -2.996594091767169621e-01
2.870000000000000000e+02 -3.003717346843655656e-01
2.860000000000000000e+02 -3.010830124958986942e-01
2.850000000000000000e+02 -3.017930544661483472e-01
2.840000000000000000e+02 -3.025016929318372072e-01
2.830000000000000000e+02 -3.032087279567037275e-01
2.820000000000000000e+02 -3.039139633562861209e-01
2.810000000000000000e+02 -3.046171805760172213e-01
2.800000000000000000e+02 -3.053182275442593019e-01
2.790000000000000000e+02 -3.060168556345572166e-01
2.780000000000000000e+02 -3.067129012087725370e-01
2.770000000000000000e+02 -3.074061116600540489e-01
2.760000000000000000e+02 -3.080962867231792912e-01
2.750000000000000000e+02 -3.087832174835380972e-01
2.740000000000000000e+02 -3.094666851827903575e-01
2.730000000000000000e+02 -3.101464569203525312e-01
2.720000000000000000e+02 -3.108223435906962706e-01
2.710000000000000000e+02 -3.114940871185244986e-01
2.700000000000000000e+02 -3.121614693010110742e-01
2.690000000000000000e+02 -3.128242444064601169e-01
2.680000000000000000e+02 -3.134822191720401663e-01
2.670000000000000000e+02 -3.141351250486579261e-01
2.660000000000000000e+02 -3.147827224095156584e-01
2.650000000000000000e+02 -3.154248044274395313e-01
2.640000000000000000e+02 -3.160610662439136687e-01
2.630000000000000000e+02 -3.166913264782610371e-01
2.620000000000000000e+02 -3.173153037259393572e-01
2.610000000000000000e+02 -3.179327559286622695e-01
2.600000000000000000e+02 -3.185433650895705959e-01
2.590000000000000000e+02 -3.191470907686223546e-01
2.580000000000000000e+02 -3.197434409213946727e-01
2.570000000000000000e+02 -3.203323008796397087e-01
2.560000000000000000e+02 -3.209132985827837792e-01
2.550000000000000000e+02 -3.214862289526262962e-01
2.540000000000000000e+02 -3.220508414068987690e-01
2.530000000000000000e+02 -3.226068773648846921e-01
2.520000000000000000e+02 -3.231540251298578581e-01
2.510000000000000000e+02 -3.236920548573566370e-01
2.500000000000000000e+02 -3.242207029271967356e-01
2.490000000000000000e+02 -3.247395779167401297e-01
2.480000000000000000e+02 -3.252485736507614300e-01
2.470000000000000000e+02 -3.257473059486203359e-01
2.460000000000000000e+02 -3.262355471079001479e-01
2.450000000000000000e+02 -3.267129778260012274e-01
2.440000000000000000e+02 -3.271793550910719883e-01
2.430000000000000000e+02 -3.276342975986562545e-01
2.420000000000000000e+02 -3.280776762452194406e-01
2.410000000000000000e+02 -3.285090796310890515e-01
2.400000000000000000e+02 -3.289282696731656297e-01
2.390000000000000000e+02 -3.293349330929508101e-01
2.380000000000000000e+02 -3.297287878642231052e-01
2.370000000000000000e+02 -3.301095156080893211e-01
2.360000000000000000e+02 -3.304768745983674427e-01
2.350000000000000000e+02 -3.308305110047773945e-01
2.340000000000000000e+02 -3.311701559020560626e-01
2.330000000000000000e+02 -3.314955044575297327e-01
2.320000000000000000e+02 -3.318062231123574124e-01
2.310000000000000000e+02 -3.321019914004397222e-01
2.300000000000000000e+02 -3.323825904268683518e-01
2.290000000000000000e+02 -3.326476305267310751e-01
2.280000000000000000e+02 -3.328968684477371376e-01
2.270000000000000000e+02 -3.331298979803455906e-01
2.260000000000000000e+02 -3.333464724079587271e-01
2.250000000000000000e+02 -3.335462647590558549e-01
2.240000000000000000e+02 -3.337289675072472872e-01
2.230000000000000000e+02 -3.338942029650588950e-01
2.220000000000000000e+02 -3.340417173010090113e-01
2.210000000000000000e+02 -3.341711396139702694e-01
2.200000000000000000e+02 -3.342821934141249618e-01
2.190000000000000000e+02 -3.343744645748559230e-01
2.180000000000000000e+02 -3.344477596233552674e-01
2.170000000000000000e+02 -3.345016149185451870e-01
2.160000000000000000e+02 -3.345357332418557594e-01
2.150000000000000000e+02 -3.345498071632623249e-01
2.140000000000000000e+02 -3.345434567209061294e-01
2.130000000000000000e+02 -3.345164030205244887e-01
2.120000000000000000e+02 -3.344682711652516294e-01
2.110000000000000000e+02 -3.343986993996113655e-01
2.100000000000000000e+02 -3.343073588660674389e-01
2.090000000000000000e+02 -3.341939044726105479e-01
2.080000000000000000e+02 -3.340579657761173493e-01
2.070000000000000000e+02 -3.338992367004453010e-01
2.060000000000000000e+02 -3.337173202107964753e-01
2.050000000000000000e+02 -3.335118791477424960e-01
2.040000000000000000e+02 -3.332825516842715663e-01
2.030000000000000000e+02 -3.330289540239436685e-01
2.020000000000000000e+02 -3.327507740353746746e-01
2.010000000000000000e+02 -3.324476783268491276e-01
2.000000000000000000e+02 -3.321192277150036287e-01
1.990000000000000000e+02 -3.317650447679427184e-01
1.980000000000000000e+02 -3.313848331856725782e-01
1.970000000000000000e+02 -3.309781981597082479e-01
1.960000000000000000e+02 -3.305447656045132354e-01
1.950000000000000000e+02 -3.300841735265602761e-01
1.940000000000000000e+02 -3.295960385958883188e-01
1.930000000000000000e+02 -3.290800625161940940e-01
1.920000000000000000e+02 -3.285357191129671395e-01
1.910000000000000000e+02 -3.279627690606395363e-01
1.900000000000000000e+02 -3.273608082496233807e-01
1.890000000000000000e+02 -3.267295313241581622e-01
1.880000000000000000e+02 -3.260683403149921555e-01
1.870000000000000000e+02 -3.253770796996167114e-01
1.860000000000000000e+02 -3.246553082098149745e-01
1.850000000000000000e+02 -3.239026972318181929e-01
1.840000000000000000e+02 -3.231188245806693726e-01
1.830000000000000000e+02 -3.223033353144634794e-01
1.820000000000000000e+02 -3.214558724255604516e-01
1.810000000000000000e+02 -3.205760441463208488e-01
1.800000000000000000e+02 -3.196635104745769729e-01
1.790000000000000000e+02 -3.187179085915861632e-01
1.780000000000000000e+02 -3.177388286416984453e-01
1.770000000000000000e+02 -3.167260092786841064e-01
1.760000000000000000e+02 -3.156790061846225792e-01
1.750000000000000000e+02 -3.145975254912022345e-01
1.740000000000000000e+02 -3.134811230900137469e-01
1.730000000000000000e+02 -3.123295395486509474e-01
1.720000000000000000e+02 -3.111424158457732347e-01
1.710000000000000000e+02 -3.099193698256182961e-01
1.700000000000000000e+02 -3.086600612019073098e-01
1.690000000000000000e+02 -3.073641833644285004e-01
1.680000000000000000e+02 -3.060313990232714776e-01
1.670000000000000000e+02 -3.046613577118847394e-01
1.660000000000000000e+02 -3.032537359075309635e-01
1.650000000000000000e+02 -3.018082144053769178e-01
1.640000000000000000e+02 -3.003244616700198044e-01
1.630000000000000000e+02 -2.988021572513776536e-01
1.620000000000000000e+02 -2.972409842717420592e-01
1.610000000000000000e+02 -2.956406242862899547e-01
1.600000000000000000e+02 -2.940007819925012922e-01
1.590000000000000000e+02 -2.923211244553934329e-01
1.580000000000000000e+02 -2.906013507785694117e-01
1.570000000000000000e+02 -2.888411536485507303e-01
1.560000000000000000e+02 -2.870402256337667435e-01
1.550000000000000000e+02 -2.851982628039741452e-01
1.540000000000000000e+02 -2.833149609501059984e-01
1.530000000000000000e+02 -2.813900252476475017e-01
1.520000000000000000e+02 -2.794231240501048319e-01
1.510000000000000000e+02 -2.774139704795127725e-01
1.500000000000000000e+02 -2.753622922621298263e-01
1.490000000000000000e+02 -2.732677046453131364e-01
1.480000000000000000e+02 -2.711299451098427293e-01
1.470000000000000000e+02 -2.689486919204768234e-01
1.460000000000000000e+02 -2.667236430073311459e-01
1.450000000000000000e+02 -2.644544789204225088e-01
1.440000000000000000e+02 -2.621408681729046619e-01
1.430000000000000000e+02 -2.597824923989505708e-01
1.420000000000000000e+02 -2.573790025899865275e-01
1.410000000000000000e+02 -2.549300769162050617e-01
1.400000000000000000e+02 -2.524353731015755997e-01
1.390000000000000000e+02 -2.498945517707917563e-01
1.380000000000000000e+02 -2.473072153486905456e-01
1.370000000000000000e+02 -2.446730453862958898e-01
1.360000000000000000e+02 -2.419916588297111870e-01
1.350000000000000000e+02 -2.392626397812920858e-01
1.340000000000000000e+02 -2.364856933567331398e-01
1.330000000000000000e+02 -2.336603233479255526e-01
1.320000000000000000e+02 -2.307861451376028716e-01
1.310000000000000000e+02 -2.278628096778062551e-01
1.300000000000000000e+02 -2.248898176205758326e-01
1.290000000000000000e+02 -2.218667349651868292e-01
1.280000000000000000e+02 -2.187931164388753902e-01
1.270000000000000000e+02 -2.156685361376827481e-01
1.260000000000000000e+02 -2.124924348776106031e-01
1.250000000000000000e+02 -2.092643897591183466e-01
1.240000000000000000e+02 -2.059838553825128205e-01
1.230000000000000000e+02 -2.026503097677631593e-01
1.220000000000000000e+02 -1.992632086293885663e-01
1.210000000000000000e+02 -1.958219616515717854e-01
1.200000000000000000e+02 -1.923259915937060860e-01
1.190000000000000000e+02 -1.887746848415551848e-01
1.180000000000000000e+02 -1.851673763300581699e-01
1.170000000000000000e+02 -1.815033709979385068e-01
1.160000000000000000e+02 -1.777819943320491369e-01
1.150000000000000000e+02 -1.740024316051926034e-01
1.140000000000000000e+02 -1.701639337661798868e-01
1.130000000000000000e+02 -1.662655864208776313e-01
1.120000000000000000e+02 -1.623065405823299612e-01
1.110000000000000000e+02 -1.582857367882797850e-01
1.100000000000000000e+02 -1.542021893234339358e-01
1.090000000000000000e+02 -1.500547346027523987e-01
1.080000000000000000e+02 -1.458421616360266737e-01
1.070000000000000000e+02 -1.415631621767658999e-01
1.060000000000000000e+02 -1.372162680516152422e-01
1.050000000000000000e+02 -1.327999613041409566e-01
1.040000000000000000e+02 -1.283125338995272646e-01
1.030000000000000000e+02 -1.237521355426059178e-01
1.020000000000000000e+02 -1.191167840367601816e-01
1.010000000000000000e+02 -1.144042654610020471e-01
1.000000000000000000e+02 -1.096122446187265537e-01
9.900000000000000000e+01 -1.047380900063636933e-01
9.800000000000000000e+01 -9.977901052465731890e-02
9.700000000000000000e+01 -9.473194129984205403e-02
9.600000000000000000e+01 -8.959353511930213954e-02
9.500000000000000000e+01 -8.436021212504940525e-02
9.400000000000000000e+01 -7.902807726491675733e-02
9.300000000000000000e+01 -7.359291037699890181e-02
9.200000000000000000e+01 -6.805018894126498019e-02
9.100000000000000000e+01 -6.239503727971339869e-02
9.000000000000000000e+01 -5.662221114114866088e-02
8.900000000000000000e+01 -5.072615066138232154e-02
8.800000000000000000e+01 -4.470086692144589063e-02
8.700000000000000000e+01 -3.854001800219321316e-02
8.600000000000000000e+01 -3.223685473584451261e-02
8.500000000000000000e+01 -2.578427822085234411e-02
8.400000000000000000e+01 -1.917472768077304462e-02
8.300000000000000000e+01 -1.240028664228176244e-02
8.200000000000000000e+01 -5.452633113550323790e-03
8.100000000000000000e+01 1.676952347698006454e-03
8.000000000000000000e+01 8.997614660790544810e-03
7.900000000000000000e+01 1.651881222665378679e-02
7.800000000000000000e+01 2.425048927448092417e-02
7.700000000000000000e+01 3.220292286690343286e-02
7.600000000000000000e+01 4.038679244589613720e-02
7.500000000000000000e+01 4.881317163537918918e-02
7.400000000000000000e+01 5.749352747733306457e-02
7.300000000000000000e+01 6.643970862630053931e-02
7.200000000000000000e+01 7.566397067714120128e-02
7.100000000000000000e+01 8.517897932745926992e-02
7.000000000000000000e+01 9.499779734128546704e-02
6.900000000000000000e+01 1.051338921275020294e-01
6.800000000000000000e+01 1.156011502850807920e-01
6.700000000000000000e+01 1.264138109752797612e-01
6.600000000000000000e+01 1.375864843565655637e-01
6.500000000000000000e+01 1.491340810869214439e-01
6.400000000000000000e+01 1.610717072809872141e-01
6.300000000000000000e+01 1.734146295646081526e-01
6.200000000000000000e+01 1.861780588350038790e-01
6.100000000000000000e+01 1.993770220203297527e-01
6.000000000000000000e+01 2.130261396427213794e-01
5.900000000000000000e+01 2.271395017618628165e-01
5.800000000000000000e+01 2.417306153005447378e-01
5.700000000000000000e+01 2.568127945329207185e-01
5.600000000000000000e+01 2.724005082310752557e-01
5.500000000000000000e+01 2.885132480503666552e-01
5.400000000000000000e+01 3.051854006990435964e-01
5.300000000000000000e+01 3.224905085382068770e-01
5.200000000000000000e+01 3.405557393484270334e-01
5.100000000000000000e+01 3.570724298384284068e-01
5.000000000000000000e+01 3.655733197721666716e-01
