4.000000000000000000e+02 -2.376089544622888017e-01
3.990000000000000000e+02 -2.379400900328575985e-01
3.980000000000000000e+02 -2.382747748868993820e-01
3.970000000000000000e+02 -2.386130267366031732e-01
3.960000000000000000e+02 -2.389548906864085165e-01
3.950000000000000000e+02 -2.393004449178823823e-01
3.940000000000000000e+02 -2.396496228343501789e-01
3.930000000000000000e+02 -2.400025527318713769e-01
3.920000000000000000e+02 -2.403592355260583957e-01
3.910000000000000000e+02 -2.407197051703523216e-01
3.900000000000000000e+02 -2.410839944025582604e-01
3.890000000000000000e+02 -2.414521420312007172e-01
3.880000000000000000e+02 -2.418241757625719801e-01
3.870000000000000000e+02 -2.422001361253996732e-01
3.860000000000000000e+02 -2.425800474311833044e-01
3.850000000000000000e+02 -2.429639446559934413e-01
3.840000000000000000e+02 -2.433518632870805276e-01
3.830000000000000000e+02 -2.437438268175252110e-01
3.820000000000000000e+02 -2.441398723663067150e-01
3.810000000000000000e+02 -2.445400255510420673e-01
3.800000000000000000e+02 -2.449443182064158786e-01
3.790000000000000000e+02 -2.453527797799498478e-01
3.780000000000000000e+02 -2.457654381420331380e-01
3.770000000000000000e+02 -2.461823164057049262e-01
3.760000000000000000e+02 -2.466034458586902900e-01
3.750000000000000000e+02 -2.470288506186676669e-01
3.740000000000000000e+02 -2.474585549286840713e-01
3.730000000000000000e+02 -2.478925909574078157e-01
3.720000000000000000e+02 -2.483309721798441227e-01
3.710000000000000000e+02 -2.487737318238736339e-01
3.700000000000000000e+02 -2.492208781213312851e-01
3.690000000000000000e+02 -2.496724383630169464e-01
3.680000000000000000e+02 -2.501284379772102384e-01
3.670000000000000000e+02 -2.505888899486760080e-01
3.660000000000000000e+02 -2.510538113142196659e-01
3.650000000000000000e+02 -2.515232215427819495e-01
3.640000000000000000e+02 -2.519971424464446108e-01
3.630000000000000000e+02 -2.524755695696942470e-01
3.620000000000000000e+02 -2.529585402410758910e-01
3.610000000000000000e+02 -2.534460473664955082e-01
3.600000000000000000e+02 -2.539381098594178932e-01
3.590000000000000000e+02 -2.544347321835844777e-01
3.580000000000000000e+02 -2.549359384452206112e-01
3.570000000000000000e+02 -2.554417020810267891e-01
3.560000000000000000e+02 -2.559520578486189635e-01
3.550000000000000000e+02 -2.564669945497938808e-01
3.540000000000000000e+02 -2.569865163092906468e-01
3.530000000000000000e+02 -2.575106440135060404e-01
3.520000000000000000e+02 -2.580393412308236156e-01
3.510000000000000000e+02 -2.585726280050049675e-01
3.500000000000000000e+02 -2.591104920586148608e-01
3.490000000000000000e+02 -2.596529310544576363e-01
3.480000000000000000e+02 -2.601999536762690801e-01
3.470000000000000000e+02 -2.607514716478867567e-01
3.460000000000000000e+02 -2.613075754357265801e-01
3.450000000000000000e+02 -2.618681995179509836e-01
3.440000000000000000e+02 -2.624333183259922597e-01
3.430000000000000000e+02 -2.630029524731460344e-01
3.420000000000000000e+02 -2.635770490075829420e-01
3.410000000000000000e+02 -2.641555914240021896e-01
3.400000000000000000e+02 -2.647385655324947518e-01
3.390000000000000000e+02 -2.653259447591800324e-01
3.380000000000000000e+02 -2.659176841464555574e-01
3.370000000000000000e+02 -2.665137646232095259e-01
3.360000000000000000e+02 -2.671141503583782661e-01
3.350000000000000000e+02 -2.677187946111393435e-01
3.340000000000000000e+02 -2.683276889626486916e-01
3.330000000000000000e+02 -2.689407615278989194e-01
3.320000000000000000e+02 -2.695579850279214984e-01
3.310000000000000000e+02 -2.701793099582983637e-01
3.300000000000000000e+02 -2.708046825694798154e-01
3.290000000000000000e+02 -2.714340575546080880e-01
3.280000000000000000e+02 -2.720674394210007563e-01
3.270000000000000000e+02 -2.727045853006357379e-01
3.260000000000000000e+02 -2.733456354445905068e-01
3.250000000000000000e+02 -2.739904462139286512e-01
3.240000000000000000e+02 -2.746389678031010972e-01
3.230000000000000000e+02 -2.752911229750895084e-01
3.220000000000000000e+02 -2.759468550892925087e-01
3.210000000000000000e+02 -2.766060520135156242e-01
3.200000000000000000e+02 -2.772686830952141301e-01
3.190000000000000000e+02 -2.779346524757327352e-01
3.180000000000000000e+02 -2.786038730951883591e-01
3.170000000000000000e+02 -2.792762633717313925e-01
3.160000000000000000e+02 -2.799517441777060744e-01
3.150000000000000000e+02 -2.806302143927806303e-01
3.140000000000000000e+02 -2.813115759253778658e-01
3.130000000000000000e+02 -2.819957319601070767e-01
3.120000000000000000e+02 -2.826825561799660158e-01
3.110000000000000000e+02 -2.833720375193177210e-01
3.100000000000000000e+02 -2.840639927073297932e-01
3.090000000000000000e+02 -2.847583027454766436e-01
3.080000000000000000e+02 -2.854549009542101112e-01
3.070000000000000000e+02 -2.861536458120815807e-01
3.060000000000000000e+02 -2.868544022544682881e-01
3.050000000000000000e+02 -2.875570706801600096e-01
3.040000000000000000e+02 -2.882615130970288542e-01
3.030000000000000000e+02 -2.889676100520766622e-01
3.020000000000000000e+02 -2.896752314370247272e-01
3.010000000000000000e+02 -2.903842254008847656e-01
3.000000000000000000e+02 -2.910944716525636355e-01
2.990000000000000000e+02 -2.918058041910078781e-01
2.980000000000000000e+02 -2.925181023915840450e-01
2.970000000000000000e+02 -2.932312214547025953e-01
2.960000000000000000e+02 -2.939450243075118485e-01
2.950000000000000000e+02 -2.946592456293155027e-01
2.940000000000000000e+02 -2.953738688904541942e-01
2.930000000000000000e+02 -2.960886411590100686e-01
2.920000000000000000e+02 -2.968034306267089972e-01
2.910000000000000000e+02 -2.975181021141892757e-01
2.900000000000000000e+02 -2.982324328718152784e-01
2.890000000000000000e+02 -2.989462644362106403e-01
2.880000000000000000e+02 -2.996594091767167400e-01
2.870000000000000000e+02 -3.003717346843662317e-01
2.860000000000000000e+02 -3.010830124958991938e-01
2.850000000000000000e+02 -3.017930544661487358e-01
2.840000000000000000e+02 -3.025016929318381509e-01
2.830000000000000000e+02 -3.032087279567030058e-01
2.820000000000000000e+02 -3.039139633562863985e-01
2.810000000000000000e+02 -3.046171805760174989e-01
2.800000000000000000e+02 -3.053182275442593019e-01
2.790000000000000000e+02 -3.060168556345572721e-01
2.780000000000000000e+02 -3.067129012087728701e-01
2.770000000000000000e+02 -3.074061116600547705e-01
2.760000000000000000e+02 -3.080962867231785141e-01
2.750000000000000000e+02 -3.087832174835383747e-01
2.740000000000000000e+02 -3.094666851827907461e-01
2.730000000000000000e+02 -3.101464569203517541e-01
2.720000000000000000e+02 -3.108223435906957710e-01
2.710000000000000000e+02 -3.114940871185244986e-01
2.700000000000000000e+02 -3.121614693010110742e-01
2.690000000000000000e+02 -3.128242444064605610e-01
2.680000000000000000e+02 -3.134822191720405549e-01
2.670000000000000000e+02 -3.141351250486578706e-01
2.660000000000000000e+02 -3.147827224095153809e-01
2.650000000000000000e+02 -3.154248044274396423e-01
2.640000000000000000e+02 -3.160610662439135576e-01
2.630000000000000000e+02 -3.166913264782610926e-01
2.620000000000000000e+02 -3.173153037259391351e-01
2.610000000000000000e+02 -3.179327559286616034e-01
2.600000000000000000e+02 -3.185433650895713176e-01
2.590000000000000000e+02 -3.191470907686224656e-01
2.580000000000000000e+02 -3.197434409213938400e-01
2.570000000000000000e+02 -3.203323008796402083e-01
2.560000000000000000e+02 -3.209132985827841122e-01
2.550000000000000000e+02 -3.214862289526263517e-01
2.540000000000000000e+02 -3.220508414068993241e-01
2.530000000000000000e+02 -3.226068773648841925e-01
2.520000000000000000e+02 -3.231540251298566924e-01
2.510000000000000000e+02 -3.236920548573567480e-01
2.500000000000000000e+02 -3.242207029271962915e-01
2.490000000000000000e+02 -3.247395779167400742e-01
2.480000000000000000e+02 -3.252485736507604863e-01
2.470000000000000000e+02 -3.257473059486203359e-01
2.460000000000000000e+02 -3.262355471078995928e-01
2.450000000000000000e+02 -3.267129778260017270e-01
2.440000000000000000e+02 -3.271793550910716553e-01
2.430000000000000000e+02 -3.276342975986566985e-01
2.420000000000000000e+02 -3.280776762452198292e-01
2.410000000000000000e+02 -3.285090796310897177e-01
2.400000000000000000e+02 -3.289282696731661848e-01
2.390000000000000000e+02 -3.293349330929506436e-01
2.380000000000000000e+02 -3.297287878642232717e-01
2.370000000000000000e+02 -3.301095156080882109e-01
2.360000000000000000e+02 -3.304768745983675537e-01
2.350000000000000000e+02 -3.308305110047777275e-01
2.340000000000000000e+02 -3.311701559020570063e-01
2.330000000000000000e+02 -3.314955044575301768e-01
2.320000000000000000e+02 -3.318062231123578010e-01
2.310000000000000000e+02 -3.321019914004397222e-01
2.300000000000000000e+02 -3.323825904268685183e-01
2.290000000000000000e+02 -3.326476305267314637e-01
2.280000000000000000e+02 -3.328968684477360829e-01
2.270000000000000000e+02 -3.331298979803459792e-01
2.260000000000000000e+02 -3.333464724079592267e-01
2.250000000000000000e+02 -3.335462647590552443e-01
2.240000000000000000e+02 -3.337289675072469541e-01
2.230000000000000000e+02 -3.338942029650588394e-01
2.220000000000000000e+02 -3.340417173010100105e-01
2.210000000000000000e+02 -3.341711396139696033e-01
2.200000000000000000e+02 -3.342821934141254614e-01
2.190000000000000000e+02 -3.343744645748561450e-01
2.180000000000000000e+02 -3.344477596233549899e-01
2.170000000000000000e+02 -3.345016149185449095e-01
2.160000000000000000e+02 -3.345357332418561480e-01
2.150000000000000000e+02 -3.345498071632623804e-01
2.140000000000000000e+02 -3.345434567209060739e-01
2.130000000000000000e+02 -3.345164030205243222e-01
2.120000000000000000e+02 -3.344682711652518514e-01
2.110000000000000000e+02 -3.343986993996116430e-01
2.100000000000000000e+02 -3.343073588660682716e-01
2.090000000000000000e+02 -3.341939044726103814e-01
2.080000000000000000e+02 -3.340579657761175159e-01
2.070000000000000000e+02 -3.338992367004453010e-01
2.060000000000000000e+02 -3.337173202107963643e-01
2.050000000000000000e+02 -3.335118791477425515e-01
2.040000000000000000e+02 -3.332825516842713443e-01
2.030000000000000000e+02 -3.330289540239437240e-01
2.020000000000000000e+02 -3.327507740353743970e-01
2.010000000000000000e+02 -3.324476783268495717e-01
2.000000000000000000e+02 -3.321192277150035732e-01
1.990000000000000000e+02 -3.317650447679424963e-01
1.980000000000000000e+02 -3.313848331856719120e-01
1.970000000000000000e+02 -3.309781981597078593e-01
1.960000000000000000e+02 -3.305447656045133464e-01
1.950000000000000000e+02 -3.300841735265602761e-01
1.940000000000000000e+02 -3.295960385958876526e-01
1.930000000000000000e+02 -3.290800625161943715e-01
1.920000000000000000e+02 -3.285357191129671950e-01
1.910000000000000000e+02 -3.279627690606391477e-01
1.900000000000000000e+02 -3.273608082496238247e-01
1.890000000000000000e+02 -3.267295313241586618e-01
1.880000000000000000e+02 -3.260683403149921555e-01
1.870000000000000000e+02 -3.253770796996163228e-01
1.860000000000000000e+02 -3.246553082098154186e-01
1.850000000000000000e+02 -3.239026972318177489e-01
1.840000000000000000e+02 -3.231188245806700388e-01
1.830000000000000000e+02 -3.223033353144639790e-01
1.820000000000000000e+02 -3.214558724255607292e-01
1.810000000000000000e+02 -3.205760441463206822e-01
1.800000000000000000e+02 -3.196635104745782496e-01
1.790000000000000000e+02 -3.187179085915861632e-01
1.780000000000000000e+02 -3.177388286416977792e-01
1.770000000000000000e+02 -3.167260092786837733e-01
1.760000000000000000e+02 -3.156790061846214690e-01
1.750000000000000000e+02 -3.145975254912019015e-01
1.740000000000000000e+02 -3.134811230900138579e-01
1.730000000000000000e+02 -3.123295395486510584e-01
1.720000000000000000e+02 -3.111424158457732347e-01
1.710000000000000000e+02 -3.099193698256177409e-01
1.700000000000000000e+02 -3.086600612019071432e-01
1.690000000000000000e+02 -3.073641833644283894e-01
1.680000000000000000e+02 -3.060313990232714776e-01
1.670000000000000000e+02 -3.046613577118857386e-01
1.660000000000000000e+02 -3.032537359075307970e-01
1.650000000000000000e+02 -3.018082144053779170e-01
1.640000000000000000e+02 -3.003244616700200265e-01
1.630000000000000000e+02 -2.988021572513771540e-01
1.620000000000000000e+02 -2.972409842717410045e-01
1.610000000000000000e+02 -2.956406242862892886e-01
1.600000000000000000e+02 -2.940007819925006260e-01
1.590000000000000000e+02 -2.923211244553924337e-01
1.580000000000000000e+02 -2.906013507785698557e-01
1.570000000000000000e+02 -2.888411536485520070e-01
1.560000000000000000e+02 -2.870402256337666325e-01
1.550000000000000000e+02 -2.851982628039746448e-01
1.540000000000000000e+02 -2.833149609501053323e-01
1.530000000000000000e+02 -2.813900252476485009e-01
1.520000000000000000e+02 -2.794231240501044433e-01
1.510000000000000000e+02 -2.774139704795133832e-01
1.500000000000000000e+02 -2.753622922621300484e-01
1.490000000000000000e+02 -2.732677046453135805e-01
1.480000000000000000e+02 -2.711299451098435065e-01
1.470000000000000000e+02 -2.689486919204773230e-01
1.460000000000000000e+02 -2.667236430073319786e-01
1.450000000000000000e+02 -2.644544789204233970e-01
1.440000000000000000e+02 -2.621408681729050505e-01
1.430000000000000000e+02 -2.597824923989491275e-01
1.420000000000000000e+02 -2.573790025899855838e-01
1.410000000000000000e+02 -2.549300769162061719e-01
1.400000000000000000e+02 -2.524353731015759328e-01
1.390000000000000000e+02 -2.498945517707919228e-01
1.380000000000000000e+02 -2.473072153486906566e-01
1.370000000000000000e+02 -2.446730453862957511e-01
1.360000000000000000e+02 -2.419916588297107152e-01
1.350000000000000000e+02 -2.392626397812916972e-01
1.340000000000000000e+02 -2.364856933567330843e-01
1.330000000000000000e+02 -2.336603233479260799e-01
1.320000000000000000e+02 -2.307861451376028716e-01
1.310000000000000000e+02 -2.278628096778053114e-01
1.300000000000000000e+02 -2.248898176205753885e-01
1.290000000000000000e+02 -2.218667349651869958e-01
1.280000000000000000e+02 -2.187931164388760563e-01
1.270000000000000000e+02 -2.156685361376829146e-01
1.260000000000000000e+02 -2.124924348776104366e-01
1.250000000000000000e+02 -2.092643897591182633e-01
1.240000000000000000e+02 -2.059838553825128760e-01
1.230000000000000000e+02 -2.026503097677624099e-01
1.220000000000000000e+02 -1.992632086293883165e-01
1.210000000000000000e+02 -1.958219616515720629e-01
1.200000000000000000e+02 -1.923259915937064746e-01
1.190000000000000000e+02 -1.887746848415552403e-01
1.180000000000000000e+02 -1.851673763300588360e-01
1.170000000000000000e+02 -1.815033709979391729e-01
1.160000000000000000e+02 -1.777819943320496643e-01
1.150000000000000000e+02 -1.740024316051929643e-01
1.140000000000000000e+02 -1.701639337661801366e-01
1.130000000000000000e+02 -1.662655864208773537e-01
1.120000000000000000e+02 -1.623065405823302110e-01
1.110000000000000000e+02 -1.582857367882802013e-01
1.100000000000000000e+02 -1.542021893234344077e-01
1.090000000000000000e+02 -1.500547346027525375e-01
1.080000000000000000e+02 -1.458421616360269790e-01
1.070000000000000000e+02 -1.415631621767661774e-01
1.060000000000000000e+02 -1.372162680516149647e-01
1.050000000000000000e+02 -1.327999613041411509e-01
1.040000000000000000e+02 -1.283125338995270981e-01
1.030000000000000000e+02 -1.237521355426062508e-01
1.020000000000000000e+02 -1.191167840367598901e-01
1.010000000000000000e+02 -1.144042654610024079e-01
1.000000000000000000e+02 -1.096122446187264565e-01
9.900000000000000000e+01 -1.047380900063637210e-01
9.800000000000000000e+01 -9.977901052465729115e-02
9.700000000000000000e+01 -9.473194129984199852e-02
9.600000000000000000e+01 -8.959353511930187586e-02
9.500000000000000000e+01 -8.436021212504926647e-02
9.400000000000000000e+01 -7.902807726491667406e-02
9.300000000000000000e+01 -7.359291037699884630e-02
9.200000000000000000e+01 -6.805018894126503570e-02
9.100000000000000000e+01 -6.239503727971331543e-02
9.000000000000000000e+01 -5.662221114114866088e-02
8.900000000000000000e+01 -5.072615066138275869e-02
8.800000000000000000e+01 -4.470086692144603635e-02
8.700000000000000000e+01 -3.854001800219321316e-02
8.600000000000000000e+01 -3.223685473584465833e-02
8.500000000000000000e+01 -2.578427822085214982e-02
8.400000000000000000e+01 -1.917472768077278095e-02
8.300000000000000000e+01 -1.240028664228160805e-02
8.200000000000000000e+01 -5.452633113550413996e-03
8.100000000000000000e+01 1.676952347698020332e-03
8.000000000000000000e+01 8.997614660790412972e-03
7.900000000000000000e+01 1.651881222665385965e-02
7.800000000000000000e+01 2.425048927448107683e-02
7.700000000000000000e+01 3.220292286690351613e-02
7.600000000000000000e+01 4.038679244589601230e-02
7.500000000000000000e+01 4.881317163537921694e-02
7.400000000000000000e+01 5.749352747733330049e-02
7.300000000000000000e+01 6.643970862630038665e-02
7.200000000000000000e+01 7.566397067714118740e-02
7.100000000000000000e+01 8.517897932745938094e-02
7.000000000000000000e+01 9.499779734128518949e-02
6.900000000000000000e+01 1.051338921275022514e-01
6.800000000000000000e+01 1.156011502850802924e-01
6.700000000000000000e+01 1.264138109752797334e-01
6.600000000000000000e+01 1.375864843565656193e-01
6.500000000000000000e+01 1.491340810869213884e-01
6.400000000000000000e+01 1.610717072809871586e-01
6.300000000000000000e+01 1.734146295646079028e-01
6.200000000000000000e+01 1.861780588350036569e-01
6.100000000000000000e+01 1.993770220203298638e-01
6.000000000000000000e+01 2.130261396427210185e-01
5.900000000000000000e+01 2.271395017618628165e-01
5.800000000000000000e+01 2.417306153005445157e-01
5.700000000000000000e+01 2.568127945329210515e-01
5.600000000000000000e+01 2.724005082310754222e-01
5.500000000000000000e+01 2.885132480503660446e-01
5.400000000000000000e+01 3.051854006990430412e-01
5.300000000000000000e+01 3.224905085382070435e-01
5.200000000000000000e+01 3.405557393484272000e-01
5.100000000000000000e+01 3.570724298384276851e-01
5.000000000000000000e+01 3.655733197721668382e-01
