4.000000000000000000e+02 7.700034100339752108e-01
3.990000000000000000e+02 7.696687337361827197e-01
3.980000000000000000e+02 7.693323097602156047e-01
3.970000000000000000e+02 7.689941129155002386e-01
3.960000000000000000e+02 7.686541385654093173e-01
3.950000000000000000e+02 7.683123719417503938e-01
3.940000000000000000e+02 7.679687991567784033e-01
3.930000000000000000e+02 7.676234022382080191e-01
3.920000000000000000e+02 7.672761733693389541e-01
3.910000000000000000e+02 7.669270962075040998e-01
3.900000000000000000e+02 7.665761538246828044e-01
3.890000000000000000e+02 7.662233450714409644e-01
3.880000000000000000e+02 7.658686401602097238e-01
3.870000000000000000e+02 7.655120337204163183e-01
3.860000000000000000e+02 7.651535100455981731e-01
3.850000000000000000e+02 7.647930607976598516e-01
3.840000000000000000e+02 7.644306682023104260e-01
3.830000000000000000e+02 7.640663178800887190e-01
3.820000000000000000e+02 7.636999990193608090e-01
3.810000000000000000e+02 7.633316925202441317e-01
3.800000000000000000e+02 7.629613994239632380e-01
3.790000000000000000e+02 7.625890959132402003e-01
3.780000000000000000e+02 7.622147713606065578e-01
3.770000000000000000e+02 7.618384124745428698e-01
3.760000000000000000e+02 7.614600082657860813e-01
3.750000000000000000e+02 7.610795458113871481e-01
3.740000000000000000e+02 7.606970140701027061e-01
3.730000000000000000e+02 7.603124008226119779e-01
3.720000000000000000e+02 7.599256907075840894e-01
3.710000000000000000e+02 7.595368847845150873e-01
3.700000000000000000e+02 7.591459578446569934e-01
3.690000000000000000e+02 7.587529073192986750e-01
3.680000000000000000e+02 7.583577241443365535e-01
3.670000000000000000e+02 7.579603925073059578e-01
3.660000000000000000e+02 7.575609064117478919e-01
3.650000000000000000e+02 7.571592603752798079e-01
3.640000000000000000e+02 7.567554332340528100e-01
3.630000000000000000e+02 7.563494302271158709e-01
3.620000000000000000e+02 7.559412389552198075e-01
3.610000000000000000e+02 7.555308521860978344e-01
3.600000000000000000e+02 7.551182626272715526e-01
3.590000000000000000e+02 7.547034666811034409e-01
3.580000000000000000e+02 7.542864533569934027e-01
3.570000000000000000e+02 7.538672235359340501e-01
3.560000000000000000e+02 7.534457703795587324e-01
3.550000000000000000e+02 7.530220914494182294e-01
3.540000000000000000e+02 7.525961820272587532e-01
3.530000000000000000e+02 7.521680434867313858e-01
3.520000000000000000e+02 7.517376742802590606e-01
3.510000000000000000e+02 7.513050663636116067e-01
3.500000000000000000e+02 7.508702343019509895e-01
3.490000000000000000e+02 7.504331665322433453e-01
3.480000000000000000e+02 7.499938716376037817e-01
3.470000000000000000e+02 7.495523498239408111e-01
3.460000000000000000e+02 7.491086084413307589e-01
3.450000000000000000e+02 7.486626519156904802e-01
3.440000000000000000e+02 7.482144848724719965e-01
3.430000000000000000e+02 7.477641137133085314e-01
3.420000000000000000e+02 7.473115565222562262e-01
3.410000000000000000e+02 7.468568149312815319e-01
3.400000000000000000e+02 7.463999006312769247e-01
3.390000000000000000e+02 7.459408278295313055e-01
3.380000000000000000e+02 7.454796099903201467e-01
3.370000000000000000e+02 7.450162612264504824e-01
3.360000000000000000e+02 7.445508045849380530e-01
3.350000000000000000e+02 7.440832534428838407e-01
3.340000000000000000e+02 7.436136248427371864e-01
3.330000000000000000e+02 7.431419501605387445e-01
3.320000000000000000e+02 7.426682393370558355e-01
3.310000000000000000e+02 7.421925254305945518e-01
3.300000000000000000e+02 7.417148344024683260e-01
3.290000000000000000e+02 7.412351961050610560e-01
3.280000000000000000e+02 7.407536425864238439e-01
3.270000000000000000e+02 7.402702002584085061e-01
3.260000000000000000e+02 7.397849077735585421e-01
3.250000000000000000e+02 7.392978015271426395e-01
3.240000000000000000e+02 7.388089169682815482e-01
3.230000000000000000e+02 7.383182981864500061e-01
3.220000000000000000e+02 7.378259878209902922e-01
3.210000000000000000e+02 7.373320260119912151e-01
3.200000000000000000e+02 7.368364762654930900e-01
3.190000000000000000e+02 7.363393729218725703e-01
3.180000000000000000e+02 7.358407683729952797e-01
3.170000000000000000e+02 7.353407272511385262e-01
3.160000000000000000e+02 7.348393034100556553e-01
3.150000000000000000e+02 7.343365561152556120e-01
3.140000000000000000e+02 7.338325516858055231e-01
3.130000000000000000e+02 7.333273521653427274e-01
3.120000000000000000e+02 7.328210289767917995e-01
3.110000000000000000e+02 7.323136544970988426e-01
3.100000000000000000e+02 7.318053026049680110e-01
3.090000000000000000e+02 7.312960507630809071e-01
3.080000000000000000e+02 7.307859810539287793e-01
3.070000000000000000e+02 7.302751760060512964e-01
3.060000000000000000e+02 7.297637265907326309e-01
3.050000000000000000e+02 7.292517214195284314e-01
3.040000000000000000e+02 7.287392589756542804e-01
3.030000000000000000e+02 7.282264212614003585e-01
3.020000000000000000e+02 7.277133301822236167e-01
3.010000000000000000e+02 7.272000764684792840e-01
3.000000000000000000e+02 7.266867770725482512e-01
2.990000000000000000e+02 7.261735390632266807e-01
2.980000000000000000e+02 7.256604783457246688e-01
2.970000000000000000e+02 7.251477155222907367e-01
2.960000000000000000e+02 7.246353720522979991e-01
2.950000000000000000e+02 7.241235828495714566e-01
2.940000000000000000e+02 7.236124507503634007e-01
2.930000000000000000e+02 7.231021516513529424e-01
2.920000000000000000e+02 7.225927862946871505e-01
2.910000000000000000e+02 7.220845322435882618e-01
2.900000000000000000e+02 7.215775063205995821e-01
2.890000000000000000e+02 7.210718788326648809e-01
2.880000000000000000e+02 7.205677829676594426e-01
2.870000000000000000e+02 7.200653934537516454e-01
2.860000000000000000e+02 7.195648682640995997e-01
2.850000000000000000e+02 7.190663734088865722e-01
2.840000000000000000e+02 7.185700741007163828e-01
2.830000000000000000e+02 7.180761495389482718e-01
2.820000000000000000e+02 7.175847720692380971e-01
2.810000000000000000e+02 7.170961254245811212e-01
2.800000000000000000e+02 7.166103876361837877e-01
2.790000000000000000e+02 7.161277564219734604e-01
2.780000000000000000e+02 7.156484153084056166e-01
2.770000000000000000e+02 7.151725586258148581e-01
2.760000000000000000e+02 7.147003835791084780e-01
2.750000000000000000e+02 7.142320886362475418e-01
2.740000000000000000e+02 7.137678905638177307e-01
2.730000000000000000e+02 7.133079779624951211e-01
2.720000000000000000e+02 7.128525639568672467e-01
2.710000000000000000e+02 7.124018608186066803e-01
2.700000000000000000e+02 7.119560755578646649e-01
2.690000000000000000e+02 7.115154258994058623e-01
2.680000000000000000e+02 7.110801251675877843e-01
2.670000000000000000e+02 7.106503889372686178e-01
2.660000000000000000e+02 7.102264408042489041e-01
2.650000000000000000e+02 7.098084890784979173e-01
2.640000000000000000e+02 7.093967570747556906e-01
2.630000000000000000e+02 7.089914601217125467e-01
2.620000000000000000e+02 7.085928178975563485e-01
2.610000000000000000e+02 7.082010447453590540e-01
2.600000000000000000e+02 7.078163597555161557e-01
2.590000000000000000e+02 7.074389721742735393e-01
2.580000000000000000e+02 7.070691022343601473e-01
2.570000000000000000e+02 7.067069424896321728e-01
2.560000000000000000e+02 7.063527217891973908e-01
2.550000000000000000e+02 7.060066263016747667e-01
2.540000000000000000e+02 7.056688668850128465e-01
2.530000000000000000e+02 7.053396407238959886e-01
2.520000000000000000e+02 7.050191263248380968e-01
2.510000000000000000e+02 7.047075262538988749e-01
2.500000000000000000e+02 7.044050147299396603e-01
2.490000000000000000e+02 7.041117678512605060e-01
2.480000000000000000e+02 7.038279574728769639e-01
2.470000000000000000e+02 7.035537532706882535e-01
2.460000000000000000e+02 7.032892998416619967e-01
2.450000000000000000e+02 7.030347531513625459e-01
2.440000000000000000e+02 7.027902638867654650e-01
2.430000000000000000e+02 7.025559582393983149e-01
2.420000000000000000e+02 7.023319638291998235e-01
2.410000000000000000e+02 7.021184007205739652e-01
2.400000000000000000e+02 7.019153727910170115e-01
2.390000000000000000e+02 7.017229919378977776e-01
2.380000000000000000e+02 7.015413410524615756e-01
2.370000000000000000e+02 7.013705052224765701e-01
2.360000000000000000e+02 7.012105570633484497e-01
2.350000000000000000e+02 7.010615613047656014e-01
2.340000000000000000e+02 7.009235702599051487e-01
2.330000000000000000e+02 7.007966304695302240e-01
2.320000000000000000e+02 7.006807742492021651e-01
2.310000000000000000e+02 7.005760265490372785e-01
2.300000000000000000e+02 7.004824028756788667e-01
2.290000000000000000e+02 7.003999115128872743e-01
2.280000000000000000e+02 7.003285453588999898e-01
2.270000000000000000e+02 7.002682921396724547e-01
2.260000000000000000e+02 7.002191313997722100e-01
2.250000000000000000e+02 7.001810293682784181e-01
2.240000000000000000e+02 7.001539490743514671e-01
2.230000000000000000e+02 7.001378359470062929e-01
2.220000000000000000e+02 7.001326447704966371e-01
2.210000000000000000e+02 7.001383034249575310e-01
2.200000000000000000e+02 7.001547445902642774e-01
2.190000000000000000e+02 7.001818854032149098e-01
2.180000000000000000e+02 7.002196504743348759e-01
2.170000000000000000e+02 7.002679399010249828e-01
2.160000000000000000e+02 7.003266611588192525e-01
2.150000000000000000e+02 7.003957113956396086e-01
2.140000000000000000e+02 7.004749865427128963e-01
2.130000000000000000e+02 7.005643734937496703e-01
2.120000000000000000e+02 7.006637608336642176e-01
2.110000000000000000e+02 7.007730295754075467e-01
2.100000000000000000e+02 7.008920594530096970e-01
2.090000000000000000e+02 7.010207298725810166e-01
2.080000000000000000e+02 7.011589166748342095e-01
2.070000000000000000e+02 7.013064932304623467e-01
2.060000000000000000e+02 7.014633379597431384e-01
2.050000000000000000e+02 7.016293265317277150e-01
2.040000000000000000e+02 7.018043326278728955e-01
2.030000000000000000e+02 7.019882282989670097e-01
2.020000000000000000e+02 7.021808943442651163e-01
2.010000000000000000e+02 7.023822099991398060e-01
2.000000000000000000e+02 7.025920572496572314e-01
1.990000000000000000e+02 7.028103152981529655e-01
1.980000000000000000e+02 7.030368772289288248e-01
1.970000000000000000e+02 7.032716258419565714e-01
1.960000000000000000e+02 7.035144577985472658e-01
1.950000000000000000e+02 7.037652711438799891e-01
1.940000000000000000e+02 7.040239627253590537e-01
1.930000000000000000e+02 7.042904357693204886e-01
1.920000000000000000e+02 7.045645979927773750e-01
1.910000000000000000e+02 7.048463548933849854e-01
1.900000000000000000e+02 7.051356362698919522e-01
1.890000000000000000e+02 7.054323502274816304e-01
1.880000000000000000e+02 7.057364133206293078e-01
1.870000000000000000e+02 7.060477540535787799e-01
1.860000000000000000e+02 7.063662998779757229e-01
1.850000000000000000e+02 7.066919805072421346e-01
1.840000000000000000e+02 7.070247271971795699e-01
1.830000000000000000e+02 7.073644685863486048e-01
1.820000000000000000e+02 7.077111385736790661e-01
1.810000000000000000e+02 7.080646738099750648e-01
1.800000000000000000e+02 7.084249984471957529e-01
1.790000000000000000e+02 7.087920445597362118e-01
1.780000000000000000e+02 7.091657426365322037e-01
1.770000000000000000e+02 7.095460140087490597e-01
1.760000000000000000e+02 7.099327768989392995e-01
1.750000000000000000e+02 7.103259485856836530e-01
1.740000000000000000e+02 7.107254321914110440e-01
1.730000000000000000e+02 7.111311292104397497e-01
1.720000000000000000e+02 7.115429245482418619e-01
1.710000000000000000e+02 7.119607091118044240e-01
1.700000000000000000e+02 7.123843425136259233e-01
1.690000000000000000e+02 7.128136761855110581e-01
1.680000000000000000e+02 7.132485690043477433e-01
1.670000000000000000e+02 7.136888390241785673e-01
1.660000000000000000e+02 7.141342895928353141e-01
1.650000000000000000e+02 7.145847247105810984e-01
1.640000000000000000e+02 7.150399115713955700e-01
1.630000000000000000e+02 7.154996023750003209e-01
1.620000000000000000e+02 7.159635319583910196e-01
1.610000000000000000e+02 7.164314213881027849e-01
1.600000000000000000e+02 7.169029497502914516e-01
1.590000000000000000e+02 7.173777834206677140e-01
1.580000000000000000e+02 7.178555617239589237e-01
1.570000000000000000e+02 7.183359000563188657e-01
1.560000000000000000e+02 7.188184003605200267e-01
1.550000000000000000e+02 7.193026177120633857e-01
1.540000000000000000e+02 7.197880944750012500e-01
1.530000000000000000e+02 7.202743482964394373e-01
1.520000000000000000e+02 7.207608680371089260e-01
1.510000000000000000e+02 7.212471288801569624e-01
1.500000000000000000e+02 7.217325684267280606e-01
1.490000000000000000e+02 7.222166005266758004e-01
1.480000000000000000e+02 7.226986617681755432e-01
1.470000000000000000e+02 7.231781084180241015e-01
1.460000000000000000e+02 7.236543202984933032e-01
1.450000000000000000e+02 7.241266564416061202e-01
1.440000000000000000e+02 7.245944540143169910e-01
1.430000000000000000e+02 7.250570697897346095e-01
1.420000000000000000e+02 7.255138040225340701e-01
1.410000000000000000e+02 7.259640322725336992e-01
1.400000000000000000e+02 7.264070641538047379e-01
1.390000000000000000e+02 7.268422486194582310e-01
1.380000000000000000e+02 7.272689415122951528e-01
1.370000000000000000e+02 7.276865197005399910e-01
1.360000000000000000e+02 7.280943608195518113e-01
1.350000000000000000e+02 7.284918937382159898e-01
1.340000000000000000e+02 7.288785589068057513e-01
1.330000000000000000e+02 7.292538351322522816e-01
1.320000000000000000e+02 7.296172367621721611e-01
1.310000000000000000e+02 7.299683161607305459e-01
1.300000000000000000e+02 7.303066864933087654e-01
1.290000000000000000e+02 7.306319659670574840e-01
1.280000000000000000e+02 7.309438645646030297e-01
1.270000000000000000e+02 7.312421167752428675e-01
1.260000000000000000e+02 7.315265150613827760e-01
1.250000000000000000e+02 7.317968942450558956e-01
1.240000000000000000e+02 7.320531410452870702e-01
1.230000000000000000e+02 7.322951888811556342e-01
1.220000000000000000e+02 7.325230140751515240e-01
1.210000000000000000e+02 7.327366498636203040e-01
1.200000000000000000e+02 7.329361784716835748e-01
1.190000000000000000e+02 7.331217457487592126e-01
1.180000000000000000e+02 7.332935517713247142e-01
1.170000000000000000e+02 7.334518918592858316e-01
1.160000000000000000e+02 7.335972199516872516e-01
1.150000000000000000e+02 7.337301068277060079e-01
1.140000000000000000e+02 7.338513936830672879e-01
1.130000000000000000e+02 7.339622150452240756e-01
1.120000000000000000e+02 7.340641561114309432e-01
1.110000000000000000e+02 7.341593713156022716e-01
1.100000000000000000e+02 7.342507756788027029e-01
1.090000000000000000e+02 7.343422797450914752e-01
1.080000000000000000e+02 7.344390555293028866e-01
1.070000000000000000e+02 7.345478731407268924e-01
1.060000000000000000e+02 7.346774973028168398e-01
1.050000000000000000e+02 7.348391110264435033e-01
1.040000000000000000e+02 7.350468481835779055e-01
1.030000000000000000e+02 7.353184185865671019e-01
1.020000000000000000e+02 7.356757543005976174e-01
1.010000000000000000e+02 7.361457758088596481e-01
1.000000000000000000e+02 7.367612892774805244e-01
9.900000000000000000e+01 7.375618458859573012e-01
9.800000000000000000e+01 7.385947822280687358e-01
9.700000000000000000e+01 7.399160746407543732e-01
9.600000000000000000e+01 7.415908382556478662e-01
9.500000000000000000e+01 7.436931991137237796e-01
9.400000000000000000e+01 7.463045913599369863e-01
9.300000000000000000e+01 7.495097367246728037e-01
9.200000000000000000e+01 7.533893272726245316e-01
9.100000000000000000e+01 7.580097096468335627e-01
9.000000000000000000e+01 7.634110455587614918e-01
8.900000000000000000e+01 7.695983614993716637e-01
8.800000000000000000e+01 7.765397334379801064e-01
8.700000000000000000e+01 7.841733514701086927e-01
8.600000000000000000e+01 7.924205803311814567e-01
8.500000000000000000e+01 8.011998989291780893e-01
8.400000000000000000e+01 8.104371294502881184e-01
8.300000000000000000e+01 8.200709215751581516e-01
8.200000000000000000e+01 8.300542025277164448e-01
8.100000000000000000e+01 8.403532071861913311e-01
8.000000000000000000e+01 8.509454897723154332e-01
7.900000000000000000e+01 8.618178466586094988e-01
7.800000000000000000e+01 8.729642729292612646e-01
7.700000000000000000e+01 8.843845224831217156e-01
7.600000000000000000e+01 8.960828275514327590e-01
7.500000000000000000e+01 9.080670953291256620e-01
7.400000000000000000e+01 9.203482073084923165e-01
7.300000000000000000e+01 9.329396206859253970e-01
7.200000000000000000e+01 9.458570588603512075e-01
7.100000000000000000e+01 9.591183536268437226e-01
7.000000000000000000e+01 9.727432796829338368e-01
6.900000000000000000e+01 9.867535764873157644e-01
6.800000000000000000e+01 1.001172907402413381e+00
6.700000000000000000e+01 1.016026916552837944e+00
6.600000000000000000e+01 1.031343282141921502e+00
6.500000000000000000e+01 1.047151824201012049e+00
6.400000000000000000e+01 1.063484570047845690e+00
6.300000000000000000e+01 1.080375946544518406e+00
6.200000000000000000e+01 1.097862852707771619e+00
6.100000000000000000e+01 1.115984855513491913e+00
6.000000000000000000e+01 1.134784320391479584e+00
5.900000000000000000e+01 1.154306623380432217e+00
5.800000000000000000e+01 1.174600310343364873e+00
5.700000000000000000e+01 1.195717320855323784e+00
5.600000000000000000e+01 1.217713153830735306e+00
5.500000000000000000e+01 1.240647119868999448e+00
5.400000000000000000e+01 1.264582517879855095e+00
5.300000000000000000e+01 1.289586832045815035e+00
5.200000000000000000e+01 1.315731957076371694e+00
5.100000000000000000e+01 1.343094381429523754e+00
5.000000000000000000e+01 1.371755256884116703e+00
