4.000000000000000000e+02 3.448949512057418176e-01
3.990000000000000000e+02 3.448800068928854490e-01
3.980000000000000000e+02 3.448670589575419387e-01
3.970000000000000000e+02 3.448561353647874306e-01
3.960000000000000000e+02 3.448472638475032492e-01
3.950000000000000000e+02 3.448404718816378556e-01
3.940000000000000000e+02 3.448357866606867050e-01
3.930000000000000000e+02 3.448332350695292869e-01
3.920000000000000000e+02 3.448328436574031874e-01
3.910000000000000000e+02 3.448346386100474836e-01
3.900000000000000000e+02 3.448386457213675760e-01
3.890000000000000000e+02 3.448448903639671492e-01
3.880000000000000000e+02 3.448533974590027307e-01
3.870000000000000000e+02 3.448641914453173252e-01
3.860000000000000000e+02 3.448772962476570059e-01
3.850000000000000000e+02 3.448927429889658836e-01
3.840000000000000000e+02 3.449105398617848817e-01
3.830000000000000000e+02 3.449307160080196111e-01
3.820000000000000000e+02 3.449532929721009777e-01
3.810000000000000000e+02 3.449782916138810496e-01
3.800000000000000000e+02 3.450057320718972198e-01
3.790000000000000000e+02 3.450356337256755279e-01
3.780000000000000000e+02 3.450680151571821064e-01
3.770000000000000000e+02 3.451028941113629678e-01
3.760000000000000000e+02 3.451402874557237821e-01
3.750000000000000000e+02 3.451802111390512295e-01
3.740000000000000000e+02 3.452226801492632724e-01
3.730000000000000000e+02 3.452677084701702981e-01
3.720000000000000000e+02 3.453153090374501133e-01
3.710000000000000000e+02 3.453654936936443320e-01
3.700000000000000000e+02 3.454182731421411856e-01
3.690000000000000000e+02 3.454736569003274971e-01
3.680000000000000000e+02 3.455316532515559924e-01
3.670000000000000000e+02 3.455922691964531390e-01
3.660000000000000000e+02 3.456555104029733760e-01
3.650000000000000000e+02 3.457213811556464900e-01
3.640000000000000000e+02 3.457898843037912062e-01
3.630000000000000000e+02 3.458610212087843694e-01
3.620000000000000000e+02 3.459347916901368003e-01
3.610000000000000000e+02 3.460111939709618611e-01
3.600000000000000000e+02 3.460902246221243539e-01
3.590000000000000000e+02 3.461718785055404313e-01
3.580000000000000000e+02 3.462561487164362295e-01
3.570000000000000000e+02 3.463430265245966977e-01
3.560000000000000000e+02 3.464325013147673271e-01
3.550000000000000000e+02 3.465245605258657768e-01
3.540000000000000000e+02 3.466191895892585251e-01
3.530000000000000000e+02 3.467163718662018002e-01
3.520000000000000000e+02 3.468160885841136687e-01
3.510000000000000000e+02 3.469183187718886119e-01
3.500000000000000000e+02 3.470230391945361426e-01
3.490000000000000000e+02 3.471302242862045473e-01
3.480000000000000000e+02 3.472398460831160327e-01
3.470000000000000000e+02 3.473518741547955146e-01
3.460000000000000000e+02 3.474662755348342791e-01
3.450000000000000000e+02 3.475830146505204388e-01
3.440000000000000000e+02 3.477020532515701090e-01
3.430000000000000000e+02 3.478233503382035519e-01
3.420000000000000000e+02 3.479468620879577756e-01
3.410000000000000000e+02 3.480725417819746648e-01
3.400000000000000000e+02 3.482003397302941838e-01
3.390000000000000000e+02 3.483302031963253498e-01
3.380000000000000000e+02 3.484620763207737504e-01
3.370000000000000000e+02 3.485959000442659939e-01
3.360000000000000000e+02 3.487316120300155697e-01
3.350000000000000000e+02 3.488691465849910744e-01
3.340000000000000000e+02 3.490084345810308686e-01
3.330000000000000000e+02 3.491494033750136006e-01
3.320000000000000000e+02 3.492919767284805577e-01
3.310000000000000000e+02 3.494360747268323020e-01
3.300000000000000000e+02 3.495816136978530109e-01
3.290000000000000000e+02 3.497285061298740505e-01
3.280000000000000000e+02 3.498766605896677651e-01
3.270000000000000000e+02 3.500259816396190660e-01
3.260000000000000000e+02 3.501763697549584720e-01
3.250000000000000000e+02 3.503277212407370778e-01
3.240000000000000000e+02 3.504799281483680917e-01
3.230000000000000000e+02 3.506328781924298865e-01
3.220000000000000000e+02 3.507864546672474493e-01
3.210000000000000000e+02 3.509405363635386133e-01
3.200000000000000000e+02 3.510949974853031508e-01
3.190000000000000000e+02 3.512497075669747115e-01
3.180000000000000000e+02 3.514045313907520063e-01
3.170000000000000000e+02 3.515593289044844916e-01
3.160000000000000000e+02 3.517139551402034270e-01
3.150000000000000000e+02 3.518682601329931048e-01
3.140000000000000000e+02 3.520220888410207083e-01
3.130000000000000000e+02 3.521752810661770150e-01
3.120000000000000000e+02 3.523276713758588530e-01
3.110000000000000000e+02 3.524790896698813958e-01
3.100000000000000000e+02 3.526293585298810873e-01
3.090000000000000000e+02 3.527782970059918366e-01
3.080000000000000000e+02 3.529257179710980630e-01
3.070000000000000000e+02 3.530714286930495827e-01
3.060000000000000000e+02 3.532152307657653312e-01
3.050000000000000000e+02 3.533569200424543366e-01
3.040000000000000000e+02 3.534962865713516811e-01
3.030000000000000000e+02 3.536331145337422988e-01
3.020000000000000000e+02 3.537671821850232878e-01
3.010000000000000000e+02 3.538982617984980372e-01
3.000000000000000000e+02 3.540261196125382703e-01
2.990000000000000000e+02 3.541505157811346560e-01
2.980000000000000000e+02 3.542712043280459855e-01
2.970000000000000000e+02 3.543879331051570380e-01
2.960000000000000000e+02 3.545004437548103793e-01
2.950000000000000000e+02 3.546084716765678380e-01
2.940000000000000000e+02 3.547117459991849797e-01
2.930000000000000000e+02 3.548099895571049101e-01
2.920000000000000000e+02 3.549029188727964579e-01
2.910000000000000000e+02 3.549902441445635937e-01
2.900000000000000000e+02 3.550716728235286390e-01
2.890000000000000000e+02 3.551468958271315479e-01
2.880000000000000000e+02 3.552156074885104431e-01
2.870000000000000000e+02 3.552774927254160886e-01
2.860000000000000000e+02 3.553322301699054497e-01
2.850000000000000000e+02 3.553794921979184784e-01
2.840000000000000000e+02 3.554189449672216505e-01
2.830000000000000000e+02 3.554502484639191495e-01
2.820000000000000000e+02 3.554730565580361823e-01
2.810000000000000000e+02 3.554870170686861286e-01
2.800000000000000000e+02 3.554917718390501191e-01
2.790000000000000000e+02 3.554869568218276266e-01
2.780000000000000000e+02 3.554722021753800032e-01
2.770000000000000000e+02 3.554471323712319886e-01
2.760000000000000000e+02 3.554113663133668943e-01
2.750000000000000000e+02 3.553645174693405018e-01
2.740000000000000000e+02 3.553061940146415854e-01
2.730000000000000000e+02 3.552359989895316206e-01
2.720000000000000000e+02 3.551535304700823570e-01
2.710000000000000000e+02 3.550583817528499830e-01
2.700000000000000000e+02 3.549501415543450666e-01
2.690000000000000000e+02 3.548283942254676915e-01
2.680000000000000000e+02 3.546927199814607912e-01
2.670000000000000000e+02 3.545426951478279354e-01
2.660000000000000000e+02 3.543778924227862226e-01
2.650000000000000000e+02 3.541978811564274743e-01
2.640000000000000000e+02 3.540022276475682794e-01
2.630000000000000000e+02 3.537904954579859096e-01
2.620000000000000000e+02 3.535622457451941258e-01
2.610000000000000000e+02 3.533170376137791946e-01
2.600000000000000000e+02 3.530544284857193849e-01
2.590000000000000000e+02 3.527739744900566521e-01
2.580000000000000000e+02 3.524752308725369043e-01
2.570000000000000000e+02 3.521577524250727453e-01
2.560000000000000000e+02 3.518210939358408784e-01
2.550000000000000000e+02 3.514648106598993182e-01
2.540000000000000000e+02 3.510884588107853199e-01
2.530000000000000000e+02 3.506915960731143977e-01
2.520000000000000000e+02 3.502737821366840310e-01
2.510000000000000000e+02 3.498345792516653896e-01
2.500000000000000000e+02 3.493735528056414186e-01
2.490000000000000000e+02 3.488902719219365567e-01
2.480000000000000000e+02 3.483843100793388992e-01
2.470000000000000000e+02 3.478552457537720244e-01
2.460000000000000000e+02 3.473026630805725601e-01
2.450000000000000000e+02 3.467261525385059717e-01
2.440000000000000000e+02 3.461253116542629682e-01
2.430000000000000000e+02 3.454997457277759754e-01
2.420000000000000000e+02 3.448490685773883957e-01
2.410000000000000000e+02 3.441729033051219577e-01
2.400000000000000000e+02 3.434708830808515523e-01
2.390000000000000000e+02 3.427426519449539022e-01
2.380000000000000000e+02 3.419878656293375840e-01
2.370000000000000000e+02 3.412061923948248032e-01
2.360000000000000000e+02 3.403973138853554348e-01
2.350000000000000000e+02 3.395609259973436100e-01
2.340000000000000000e+02 3.386967397629905840e-01
2.330000000000000000e+02 3.378044822469534747e-01
2.320000000000000000e+02 3.368838974549630549e-01
2.310000000000000000e+02 3.359347472529222167e-01
2.300000000000000000e+02 3.349568122950755678e-01
2.290000000000000000e+02 3.339498929597605192e-01
2.280000000000000000e+02 3.329138102919277920e-01
2.270000000000000000e+02 3.318484069488685240e-01
2.260000000000000000e+02 3.307535481496610141e-01
2.250000000000000000e+02 3.296291226245844919e-01
2.240000000000000000e+02 3.284750435639097743e-01
2.230000000000000000e+02 3.272912495628819696e-01
2.220000000000000000e+02 3.260777055616490006e-01
2.210000000000000000e+02 3.248344037777425863e-01
2.200000000000000000e+02 3.235613646282477496e-01
2.190000000000000000e+02 3.222586376404675268e-01
2.180000000000000000e+02 3.209263023474376864e-01
2.170000000000000000e+02 3.195644691667796633e-01
2.160000000000000000e+02 3.181732802600079069e-01
2.150000000000000000e+02 3.167529103695466142e-01
2.140000000000000000e+02 3.153035676317750280e-01
2.130000000000000000e+02 3.138254943622676985e-01
2.120000000000000000e+02 3.123189678114529633e-01
2.110000000000000000e+02 3.107843008884113578e-01
2.100000000000000000e+02 3.092218428489154070e-01
2.090000000000000000e+02 3.076319799465509486e-01
2.080000000000000000e+02 3.060151360439078427e-01
2.070000000000000000e+02 3.043717731808001647e-01
2.060000000000000000e+02 3.027023920979214910e-01
2.050000000000000000e+02 3.010075327134561496e-01
2.040000000000000000e+02 2.992877745495289843e-01
2.030000000000000000e+02 2.975437371075280724e-01
2.020000000000000000e+02 2.957760801898756675e-01
2.010000000000000000e+02 2.939855041655636825e-01
2.000000000000000000e+02 2.921727501787517722e-01
1.990000000000000000e+02 2.903386002984187364e-01
1.980000000000000000e+02 2.884838776072743971e-01
1.970000000000000000e+02 2.866094462289893730e-01
1.960000000000000000e+02 2.847162112932630773e-01
1.950000000000000000e+02 2.828051188362535329e-01
1.940000000000000000e+02 2.808771556374710099e-01
1.930000000000000000e+02 2.789333489921458353e-01
1.920000000000000000e+02 2.769747664175525870e-01
1.910000000000000000e+02 2.750025152966592001e-01
1.900000000000000000e+02 2.730177424548843046e-01
1.890000000000000000e+02 2.710216336751653521e-01
1.880000000000000000e+02 2.690154131491185874e-01
1.870000000000000000e+02 2.670003428660508993e-01
1.860000000000000000e+02 2.649777219428338659e-01
1.850000000000000000e+02 2.629488858940687290e-01
1.840000000000000000e+02 2.609152058460239565e-01
1.830000000000000000e+02 2.588780876965272593e-01
1.820000000000000000e+02 2.568389712221775811e-01
1.810000000000000000e+02 2.547993291382935621e-01
1.800000000000000000e+02 2.527606661104520036e-01
1.790000000000000000e+02 2.507245177262601987e-01
1.780000000000000000e+02 2.486924494262983398e-01
1.770000000000000000e+02 2.466660554006044892e-01
1.760000000000000000e+02 2.446469574545584169e-01
1.750000000000000000e+02 2.426368038470632371e-01
1.740000000000000000e+02 2.406372681082437626e-01
1.730000000000000000e+02 2.386500478371022249e-01
1.720000000000000000e+02 2.366768634890778489e-01
1.710000000000000000e+02 2.347194571537756236e-01
1.700000000000000000e+02 2.327795913312240006e-01
1.690000000000000000e+02 2.308590477102621386e-01
1.680000000000000000e+02 2.289596259545500778e-01
1.670000000000000000e+02 2.270831425026565431e-01
1.660000000000000000e+02 2.252314293852376026e-01
1.650000000000000000e+02 2.234063330674349312e-01
1.640000000000000000e+02 2.216097133202962477e-01
1.630000000000000000e+02 2.198434421264644778e-01
1.620000000000000000e+02 2.181094026262520025e-01
1.610000000000000000e+02 2.164094881095450784e-01
1.600000000000000000e+02 2.147456010559256334e-01
1.590000000000000000e+02 2.131196522343370703e-01
1.580000000000000000e+02 2.115335598573741815e-01
1.570000000000000000e+02 2.099892488068708929e-01
1.560000000000000000e+02 2.084886499233936374e-01
1.550000000000000000e+02 2.070336993739739784e-01
1.540000000000000000e+02 2.056263380954555797e-01
1.530000000000000000e+02 2.042685113213149883e-01
1.520000000000000000e+02 2.029621681927485100e-01
1.510000000000000000e+02 2.017092614622077451e-01
1.500000000000000000e+02 2.005117472845670545e-01
1.490000000000000000e+02 1.993715851090987201e-01
1.480000000000000000e+02 1.982907376663322341e-01
1.470000000000000000e+02 1.972711741334493840e-01
1.460000000000000000e+02 1.963148589701781133e-01
1.450000000000000000e+02 1.954237681060475851e-01
1.440000000000000000e+02 1.945998794038922564e-01
1.430000000000000000e+02 1.938451755226828221e-01
1.420000000000000000e+02 1.931616445429730211e-01
1.410000000000000000e+02 1.925512807073497812e-01
1.400000000000000000e+02 1.920160852704846099e-01
1.390000000000000000e+02 1.915580674654763227e-01
1.380000000000000000e+02 1.911792455852674710e-01
1.370000000000000000e+02 1.908816481779875840e-01
1.360000000000000000e+02 1.906673153613970828e-01
1.350000000000000000e+02 1.905383002510096235e-01
1.340000000000000000e+02 1.904966705116222236e-01
1.330000000000000000e+02 1.905445100219672339e-01
1.320000000000000000e+02 1.906839206648786311e-01
1.310000000000000000e+02 1.909170242364502112e-01
1.300000000000000000e+02 1.912459644769655132e-01
1.290000000000000000e+02 1.916729092307843663e-01
1.280000000000000000e+02 1.922000527304605910e-01
1.270000000000000000e+02 1.928296180152389017e-01
1.260000000000000000e+02 1.935638594766507792e-01
1.250000000000000000e+02 1.944050655511773695e-01
1.240000000000000000e+02 1.953555615511973764e-01
1.230000000000000000e+02 1.964177126466009060e-01
1.220000000000000000e+02 1.975939270065826259e-01
1.210000000000000000e+02 1.988866591024404107e-01
1.200000000000000000e+02 2.002984131913670973e-01
1.190000000000000000e+02 2.018317469848220358e-01
1.180000000000000000e+02 2.034892755210175319e-01
1.170000000000000000e+02 2.052736752519680463e-01
1.160000000000000000e+02 2.071876883666199931e-01
1.150000000000000000e+02 2.092341273680745073e-01
1.140000000000000000e+02 2.114158799325799309e-01
1.130000000000000000e+02 2.137359140670750945e-01
1.120000000000000000e+02 2.161972836032945433e-01
1.110000000000000000e+02 2.188031340568121208e-01
1.100000000000000000e+02 2.215567088864535683e-01
1.090000000000000000e+02 2.244613561952694125e-01
1.080000000000000000e+02 2.275205359164658714e-01
1.070000000000000000e+02 2.307378275299471482e-01
1.060000000000000000e+02 2.341169383679579941e-01
1.050000000000000000e+02 2.376617125558059818e-01
1.040000000000000000e+02 2.413761406592357384e-01
1.030000000000000000e+02 2.452643700985412401e-01
1.020000000000000000e+02 2.493307163962320550e-01
1.010000000000000000e+02 2.535796753385374802e-01
1.000000000000000000e+02 2.580159361234601878e-01
9.900000000000000000e+01 2.626443955761929017e-01
9.800000000000000000e+01 2.674701735166649108e-01
9.700000000000000000e+01 2.724986293652348901e-01
9.600000000000000000e+01 2.777353800710290477e-01
9.500000000000000000e+01 2.831863194540687467e-01
9.400000000000000000e+01 2.888576390394834714e-01
9.300000000000000000e+01 2.947558504806099267e-01
9.200000000000000000e+01 3.008878096413295511e-01
9.100000000000000000e+01 3.072607424075485261e-01
9.000000000000000000e+01 3.138822723188096631e-01
8.900000000000000000e+01 3.207604500490203736e-01
8.800000000000000000e+01 3.279037848002833155e-01
8.700000000000000000e+01 3.353212776482945023e-01
8.600000000000000000e+01 3.430224568381791683e-01
8.500000000000000000e+01 3.510174150512919700e-01
8.400000000000000000e+01 3.593168486006377838e-01
8.300000000000000000e+01 3.679320985458146565e-01
8.200000000000000000e+01 3.768751936153094673e-01
8.100000000000000000e+01 3.861588948953249001e-01
8.000000000000000000e+01 3.957967421183347656e-01
7.900000000000000000e+01 4.058031014552494486e-01
7.800000000000000000e+01 4.161932145994725607e-01
7.700000000000000000e+01 4.269832489714803225e-01
7.600000000000000000e+01 4.381903488193686358e-01
7.500000000000000000e+01 4.498326869793743965e-01
7.400000000000000000e+01 4.619295170338675316e-01
7.300000000000000000e+01 4.745012256213036461e-01
7.200000000000000000e+01 4.875693846153419386e-01
7.100000000000000000e+01 5.011568029358123288e-01
7.000000000000000000e+01 5.152875777334977592e-01
6.900000000000000000e+01 5.299871447660913226e-01
6.800000000000000000e+01 5.452823277688017001e-01
6.700000000000000000e+01 5.612013867684542134e-01
6.600000000000000000e+01 5.777740652666246701e-01
6.500000000000000000e+01 5.950316364063708008e-01
6.400000000000000000e+01 6.130069483242650552e-01
6.300000000000000000e+01 6.317344689896291499e-01
6.200000000000000000e+01 6.512503310952317825e-01
6.100000000000000000e+01 6.715923776480189344e-01
6.000000000000000000e+01 6.928002092178475735e-01
5.900000000000000000e+01 7.149152339660695965e-01
5.800000000000000000e+01 7.379807219125241735e-01
5.700000000000000000e+01 7.620418651491351891e-01
5.600000000000000000e+01 7.871458460377286359e-01
5.500000000000000000e+01 8.133419158095960277e-01
5.400000000000000000e+01 8.406814863369087565e-01
5.300000000000000000e+01 8.692182382359666670e-01
5.200000000000000000e+01 8.990082489925225184e-01
5.100000000000000000e+01 9.301101451552737931e-01
5.000000000000000000e+01 9.625852833329091585e-01
