4.000000000000000000e+02 8.169677125244322324e-01
3.990000000000000000e+02 8.166117433177616514e-01
3.980000000000000000e+02 8.162525018527070353e-01
3.970000000000000000e+02 8.158898535563238186e-01
3.960000000000000000e+02 8.155239089714994005e-01
3.950000000000000000e+02 8.151545850355063072e-01
3.940000000000000000e+02 8.147819262710704891e-01
3.930000000000000000e+02 8.144058220249417168e-01
3.920000000000000000e+02 8.140263380576546748e-01
3.910000000000000000e+02 8.136434372158576345e-01
3.900000000000000000e+02 8.132571206442146261e-01
3.890000000000000000e+02 8.128673496744804883e-01
3.880000000000000000e+02 8.124741346839539080e-01
3.870000000000000000e+02 8.120774657920230011e-01
3.860000000000000000e+02 8.116773205373811750e-01
3.850000000000000000e+02 8.112737051406878619e-01
3.840000000000000000e+02 8.108666130333571642e-01
3.830000000000000000e+02 8.104560396312006088e-01
3.820000000000000000e+02 8.100419813161590099e-01
3.810000000000000000e+02 8.096244376708902069e-01
3.800000000000000000e+02 8.092034093173718912e-01
3.790000000000000000e+02 8.087789000652466642e-01
3.780000000000000000e+02 8.083509036345251086e-01
3.770000000000000000e+02 8.079194333194994471e-01
3.760000000000000000e+02 8.074844947423264196e-01
3.750000000000000000e+02 8.070460922748916577e-01
3.740000000000000000e+02 8.066042359059061306e-01
3.730000000000000000e+02 8.061589460847842226e-01
3.720000000000000000e+02 8.057102211487758847e-01
3.710000000000000000e+02 8.052580846579920903e-01
3.700000000000000000e+02 8.048025480507199347e-01
3.690000000000000000e+02 8.043436341355350017e-01
3.680000000000000000e+02 8.038813657501260312e-01
3.670000000000000000e+02 8.034157498322193058e-01
3.660000000000000000e+02 8.029468265698905816e-01
3.650000000000000000e+02 8.024746157053128659e-01
3.640000000000000000e+02 8.019991458976449827e-01
3.630000000000000000e+02 8.015204454878509521e-01
3.620000000000000000e+02 8.010385474859273991e-01
3.610000000000000000e+02 8.005534883517831934e-01
3.600000000000000000e+02 8.000653022295391992e-01
3.590000000000000000e+02 7.995740267135778012e-01
3.580000000000000000e+02 7.990797032285212875e-01
3.570000000000000000e+02 7.985823627805229696e-01
3.560000000000000000e+02 7.980820831655247583e-01
3.550000000000000000e+02 7.975788819726630230e-01
3.540000000000000000e+02 7.970728190417168957e-01
3.530000000000000000e+02 7.965639356745500832e-01
3.520000000000000000e+02 7.960523005523063578e-01
3.510000000000000000e+02 7.955379652547819314e-01
3.500000000000000000e+02 7.950209865556661093e-01
3.490000000000000000e+02 7.945014147751471301e-01
3.480000000000000000e+02 7.939793505762261505e-01
3.470000000000000000e+02 7.934548046841513047e-01
3.460000000000000000e+02 7.929278756305401243e-01
3.450000000000000000e+02 7.923986543891083922e-01
3.440000000000000000e+02 7.918672059242690686e-01
3.430000000000000000e+02 7.913335194642725501e-01
3.420000000000000000e+02 7.907977646242537739e-01
3.410000000000000000e+02 7.902600148284182335e-01
3.400000000000000000e+02 7.897203234460059562e-01
3.390000000000000000e+02 7.891787844308991717e-01
3.380000000000000000e+02 7.886354815699527787e-01
3.370000000000000000e+02 7.880905002430530493e-01
3.360000000000000000e+02 7.875439245849124026e-01
3.350000000000000000e+02 7.869958770567154760e-01
3.340000000000000000e+02 7.864464042891244899e-01
3.330000000000000000e+02 7.858956276120545592e-01
3.320000000000000000e+02 7.853436577163693810e-01
3.310000000000000000e+02 7.847905970376320983e-01
3.300000000000000000e+02 7.842364471540916870e-01
3.290000000000000000e+02 7.836814488023964298e-01
3.280000000000000000e+02 7.831257033249450217e-01
3.270000000000000000e+02 7.825691399426827344e-01
3.260000000000000000e+02 7.820120372190136893e-01
3.250000000000000000e+02 7.814544535652614421e-01
3.240000000000000000e+02 7.808964922860885949e-01
3.230000000000000000e+02 7.803382894643974277e-01
3.220000000000000000e+02 7.797799299982022259e-01
3.210000000000000000e+02 7.792215413931474766e-01
3.200000000000000000e+02 7.786632150585092171e-01
3.190000000000000000e+02 7.781050898406779437e-01
3.180000000000000000e+02 7.775472730516715947e-01
3.170000000000000000e+02 7.769898894945480583e-01
3.160000000000000000e+02 7.764330475735441439e-01
3.150000000000000000e+02 7.758768734681735779e-01
3.140000000000000000e+02 7.753214471087495063e-01
3.130000000000000000e+02 7.747669441046782790e-01
3.120000000000000000e+02 7.742134253664677557e-01
3.110000000000000000e+02 7.736610653675997096e-01
3.100000000000000000e+02 7.731099475309405333e-01
3.090000000000000000e+02 7.725602000858967644e-01
3.080000000000000000e+02 7.720118953478065649e-01
3.070000000000000000e+02 7.714652454167270079e-01
3.060000000000000000e+02 7.709202627356469550e-01
3.050000000000000000e+02 7.703771399773470252e-01
3.040000000000000000e+02 7.698359464561782550e-01
3.030000000000000000e+02 7.692968079248851954e-01
3.020000000000000000e+02 7.687598492279495987e-01
3.010000000000000000e+02 7.682251224880656260e-01
3.000000000000000000e+02 7.676928769617116233e-01
2.990000000000000000e+02 7.671630442332855182e-01
2.980000000000000000e+02 7.666358325662074868e-01
2.970000000000000000e+02 7.661113254308760112e-01
2.960000000000000000e+02 7.655896136558713039e-01
2.950000000000000000e+02 7.650707988816417560e-01
2.940000000000000000e+02 7.645550182383960003e-01
2.930000000000000000e+02 7.640423396395413791e-01
2.920000000000000000e+02 7.635327884660747522e-01
2.910000000000000000e+02 7.630265618627547486e-01
2.900000000000000000e+02 7.625236818277435491e-01
2.890000000000000000e+02 7.620242820953809781e-01
2.880000000000000000e+02 7.615283713655969233e-01
2.870000000000000000e+02 7.610360574699391867e-01
2.860000000000000000e+02 7.605475434158770476e-01
2.850000000000000000e+02 7.600626976881271757e-01
2.840000000000000000e+02 7.595817051986318846e-01
2.830000000000000000e+02 7.591045758605798888e-01
2.820000000000000000e+02 7.586314507547772257e-01
2.810000000000000000e+02 7.581623439413958110e-01
2.800000000000000000e+02 7.576972749151771325e-01
2.790000000000000000e+02 7.572363406185026458e-01
2.780000000000000000e+02 7.567795838129881547e-01
2.770000000000000000e+02 7.563270478970768318e-01
2.760000000000000000e+02 7.558787384119854957e-01
2.750000000000000000e+02 7.554347573814338412e-01
2.740000000000000000e+02 7.549950883240920119e-01
2.730000000000000000e+02 7.545597897400834198e-01
2.720000000000000000e+02 7.541288460057928855e-01
2.710000000000000000e+02 7.537023074128244016e-01
2.700000000000000000e+02 7.532802081983388520e-01
2.690000000000000000e+02 7.528625229364340754e-01
2.680000000000000000e+02 7.524492786552771095e-01
2.670000000000000000e+02 7.520404876650712556e-01
2.660000000000000000e+02 7.516361432715372715e-01
2.650000000000000000e+02 7.512362360764496261e-01
2.640000000000000000e+02 7.508407661698438540e-01
2.630000000000000000e+02 7.504497326593573270e-01
2.620000000000000000e+02 7.500631266038491063e-01
2.610000000000000000e+02 7.496809012958874918e-01
2.600000000000000000e+02 7.493030936185899327e-01
2.590000000000000000e+02 7.489295727323250773e-01
2.580000000000000000e+02 7.485604315000814468e-01
2.570000000000000000e+02 7.481955787424857673e-01
2.560000000000000000e+02 7.478349966069551824e-01
2.550000000000000000e+02 7.474786472392557224e-01
2.540000000000000000e+02 7.471264889884979832e-01
2.530000000000000000e+02 7.467785010477284713e-01
2.520000000000000000e+02 7.464345978714538310e-01
2.510000000000000000e+02 7.460948120674293360e-01
2.500000000000000000e+02 7.457590508823755959e-01
2.490000000000000000e+02 7.454272424172224687e-01
2.480000000000000000e+02 7.450993942836358075e-01
2.470000000000000000e+02 7.447754331595933808e-01
2.460000000000000000e+02 7.444553313750847945e-01
2.450000000000000000e+02 7.441390315640432629e-01
2.440000000000000000e+02 7.438264935349447882e-01
2.430000000000000000e+02 7.435176739654880684e-01
2.420000000000000000e+02 7.432125402123185287e-01
2.410000000000000000e+02 7.429110427791598692e-01
2.400000000000000000e+02 7.426131601576303476e-01
2.390000000000000000e+02 7.423188624152124993e-01
2.380000000000000000e+02 7.420281079707521377e-01
2.370000000000000000e+02 7.417408917081369513e-01
2.360000000000000000e+02 7.414572192975484866e-01
2.350000000000000000e+02 7.411770582286320019e-01
2.340000000000000000e+02 7.409004096457395550e-01
2.330000000000000000e+02 7.406272836271419191e-01
2.320000000000000000e+02 7.403577092056080611e-01
2.310000000000000000e+02 7.400917164734349685e-01
2.300000000000000000e+02 7.398293623391388740e-01
2.290000000000000000e+02 7.395706481127888310e-01
2.280000000000000000e+02 7.393157222969446440e-01
2.270000000000000000e+02 7.390645904401101918e-01
2.260000000000000000e+02 7.388174028523164516e-01
2.250000000000000000e+02 7.385742493211167048e-01
2.240000000000000000e+02 7.383352461662593402e-01
2.230000000000000000e+02 7.381006217862612351e-01
2.220000000000000000e+02 7.378704749477935643e-01
2.210000000000000000e+02 7.376450400232822391e-01
2.200000000000000000e+02 7.374244943265386709e-01
2.190000000000000000e+02 7.372091227251952317e-01
2.180000000000000000e+02 7.369991816570389265e-01
2.170000000000000000e+02 7.367949559263964332e-01
2.160000000000000000e+02 7.365967956455824472e-01
2.150000000000000000e+02 7.364050216966809836e-01
2.140000000000000000e+02 7.362200468823579813e-01
2.130000000000000000e+02 7.360422624537839020e-01
2.120000000000000000e+02 7.358721221279047597e-01
2.110000000000000000e+02 7.357101048850416269e-01
2.100000000000000000e+02 7.355567315323171540e-01
2.090000000000000000e+02 7.354125250278098491e-01
2.080000000000000000e+02 7.352780913999547030e-01
2.070000000000000000e+02 7.351540394401083756e-01
2.060000000000000000e+02 7.350410117100085738e-01
2.050000000000000000e+02 7.349396854892517039e-01
2.040000000000000000e+02 7.348508560288017355e-01
2.030000000000000000e+02 7.347751880347809239e-01
2.020000000000000000e+02 7.347134998317813581e-01
2.010000000000000000e+02 7.346666117986806466e-01
2.000000000000000000e+02 7.346353780659543586e-01
1.990000000000000000e+02 7.346206659252634275e-01
1.980000000000000000e+02 7.346233759504727789e-01
1.970000000000000000e+02 7.346444579665810659e-01
1.960000000000000000e+02 7.346848322652325125e-01
1.950000000000000000e+02 7.347454392019466818e-01
1.940000000000000000e+02 7.348273509021934213e-01
1.930000000000000000e+02 7.349314554659346355e-01
1.920000000000000000e+02 7.350587768437044645e-01
1.910000000000000000e+02 7.352103008739570011e-01
1.900000000000000000e+02 7.353870136336799757e-01
1.890000000000000000e+02 7.355898789538943827e-01
1.880000000000000000e+02 7.358199022613396423e-01
1.870000000000000000e+02 7.360779373257968494e-01
1.860000000000000000e+02 7.363648303521080907e-01
1.850000000000000000e+02 7.366815917175751904e-01
1.840000000000000000e+02 7.370289636811748757e-01
1.830000000000000000e+02 7.374077282055977456e-01
1.820000000000000000e+02 7.378185917746642453e-01
1.810000000000000000e+02 7.382621950114124365e-01
1.800000000000000000e+02 7.387391336233807282e-01
1.790000000000000000e+02 7.392498871539693317e-01
1.780000000000000000e+02 7.397948966352629885e-01
1.770000000000000000e+02 7.403744862665845305e-01
1.760000000000000000e+02 7.409888860451452341e-01
1.750000000000000000e+02 7.416382151397526989e-01
1.740000000000000000e+02 7.423225686847405580e-01
1.730000000000000000e+02 7.430418597381344137e-01
1.720000000000000000e+02 7.437959210971260005e-01
1.710000000000000000e+02 7.445845022495372056e-01
1.700000000000000000e+02 7.454071764797132182e-01
1.690000000000000000e+02 7.462634889406878358e-01
1.680000000000000000e+02 7.471528296899915267e-01
1.670000000000000000e+02 7.480745852327227441e-01
1.660000000000000000e+02 7.490278551739976143e-01
1.650000000000000000e+02 7.500118064276710683e-01
1.640000000000000000e+02 7.510254449427975487e-01
1.630000000000000000e+02 7.520677239070142628e-01
1.620000000000000000e+02 7.531374834747686098e-01
1.610000000000000000e+02 7.542335448038579582e-01
1.600000000000000000e+02 7.553546142630598315e-01
1.590000000000000000e+02 7.564993616591759729e-01
1.580000000000000000e+02 7.576664801213499612e-01
1.570000000000000000e+02 7.588545271098323663e-01
1.560000000000000000e+02 7.600621177491472258e-01
1.550000000000000000e+02 7.612877939950954964e-01
1.540000000000000000e+02 7.625301816292259227e-01
1.530000000000000000e+02 7.637878754368521150e-01
1.520000000000000000e+02 7.650594966179681267e-01
1.510000000000000000e+02 7.663437291966763709e-01
1.500000000000000000e+02 7.676393408635517890e-01
1.490000000000000000e+02 7.689451179842134998e-01
1.480000000000000000e+02 7.702599809121208896e-01
1.470000000000000000e+02 7.715829014741634184e-01
1.460000000000000000e+02 7.729131521150791606e-01
1.450000000000000000e+02 7.742499432557942152e-01
1.440000000000000000e+02 7.755927228137781126e-01
1.430000000000000000e+02 7.769411670159732664e-01
1.420000000000000000e+02 7.782951487694232950e-01
1.410000000000000000e+02 7.796547511820522969e-01
1.400000000000000000e+02 7.810203395077630617e-01
1.390000000000000000e+02 7.823925530389141958e-01
1.380000000000000000e+02 7.837723410892216691e-01
1.370000000000000000e+02 7.851609728600622562e-01
1.360000000000000000e+02 7.865601363124409273e-01
1.350000000000000000e+02 7.879719206733816206e-01
1.340000000000000000e+02 7.893987487853083573e-01
1.330000000000000000e+02 7.908435818595767053e-01
1.320000000000000000e+02 7.923097703804685699e-01
1.310000000000000000e+02 7.938014008911833397e-01
1.300000000000000000e+02 7.953227171311307853e-01
1.290000000000000000e+02 7.968787180296785788e-01
1.280000000000000000e+02 7.984749093433726186e-01
1.270000000000000000e+02 8.001172319879021888e-01
1.260000000000000000e+02 8.018121945168755760e-01
1.250000000000000000e+02 8.035666264441618800e-01
1.240000000000000000e+02 8.053879134281910490e-01
1.230000000000000000e+02 8.072835117520241743e-01
1.220000000000000000e+02 8.092612790380153687e-01
1.210000000000000000e+02 8.113288873124152589e-01
1.200000000000000000e+02 8.134941746309299893e-01
1.190000000000000000e+02 8.157642446625528176e-01
1.180000000000000000e+02 8.181460970945048095e-01
1.170000000000000000e+02 8.206456116650587829e-01
1.160000000000000000e+02 8.232679022458692097e-01
1.150000000000000000e+02 8.260167079677143143e-01
1.140000000000000000e+02 8.288944401812781138e-01
1.130000000000000000e+02 8.319017802495558556e-01
1.120000000000000000e+02 8.350377384068644604e-01
1.110000000000000000e+02 8.382993749899587677e-01
1.100000000000000000e+02 8.416819857572767072e-01
1.090000000000000000e+02 8.451790595911946591e-01
1.080000000000000000e+02 8.487823471660520536e-01
1.070000000000000000e+02 8.524822947966655962e-01
1.060000000000000000e+02 8.562683068230351191e-01
1.050000000000000000e+02 8.601288446890358319e-01
1.040000000000000000e+02 8.640520512362814820e-01
1.030000000000000000e+02 8.680261096408473653e-01
1.020000000000000000e+02 8.720395727969407762e-01
1.010000000000000000e+02 8.760817697271484628e-01
1.000000000000000000e+02 8.801432603938923460e-01
9.900000000000000000e+01 8.842159021867981306e-01
9.800000000000000000e+01 8.882931248993828355e-01
9.700000000000000000e+01 8.923703226605099736e-01
9.600000000000000000e+01 8.964447441570444486e-01
9.500000000000000000e+01 9.005154589687475175e-01
9.400000000000000000e+01 9.045835898168156364e-01
9.300000000000000000e+01 9.086520686329248031e-01
9.200000000000000000e+01 9.127256027768957392e-01
9.100000000000000000e+01 9.168105914256678979e-01
9.000000000000000000e+01 9.209148963655549025e-01
8.900000000000000000e+01 9.250477609022691450e-01
8.800000000000000000e+01 9.292196657883697863e-01
8.700000000000000000e+01 9.334421360691547154e-01
8.600000000000000000e+01 9.377275757057851324e-01
8.500000000000000000e+01 9.420892201129669186e-01
8.400000000000000000e+01 9.465409304720396877e-01
8.300000000000000000e+01 9.510970978626168693e-01
8.200000000000000000e+01 9.557726794265051229e-01
8.100000000000000000e+01 9.605828020682780632e-01
8.000000000000000000e+01 9.655430177832476923e-01
7.900000000000000000e+01 9.706690375602065046e-01
7.800000000000000000e+01 9.759767982487205229e-01
7.700000000000000000e+01 9.814822326269591057e-01
7.600000000000000000e+01 9.872013620204942441e-01
7.500000000000000000e+01 9.931501651666327923e-01
7.400000000000000000e+01 9.993444963269287884e-01
7.300000000000000000e+01 1.005799934698341946e+00
7.200000000000000000e+01 1.012531707938544523e+00
7.100000000000000000e+01 1.019554408687429747e+00
7.000000000000000000e+01 1.026881753808976949e+00
6.900000000000000000e+01 1.034526170666364875e+00
6.800000000000000000e+01 1.042498253504747341e+00
6.700000000000000000e+01 1.050806067338455829e+00
6.600000000000000000e+01 1.059454095440695243e+00
6.500000000000000000e+01 1.068441983514830440e+00
6.400000000000000000e+01 1.077762896235193057e+00
6.300000000000000000e+01 1.087401687364565550e+00
6.200000000000000000e+01 1.097333754825916552e+00
6.100000000000000000e+01 1.107526882291509640e+00
6.000000000000000000e+01 1.117954011017009863e+00
5.900000000000000000e+01 1.128638394204962703e+00
5.800000000000000000e+01 1.139777869174817493e+00
5.700000000000000000e+01 1.151961422947079594e+00
5.600000000000000000e+01 1.166151793438613415e+00
5.500000000000000000e+01 1.182987064622355033e+00
5.400000000000000000e+01 1.202338415165080665e+00
5.300000000000000000e+01 1.223752806638214397e+00
5.200000000000000000e+01 1.246834357429910778e+00
5.100000000000000000e+01 1.271310040895269555e+00
5.000000000000000000e+01 1.297010018311428592e+00
