4.000000000000000000e+02 8.169677125244317883e-01
3.990000000000000000e+02 8.166117433177618734e-01
3.980000000000000000e+02 8.162525018527072573e-01
3.970000000000000000e+02 8.158898535563235965e-01
3.960000000000000000e+02 8.155239089714991785e-01
3.950000000000000000e+02 8.151545850355065292e-01
3.940000000000000000e+02 8.147819262710702670e-01
3.930000000000000000e+02 8.144058220249421609e-01
3.920000000000000000e+02 8.140263380576552299e-01
3.910000000000000000e+02 8.136434372158576345e-01
3.900000000000000000e+02 8.132571206442150702e-01
3.890000000000000000e+02 8.128673496744804883e-01
3.880000000000000000e+02 8.124741346839536860e-01
3.870000000000000000e+02 8.120774657920233341e-01
3.860000000000000000e+02 8.116773205373807309e-01
3.850000000000000000e+02 8.112737051406885280e-01
3.840000000000000000e+02 8.108666130333573863e-01
3.830000000000000000e+02 8.104560396312003867e-01
3.820000000000000000e+02 8.100419813161593430e-01
3.810000000000000000e+02 8.096244376708898738e-01
3.800000000000000000e+02 8.092034093173717801e-01
3.790000000000000000e+02 8.087789000652466642e-01
3.780000000000000000e+02 8.083509036345253307e-01
3.770000000000000000e+02 8.079194333194990030e-01
3.760000000000000000e+02 8.074844947423264196e-01
3.750000000000000000e+02 8.070460922748916577e-01
3.740000000000000000e+02 8.066042359059067968e-01
3.730000000000000000e+02 8.061589460847846667e-01
3.720000000000000000e+02 8.057102211487762178e-01
3.710000000000000000e+02 8.052580846579924234e-01
3.700000000000000000e+02 8.048025480507197127e-01
3.690000000000000000e+02 8.043436341355354458e-01
3.680000000000000000e+02 8.038813657501255872e-01
3.670000000000000000e+02 8.034157498322191948e-01
3.660000000000000000e+02 8.029468265698903595e-01
3.650000000000000000e+02 8.024746157053131990e-01
3.640000000000000000e+02 8.019991458976447607e-01
3.630000000000000000e+02 8.015204454878509521e-01
3.620000000000000000e+02 8.010385474859275101e-01
3.610000000000000000e+02 8.005534883517831934e-01
3.600000000000000000e+02 8.000653022295388661e-01
3.590000000000000000e+02 7.995740267135772461e-01
3.580000000000000000e+02 7.990797032285215096e-01
3.570000000000000000e+02 7.985823627805230807e-01
3.560000000000000000e+02 7.980820831655242031e-01
3.550000000000000000e+02 7.975788819726625789e-01
3.540000000000000000e+02 7.970728190417164516e-01
3.530000000000000000e+02 7.965639356745499722e-01
3.520000000000000000e+02 7.960523005523065798e-01
3.510000000000000000e+02 7.955379652547814873e-01
3.500000000000000000e+02 7.950209865556659983e-01
3.490000000000000000e+02 7.945014147751469080e-01
3.480000000000000000e+02 7.939793505762267056e-01
3.470000000000000000e+02 7.934548046841506386e-01
3.460000000000000000e+02 7.929278756305401243e-01
3.450000000000000000e+02 7.923986543891086143e-01
3.440000000000000000e+02 7.918672059242692907e-01
3.430000000000000000e+02 7.913335194642726611e-01
3.420000000000000000e+02 7.907977646242537739e-01
3.410000000000000000e+02 7.902600148284179005e-01
3.400000000000000000e+02 7.897203234460059562e-01
3.390000000000000000e+02 7.891787844308993938e-01
3.380000000000000000e+02 7.886354815699530008e-01
3.370000000000000000e+02 7.880905002430527162e-01
3.360000000000000000e+02 7.875439245849126246e-01
3.350000000000000000e+02 7.869958770567156980e-01
3.340000000000000000e+02 7.864464042891240458e-01
3.330000000000000000e+02 7.858956276120538931e-01
3.320000000000000000e+02 7.853436577163692700e-01
3.310000000000000000e+02 7.847905970376322093e-01
3.300000000000000000e+02 7.842364471540917981e-01
3.290000000000000000e+02 7.836814488023964298e-01
3.280000000000000000e+02 7.831257033249446886e-01
3.270000000000000000e+02 7.825691399426827344e-01
3.260000000000000000e+02 7.820120372190136893e-01
3.250000000000000000e+02 7.814544535652611090e-01
3.240000000000000000e+02 7.808964922860891500e-01
3.230000000000000000e+02 7.803382894643975387e-01
3.220000000000000000e+02 7.797799299982021148e-01
3.210000000000000000e+02 7.792215413931476986e-01
3.200000000000000000e+02 7.786632150585092171e-01
3.190000000000000000e+02 7.781050898406779437e-01
3.180000000000000000e+02 7.775472730516712616e-01
3.170000000000000000e+02 7.769898894945478363e-01
3.160000000000000000e+02 7.764330475735440329e-01
3.150000000000000000e+02 7.758768734681733559e-01
3.140000000000000000e+02 7.753214471087497284e-01
3.130000000000000000e+02 7.747669441046788341e-01
3.120000000000000000e+02 7.742134253664680887e-01
3.110000000000000000e+02 7.736610653675997096e-01
3.100000000000000000e+02 7.731099475309406444e-01
3.090000000000000000e+02 7.725602000858966534e-01
3.080000000000000000e+02 7.720118953478065649e-01
3.070000000000000000e+02 7.714652454167264528e-01
3.060000000000000000e+02 7.709202627356472881e-01
3.050000000000000000e+02 7.703771399773473583e-01
3.040000000000000000e+02 7.698359464561780330e-01
3.030000000000000000e+02 7.692968079248849733e-01
3.020000000000000000e+02 7.687598492279493767e-01
3.010000000000000000e+02 7.682251224880656260e-01
3.000000000000000000e+02 7.676928769617115123e-01
2.990000000000000000e+02 7.671630442332851851e-01
2.980000000000000000e+02 7.666358325662081530e-01
2.970000000000000000e+02 7.661113254308765663e-01
2.960000000000000000e+02 7.655896136558714149e-01
2.950000000000000000e+02 7.650707988816415339e-01
2.940000000000000000e+02 7.645550182383960003e-01
2.930000000000000000e+02 7.640423396395417122e-01
2.920000000000000000e+02 7.635327884660747522e-01
2.910000000000000000e+02 7.630265618627546376e-01
2.900000000000000000e+02 7.625236818277437711e-01
2.890000000000000000e+02 7.620242820953807561e-01
2.880000000000000000e+02 7.615283713655973674e-01
2.870000000000000000e+02 7.610360574699394087e-01
2.860000000000000000e+02 7.605475434158768255e-01
2.850000000000000000e+02 7.600626976881273977e-01
2.840000000000000000e+02 7.595817051986314405e-01
2.830000000000000000e+02 7.591045758605796667e-01
2.820000000000000000e+02 7.586314507547773367e-01
2.810000000000000000e+02 7.581623439413954779e-01
2.800000000000000000e+02 7.576972749151771325e-01
2.790000000000000000e+02 7.572363406185027568e-01
2.780000000000000000e+02 7.567795838129883768e-01
2.770000000000000000e+02 7.563270478970770538e-01
2.760000000000000000e+02 7.558787384119854957e-01
2.750000000000000000e+02 7.554347573814338412e-01
2.740000000000000000e+02 7.549950883240916788e-01
2.730000000000000000e+02 7.545597897400833087e-01
2.720000000000000000e+02 7.541288460057933296e-01
2.710000000000000000e+02 7.537023074128247346e-01
2.700000000000000000e+02 7.532802081983384079e-01
2.690000000000000000e+02 7.528625229364339644e-01
2.680000000000000000e+02 7.524492786552767765e-01
2.670000000000000000e+02 7.520404876650713666e-01
2.660000000000000000e+02 7.516361432715373825e-01
2.650000000000000000e+02 7.512362360764491820e-01
2.640000000000000000e+02 7.508407661698439650e-01
2.630000000000000000e+02 7.504497326593573270e-01
2.620000000000000000e+02 7.500631266038491063e-01
2.610000000000000000e+02 7.496809012958878249e-01
2.600000000000000000e+02 7.493030936185902657e-01
2.590000000000000000e+02 7.489295727323249663e-01
2.580000000000000000e+02 7.485604315000812248e-01
2.570000000000000000e+02 7.481955787424862114e-01
2.560000000000000000e+02 7.478349966069549604e-01
2.550000000000000000e+02 7.474786472392557224e-01
2.540000000000000000e+02 7.471264889884980942e-01
2.530000000000000000e+02 7.467785010477282492e-01
2.520000000000000000e+02 7.464345978714539420e-01
2.510000000000000000e+02 7.460948120674293360e-01
2.500000000000000000e+02 7.457590508823748188e-01
2.490000000000000000e+02 7.454272424172224687e-01
2.480000000000000000e+02 7.450993942836362516e-01
2.470000000000000000e+02 7.447754331595937138e-01
2.460000000000000000e+02 7.444553313750847945e-01
2.450000000000000000e+02 7.441390315640433739e-01
2.440000000000000000e+02 7.438264935349447882e-01
2.430000000000000000e+02 7.435176739654880684e-01
2.420000000000000000e+02 7.432125402123186397e-01
2.410000000000000000e+02 7.429110427791599802e-01
2.400000000000000000e+02 7.426131601576306807e-01
2.390000000000000000e+02 7.423188624152120552e-01
2.380000000000000000e+02 7.420281079707521377e-01
2.370000000000000000e+02 7.417408917081370623e-01
2.360000000000000000e+02 7.414572192975488196e-01
2.350000000000000000e+02 7.411770582286317799e-01
2.340000000000000000e+02 7.409004096457396660e-01
2.330000000000000000e+02 7.406272836271425852e-01
2.320000000000000000e+02 7.403577092056081721e-01
2.310000000000000000e+02 7.400917164734350795e-01
2.300000000000000000e+02 7.398293623391387630e-01
2.290000000000000000e+02 7.395706481127888310e-01
2.280000000000000000e+02 7.393157222969446440e-01
2.270000000000000000e+02 7.390645904401101918e-01
2.260000000000000000e+02 7.388174028523165626e-01
2.250000000000000000e+02 7.385742493211163717e-01
2.240000000000000000e+02 7.383352461662592292e-01
2.230000000000000000e+02 7.381006217862612351e-01
2.220000000000000000e+02 7.378704749477936753e-01
2.210000000000000000e+02 7.376450400232817950e-01
2.200000000000000000e+02 7.374244943265385599e-01
2.190000000000000000e+02 7.372091227251958978e-01
2.180000000000000000e+02 7.369991816570391485e-01
2.170000000000000000e+02 7.367949559263957671e-01
2.160000000000000000e+02 7.365967956455826693e-01
2.150000000000000000e+02 7.364050216966810947e-01
2.140000000000000000e+02 7.362200468823579813e-01
2.130000000000000000e+02 7.360422624537837910e-01
2.120000000000000000e+02 7.358721221279047597e-01
2.110000000000000000e+02 7.357101048850418490e-01
2.100000000000000000e+02 7.355567315323173760e-01
2.090000000000000000e+02 7.354125250278095161e-01
2.080000000000000000e+02 7.352780913999544810e-01
2.070000000000000000e+02 7.351540394401083756e-01
2.060000000000000000e+02 7.350410117100083518e-01
2.050000000000000000e+02 7.349396854892515929e-01
2.040000000000000000e+02 7.348508560288019575e-01
2.030000000000000000e+02 7.347751880347807019e-01
2.020000000000000000e+02 7.347134998317816912e-01
2.010000000000000000e+02 7.346666117986803135e-01
2.000000000000000000e+02 7.346353780659543586e-01
1.990000000000000000e+02 7.346206659252634275e-01
1.980000000000000000e+02 7.346233759504727789e-01
1.970000000000000000e+02 7.346444579665818431e-01
1.960000000000000000e+02 7.346848322652326235e-01
1.950000000000000000e+02 7.347454392019466818e-01
1.940000000000000000e+02 7.348273509021933103e-01
1.930000000000000000e+02 7.349314554659343024e-01
1.920000000000000000e+02 7.350587768437045755e-01
1.910000000000000000e+02 7.352103008739568901e-01
1.900000000000000000e+02 7.353870136336801977e-01
1.890000000000000000e+02 7.355898789538943827e-01
1.880000000000000000e+02 7.358199022613391982e-01
1.870000000000000000e+02 7.360779373257970715e-01
1.860000000000000000e+02 7.363648303521079796e-01
1.850000000000000000e+02 7.366815917175750794e-01
1.840000000000000000e+02 7.370289636811750977e-01
1.830000000000000000e+02 7.374077282055975235e-01
1.820000000000000000e+02 7.378185917746643563e-01
1.810000000000000000e+02 7.382621950114123255e-01
1.800000000000000000e+02 7.387391336233802841e-01
1.790000000000000000e+02 7.392498871539692207e-01
1.780000000000000000e+02 7.397948966352634326e-01
1.770000000000000000e+02 7.403744862665843085e-01
1.760000000000000000e+02 7.409888860451452341e-01
1.750000000000000000e+02 7.416382151397528100e-01
1.740000000000000000e+02 7.423225686847404470e-01
1.730000000000000000e+02 7.430418597381347467e-01
1.720000000000000000e+02 7.437959210971258894e-01
1.710000000000000000e+02 7.445845022495367616e-01
1.700000000000000000e+02 7.454071764797132182e-01
1.690000000000000000e+02 7.462634889406878358e-01
1.680000000000000000e+02 7.471528296899915267e-01
1.670000000000000000e+02 7.480745852327228551e-01
1.660000000000000000e+02 7.490278551739976143e-01
1.650000000000000000e+02 7.500118064276715124e-01
1.640000000000000000e+02 7.510254449427971046e-01
1.630000000000000000e+02 7.520677239070142628e-01
1.620000000000000000e+02 7.531374834747690539e-01
1.610000000000000000e+02 7.542335448038584023e-01
1.600000000000000000e+02 7.553546142630603866e-01
1.590000000000000000e+02 7.564993616591760839e-01
1.580000000000000000e+02 7.576664801213499612e-01
1.570000000000000000e+02 7.588545271098322553e-01
1.560000000000000000e+02 7.600621177491472258e-01
1.550000000000000000e+02 7.612877939950957185e-01
1.540000000000000000e+02 7.625301816292261448e-01
1.530000000000000000e+02 7.637878754368518930e-01
1.520000000000000000e+02 7.650594966179676826e-01
1.510000000000000000e+02 7.663437291966762599e-01
1.500000000000000000e+02 7.676393408635517890e-01
1.490000000000000000e+02 7.689451179842136108e-01
1.480000000000000000e+02 7.702599809121211116e-01
1.470000000000000000e+02 7.715829014741635294e-01
1.460000000000000000e+02 7.729131521150791606e-01
1.450000000000000000e+02 7.742499432557941041e-01
1.440000000000000000e+02 7.755927228137782237e-01
1.430000000000000000e+02 7.769411670159733774e-01
1.420000000000000000e+02 7.782951487694232950e-01
1.410000000000000000e+02 7.796547511820522969e-01
1.400000000000000000e+02 7.810203395077630617e-01
1.390000000000000000e+02 7.823925530389144178e-01
1.380000000000000000e+02 7.837723410892212250e-01
1.370000000000000000e+02 7.851609728600620342e-01
1.360000000000000000e+02 7.865601363124414824e-01
1.350000000000000000e+02 7.879719206733811765e-01
1.340000000000000000e+02 7.893987487853083573e-01
1.330000000000000000e+02 7.908435818595771494e-01
1.320000000000000000e+02 7.923097703804685699e-01
1.310000000000000000e+02 7.938014008911835617e-01
1.300000000000000000e+02 7.953227171311305632e-01
1.290000000000000000e+02 7.968787180296788009e-01
1.280000000000000000e+02 7.984749093433717304e-01
1.270000000000000000e+02 8.001172319879026329e-01
1.260000000000000000e+02 8.018121945168756870e-01
1.250000000000000000e+02 8.035666264441618800e-01
1.240000000000000000e+02 8.053879134281908270e-01
1.230000000000000000e+02 8.072835117520247294e-01
1.220000000000000000e+02 8.092612790380153687e-01
1.210000000000000000e+02 8.113288873124153699e-01
1.200000000000000000e+02 8.134941746309304333e-01
1.190000000000000000e+02 8.157642446625518184e-01
1.180000000000000000e+02 8.181460970945048095e-01
1.170000000000000000e+02 8.206456116650588939e-01
1.160000000000000000e+02 8.232679022458689877e-01
1.150000000000000000e+02 8.260167079677147584e-01
1.140000000000000000e+02 8.288944401812786689e-01
1.130000000000000000e+02 8.319017802495558556e-01
1.120000000000000000e+02 8.350377384068640163e-01
1.110000000000000000e+02 8.382993749899591007e-01
1.100000000000000000e+02 8.416819857572759300e-01
1.090000000000000000e+02 8.451790595911944370e-01
1.080000000000000000e+02 8.487823471660518315e-01
1.070000000000000000e+02 8.524822947966655962e-01
1.060000000000000000e+02 8.562683068230347860e-01
1.050000000000000000e+02 8.601288446890354988e-01
1.040000000000000000e+02 8.640520512362812600e-01
1.030000000000000000e+02 8.680261096408474764e-01
1.020000000000000000e+02 8.720395727969401101e-01
1.010000000000000000e+02 8.760817697271481297e-01
1.000000000000000000e+02 8.801432603938922350e-01
9.900000000000000000e+01 8.842159021867980195e-01
9.800000000000000000e+01 8.882931248993831685e-01
9.700000000000000000e+01 8.923703226605101957e-01
9.600000000000000000e+01 8.964447441570440045e-01
9.500000000000000000e+01 9.005154589687472955e-01
9.400000000000000000e+01 9.045835898168156364e-01
9.300000000000000000e+01 9.086520686329248031e-01
9.200000000000000000e+01 9.127256027768964053e-01
9.100000000000000000e+01 9.168105914256674538e-01
9.000000000000000000e+01 9.209148963655553466e-01
8.900000000000000000e+01 9.250477609022691450e-01
8.800000000000000000e+01 9.292196657883700084e-01
8.700000000000000000e+01 9.334421360691549374e-01
8.600000000000000000e+01 9.377275757057853545e-01
8.500000000000000000e+01 9.420892201129669186e-01
8.400000000000000000e+01 9.465409304720403538e-01
8.300000000000000000e+01 9.510970978626162031e-01
8.200000000000000000e+01 9.557726794265057890e-01
8.100000000000000000e+01 9.605828020682782853e-01
8.000000000000000000e+01 9.655430177832479144e-01
7.900000000000000000e+01 9.706690375602067267e-01
7.800000000000000000e+01 9.759767982487203009e-01
7.700000000000000000e+01 9.814822326269602160e-01
7.600000000000000000e+01 9.872013620204946882e-01
7.500000000000000000e+01 9.931501651666325703e-01
7.400000000000000000e+01 9.993444963269283443e-01
7.300000000000000000e+01 1.005799934698341502e+00
7.200000000000000000e+01 1.012531707938544079e+00
7.100000000000000000e+01 1.019554408687429747e+00
7.000000000000000000e+01 1.026881753808976949e+00
6.900000000000000000e+01 1.034526170666365763e+00
6.800000000000000000e+01 1.042498253504747341e+00
6.700000000000000000e+01 1.050806067338456051e+00
6.600000000000000000e+01 1.059454095440694799e+00
6.500000000000000000e+01 1.068441983514831328e+00
6.400000000000000000e+01 1.077762896235193057e+00
6.300000000000000000e+01 1.087401687364565106e+00
6.200000000000000000e+01 1.097333754825916774e+00
6.100000000000000000e+01 1.107526882291509862e+00
6.000000000000000000e+01 1.117954011017010085e+00
5.900000000000000000e+01 1.128638394204962925e+00
5.800000000000000000e+01 1.139777869174817715e+00
5.700000000000000000e+01 1.151961422947080038e+00
5.600000000000000000e+01 1.166151793438613637e+00
5.500000000000000000e+01 1.182987064622354589e+00
5.400000000000000000e+01 1.202338415165081109e+00
5.300000000000000000e+01 1.223752806638213508e+00
5.200000000000000000e+01 1.246834357429910556e+00
5.100000000000000000e+01 1.271310040895268889e+00
5.000000000000000000e+01 1.297010018311427926e+00
