4.000000000000000000e+02 8.310846350399451188e-01
3.990000000000000000e+02 8.310361943209494395e-01
3.980000000000000000e+02 8.309899489692591512e-01
3.970000000000000000e+02 8.309458443817322459e-01
3.960000000000000000e+02 8.309040924983550624e-01
3.950000000000000000e+02 8.308645321715224519e-01
3.940000000000000000e+02 8.308273667440061461e-01
3.930000000000000000e+02 8.307925890366816279e-01
3.920000000000000000e+02 8.307602444600257208e-01
3.910000000000000000e+02 8.307303958284827372e-01
3.900000000000000000e+02 8.307030570580177242e-01
3.890000000000000000e+02 8.306783183610092491e-01
3.880000000000000000e+02 8.306562149746964385e-01
3.870000000000000000e+02 8.306367824960556590e-01
3.860000000000000000e+02 8.306200550991760245e-01
3.850000000000000000e+02 8.306061392623954598e-01
3.840000000000000000e+02 8.305950189037226705e-01
3.830000000000000000e+02 8.305868090337341636e-01
3.820000000000000000e+02 8.305814708626469978e-01
3.810000000000000000e+02 8.305792002893835901e-01
3.800000000000000000e+02 8.305799175587904593e-01
3.790000000000000000e+02 8.305837400267710446e-01
3.780000000000000000e+02 8.305906951117197901e-01
3.770000000000000000e+02 8.306008422333679420e-01
3.760000000000000000e+02 8.306142454589432456e-01
3.750000000000000000e+02 8.306309552232541416e-01
3.740000000000000000e+02 8.306509864923358188e-01
3.730000000000000000e+02 8.306744961383580872e-01
3.720000000000000000e+02 8.307013975411395856e-01
3.710000000000000000e+02 8.307318659075723088e-01
3.700000000000000000e+02 8.307659134637832565e-01
3.690000000000000000e+02 8.308035865751981497e-01
3.680000000000000000e+02 8.308449366449074391e-01
3.670000000000000000e+02 8.308900335017357364e-01
3.660000000000000000e+02 8.309389363002406270e-01
3.650000000000000000e+02 8.309916913838477637e-01
3.640000000000000000e+02 8.310483615419709258e-01
3.630000000000000000e+02 8.311089470616266350e-01
3.620000000000000000e+02 8.311736745839252150e-01
3.610000000000000000e+02 8.312423835230249303e-01
3.600000000000000000e+02 8.313152629042976915e-01
3.590000000000000000e+02 8.313923307779109706e-01
3.580000000000000000e+02 8.314736051388444960e-01
3.570000000000000000e+02 8.315592562320056613e-01
3.560000000000000000e+02 8.316492304469365049e-01
3.550000000000000000e+02 8.317436066927604843e-01
3.540000000000000000e+02 8.318424589653441448e-01
3.530000000000000000e+02 8.319458429142587708e-01
3.520000000000000000e+02 8.320537924731139512e-01
3.510000000000000000e+02 8.321663887818541161e-01
3.500000000000000000e+02 8.322836477940598332e-01
3.490000000000000000e+02 8.324056623194783233e-01
3.480000000000000000e+02 8.325324467627568392e-01
3.470000000000000000e+02 8.326640991709050033e-01
3.460000000000000000e+02 8.328006009188904102e-01
3.450000000000000000e+02 8.329420644251493977e-01
3.440000000000000000e+02 8.330885131690016765e-01
3.430000000000000000e+02 8.332400069089248573e-01
3.420000000000000000e+02 8.333965999123065238e-01
3.410000000000000000e+02 8.335582457588260885e-01
3.400000000000000000e+02 8.337251888964368751e-01
3.390000000000000000e+02 8.338971824753355078e-01
3.380000000000000000e+02 8.340745475081748905e-01
3.370000000000000000e+02 8.342571826055433792e-01
3.360000000000000000e+02 8.344451725144389487e-01
3.350000000000000000e+02 8.346385346368522251e-01
3.340000000000000000e+02 8.348372889126518537e-01
3.330000000000000000e+02 8.350415367290280333e-01
3.320000000000000000e+02 8.352512356179592201e-01
3.310000000000000000e+02 8.354664565840954626e-01
3.300000000000000000e+02 8.356872201735292549e-01
3.290000000000000000e+02 8.359135571749769511e-01
3.280000000000000000e+02 8.361454762674089825e-01
3.270000000000000000e+02 8.363830410234224244e-01
3.260000000000000000e+02 8.366262497646186347e-01
3.250000000000000000e+02 8.368750884415916413e-01
3.240000000000000000e+02 8.371296039533662192e-01
3.230000000000000000e+02 8.373898339566303584e-01
3.220000000000000000e+02 8.376557864737234071e-01
3.210000000000000000e+02 8.379274144110455680e-01
3.200000000000000000e+02 8.382047645162558069e-01
3.190000000000000000e+02 8.384878351995702639e-01
3.180000000000000000e+02 8.387766382132336718e-01
3.170000000000000000e+02 8.390711500363459141e-01
3.160000000000000000e+02 8.393714119751936042e-01
3.150000000000000000e+02 8.396773350303690098e-01
3.140000000000000000e+02 8.399889639843197697e-01
3.130000000000000000e+02 8.403063135853127141e-01
3.120000000000000000e+02 8.406292929896135302e-01
3.110000000000000000e+02 8.409579039694976554e-01
3.100000000000000000e+02 8.412921528793744219e-01
3.090000000000000000e+02 8.416320000360770770e-01
3.080000000000000000e+02 8.419773452528548363e-01
3.070000000000000000e+02 8.423283073833414125e-01
3.060000000000000000e+02 8.426846249591573024e-01
3.050000000000000000e+02 8.430464626090761193e-01
3.040000000000000000e+02 8.434136801931313432e-01
3.030000000000000000e+02 8.437862161798508343e-01
3.020000000000000000e+02 8.441640499649739615e-01
3.010000000000000000e+02 8.445471032886839868e-01
3.000000000000000000e+02 8.449352996354766443e-01
2.990000000000000000e+02 8.453285866896934619e-01
2.980000000000000000e+02 8.457269077707115779e-01
2.970000000000000000e+02 8.461301784988345398e-01
2.960000000000000000e+02 8.465382788694886251e-01
2.950000000000000000e+02 8.469511633794495342e-01
2.940000000000000000e+02 8.473687396944760142e-01
2.930000000000000000e+02 8.477908463034158348e-01
2.920000000000000000e+02 8.482175526110563579e-01
2.910000000000000000e+02 8.486485659130977854e-01
2.900000000000000000e+02 8.490839063356785399e-01
2.890000000000000000e+02 8.495233946815973214e-01
2.880000000000000000e+02 8.499669221599319702e-01
2.870000000000000000e+02 8.504143928106964179e-01
2.860000000000000000e+02 8.508656589651429902e-01
2.850000000000000000e+02 8.513205961175998038e-01
2.840000000000000000e+02 8.517790530649141933e-01
2.830000000000000000e+02 8.522409230022202076e-01
2.820000000000000000e+02 8.527060303240598937e-01
2.810000000000000000e+02 8.531742266574665612e-01
2.800000000000000000e+02 8.536453954427313251e-01
2.790000000000000000e+02 8.541192931419120393e-01
2.780000000000000000e+02 8.545958445547729987e-01
2.770000000000000000e+02 8.550748203457803065e-01
2.760000000000000000e+02 8.555560825481292042e-01
2.750000000000000000e+02 8.560394378579068153e-01
2.740000000000000000e+02 8.565247095869413796e-01
2.730000000000000000e+02 8.570116828993548097e-01
2.720000000000000000e+02 8.575001704155860160e-01
2.710000000000000000e+02 8.579900507476079241e-01
2.700000000000000000e+02 8.584810207590151121e-01
2.690000000000000000e+02 8.589728641626284134e-01
2.680000000000000000e+02 8.594655149210737033e-01
2.670000000000000000e+02 8.599586398175449453e-01
2.660000000000000000e+02 8.604519659454936686e-01
2.650000000000000000e+02 8.609454163635869017e-01
2.640000000000000000e+02 8.614385974219780362e-01
2.630000000000000000e+02 8.619314057270264229e-01
2.620000000000000000e+02 8.624235718252105665e-01
2.610000000000000000e+02 8.629147604550375661e-01
2.600000000000000000e+02 8.634048589559140119e-01
2.590000000000000000e+02 8.638935305718892232e-01
2.580000000000000000e+02 8.643805412923671883e-01
2.570000000000000000e+02 8.648656254797155718e-01
2.560000000000000000e+02 8.653485350044024527e-01
2.550000000000000000e+02 8.658289664322127432e-01
2.540000000000000000e+02 8.663066639410066383e-01
2.530000000000000000e+02 8.667814172337340306e-01
2.520000000000000000e+02 8.672527826389493377e-01
2.510000000000000000e+02 8.677205743361044998e-01
2.500000000000000000e+02 8.681845142746784649e-01
2.490000000000000000e+02 8.686442975096539953e-01
2.480000000000000000e+02 8.690996214625323901e-01
2.470000000000000000e+02 8.695501895954951266e-01
2.460000000000000000e+02 8.699957023545032975e-01
2.450000000000000000e+02 8.704358161919686365e-01
2.440000000000000000e+02 8.708702768666440885e-01
2.430000000000000000e+02 8.712987573538570896e-01
2.420000000000000000e+02 8.717208991433381682e-01
2.410000000000000000e+02 8.721364363026461453e-01
2.400000000000000000e+02 8.725450336509249505e-01
2.390000000000000000e+02 8.729463537853439092e-01
2.380000000000000000e+02 8.733401128480741127e-01
2.370000000000000000e+02 8.737259535278015798e-01
2.360000000000000000e+02 8.741035634257954268e-01
2.350000000000000000e+02 8.744726123976528376e-01
2.340000000000000000e+02 8.748327673528590864e-01
2.330000000000000000e+02 8.751837220077783863e-01
2.320000000000000000e+02 8.755251304155448056e-01
2.310000000000000000e+02 8.758566998341890120e-01
2.300000000000000000e+02 8.761780655918656180e-01
2.290000000000000000e+02 8.764889495698923172e-01
2.280000000000000000e+02 8.767890121484928079e-01
2.270000000000000000e+02 8.770779398735464305e-01
2.260000000000000000e+02 8.773554274115924478e-01
2.250000000000000000e+02 8.776211259495049211e-01
2.240000000000000000e+02 8.778748350227630892e-01
2.230000000000000000e+02 8.781161917316365750e-01
2.220000000000000000e+02 8.783449148075701540e-01
2.210000000000000000e+02 8.785607319450504660e-01
2.200000000000000000e+02 8.787633788174451510e-01
2.190000000000000000e+02 8.789525760511410768e-01
2.180000000000000000e+02 8.791281094038407851e-01
2.170000000000000000e+02 8.792897152388544635e-01
2.160000000000000000e+02 8.794371705023842356e-01
2.150000000000000000e+02 8.795702912838538889e-01
2.140000000000000000e+02 8.796888194872461986e-01
2.130000000000000000e+02 8.797926897072306796e-01
2.120000000000000000e+02 8.798816779219497120e-01
2.110000000000000000e+02 8.799556292389398848e-01
2.100000000000000000e+02 8.800144351809373600e-01
2.090000000000000000e+02 8.800580105941004927e-01
2.080000000000000000e+02 8.800862913217767369e-01
2.070000000000000000e+02 8.800991883295286033e-01
2.060000000000000000e+02 8.800967096853998806e-01
2.050000000000000000e+02 8.800788583064149684e-01
2.040000000000000000e+02 8.800456530305273972e-01
2.030000000000000000e+02 8.799971624901877787e-01
2.020000000000000000e+02 8.799335064511953908e-01
2.010000000000000000e+02 8.798547032715968719e-01
2.000000000000000000e+02 8.797609723623225353e-01
1.990000000000000000e+02 8.796525120968532452e-01
1.980000000000000000e+02 8.795295584524120969e-01
1.970000000000000000e+02 8.793921893588518834e-01
1.960000000000000000e+02 8.792408583334956340e-01
1.950000000000000000e+02 8.790758239601641488e-01
1.940000000000000000e+02 8.788973678214080376e-01
1.930000000000000000e+02 8.787059075438821143e-01
1.920000000000000000e+02 8.785018301767482107e-01
1.910000000000000000e+02 8.782854978508963795e-01
1.900000000000000000e+02 8.780573487796538013e-01
1.890000000000000000e+02 8.778179577875728778e-01
1.880000000000000000e+02 8.775676321602063901e-01
1.870000000000000000e+02 8.773069416396971354e-01
1.860000000000000000e+02 8.770363566564463031e-01
1.850000000000000000e+02 8.767564112010799438e-01
1.840000000000000000e+02 8.764675241759228852e-01
1.830000000000000000e+02 8.761701983650772574e-01
1.820000000000000000e+02 8.758649455956195595e-01
1.810000000000000000e+02 8.755522653519377529e-01
1.800000000000000000e+02 8.752325215894122268e-01
1.790000000000000000e+02 8.749061577484525953e-01
1.780000000000000000e+02 8.745735477692246906e-01
1.770000000000000000e+02 8.742350433990860870e-01
1.760000000000000000e+02 8.738908801383640235e-01
1.750000000000000000e+02 8.735413734840290489e-01
1.740000000000000000e+02 8.731866832925615496e-01
1.730000000000000000e+02 8.728269303352385045e-01
1.720000000000000000e+02 8.724621594243184841e-01
1.710000000000000000e+02 8.720924040208501982e-01
1.700000000000000000e+02 8.717175585959366924e-01
1.690000000000000000e+02 8.713374823833389682e-01
1.680000000000000000e+02 8.709519206714209094e-01
1.670000000000000000e+02 8.705605342233735389e-01
1.660000000000000000e+02 8.701630325634788221e-01
1.650000000000000000e+02 8.697588591041044426e-01
1.640000000000000000e+02 8.693474820190286723e-01
1.630000000000000000e+02 8.689283154441992396e-01
1.620000000000000000e+02 8.685006114120381593e-01
1.610000000000000000e+02 8.680636836883710572e-01
1.600000000000000000e+02 8.676165772906000440e-01
1.590000000000000000e+02 8.671584976495430030e-01
1.580000000000000000e+02 8.666884537337865568e-01
1.570000000000000000e+02 8.662054835240833306e-01
1.560000000000000000e+02 8.657084712021532180e-01
1.550000000000000000e+02 8.651964339721021080e-01
1.540000000000000000e+02 8.646681848493981137e-01
1.530000000000000000e+02 8.641226926699288047e-01
1.520000000000000000e+02 8.635587306843911515e-01
1.510000000000000000e+02 8.629752951139888495e-01
1.500000000000000000e+02 8.623711886278772054e-01
1.490000000000000000e+02 8.617453790627763732e-01
1.480000000000000000e+02 8.610968214675897014e-01
1.470000000000000000e+02 8.604245558722015685e-01
1.460000000000000000e+02 8.597277018339442023e-01
1.450000000000000000e+02 8.590054130376441055e-01
1.440000000000000000e+02 8.582570237458044815e-01
1.430000000000000000e+02 8.574820399449857300e-01
1.420000000000000000e+02 8.566800426465021046e-01
1.410000000000000000e+02 8.558507746552894702e-01
1.400000000000000000e+02 8.549943776752476632e-01
1.390000000000000000e+02 8.541110352630526537e-01
1.380000000000000000e+02 8.532013133033161667e-01
1.370000000000000000e+02 8.522661297954686743e-01
1.360000000000000000e+02 8.513066565923157469e-01
1.350000000000000000e+02 8.503245556739401634e-01
1.340000000000000000e+02 8.493219097212043600e-01
1.330000000000000000e+02 8.483012675930038382e-01
1.320000000000000000e+02 8.472657626096840033e-01
1.310000000000000000e+02 8.462190754999044939e-01
1.300000000000000000e+02 8.451654220650535176e-01
1.290000000000000000e+02 8.441099313550010086e-01
1.280000000000000000e+02 8.430581700052186545e-01
1.270000000000000000e+02 8.420164829224657810e-01
1.260000000000000000e+02 8.409921261839630180e-01
1.250000000000000000e+02 8.399928045358355799e-01
1.240000000000000000e+02 8.390272730491535880e-01
1.230000000000000000e+02 8.381046834053795802e-01
1.220000000000000000e+02 8.372349851196674297e-01
1.210000000000000000e+02 8.364284309035305842e-01
1.200000000000000000e+02 8.356960413390027709e-01
1.190000000000000000e+02 8.350487906000070293e-01
1.180000000000000000e+02 8.344979785840668240e-01
1.170000000000000000e+02 8.340547517130290078e-01
1.160000000000000000e+02 8.337297935276922756e-01
1.150000000000000000e+02 8.335335314236311799e-01
1.140000000000000000e+02 8.334755055613499719e-01
1.130000000000000000e+02 8.335644051452335557e-01
1.120000000000000000e+02 8.338077829317001033e-01
1.110000000000000000e+02 8.342120142222759771e-01
1.100000000000000000e+02 8.347820504875558267e-01
1.090000000000000000e+02 8.355216195513023303e-01
1.080000000000000000e+02 8.364331116221804807e-01
1.070000000000000000e+02 8.375176583576526834e-01
1.060000000000000000e+02 8.387753219655642578e-01
1.050000000000000000e+02 8.402053585040205608e-01
1.040000000000000000e+02 8.418064234350712827e-01
1.030000000000000000e+02 8.435766142611035301e-01
1.020000000000000000e+02 8.455140228946840253e-01
1.010000000000000000e+02 8.476169157393400599e-01
1.000000000000000000e+02 8.498838130972965477e-01
9.900000000000000000e+01 8.523138626283651709e-01
9.800000000000000000e+01 8.549068024851935732e-01
9.700000000000000000e+01 8.576634817658578269e-01
9.600000000000000000e+01 8.605853478356628727e-01
9.500000000000000000e+01 8.636750200188803017e-01
9.400000000000000000e+01 8.669360610921732491e-01
9.300000000000000000e+01 8.703730211348571499e-01
9.200000000000000000e+01 8.739913667842196254e-01
9.100000000000000000e+01 8.777974999155497837e-01
9.000000000000000000e+01 8.817986269038623481e-01
8.900000000000000000e+01 8.860027326571418005e-01
8.800000000000000000e+01 8.904185035336686926e-01
8.700000000000000000e+01 8.950553172853245032e-01
8.600000000000000000e+01 8.999230406709112229e-01
8.500000000000000000e+01 9.050321166649563098e-01
8.400000000000000000e+01 9.103934769392721948e-01
8.300000000000000000e+01 9.160184481282047653e-01
8.200000000000000000e+01 9.219187749654982333e-01
8.100000000000000000e+01 9.281065684169998997e-01
8.000000000000000000e+01 9.345943148945417001e-01
7.900000000000000000e+01 9.413948182340370341e-01
7.800000000000000000e+01 9.485212308166486306e-01
7.700000000000000000e+01 9.559870341473389876e-01
7.600000000000000000e+01 9.638060564031472044e-01
7.500000000000000000e+01 9.719924195597778871e-01
7.400000000000000000e+01 9.805606547827410147e-01
7.300000000000000000e+01 9.895255662902177063e-01
7.200000000000000000e+01 9.989023189257495439e-01
7.100000000000000000e+01 1.008706410194679215e+00
7.000000000000000000e+01 1.018953548291816391e+00
6.900000000000000000e+01 1.029659719682723074e+00
6.800000000000000000e+01 1.040840983640632933e+00
6.700000000000000000e+01 1.052513397576274379e+00
6.600000000000000000e+01 1.064692711818435944e+00
6.500000000000000000e+01 1.077394083064265873e+00
6.400000000000000000e+01 1.090631540269543676e+00
6.300000000000000000e+01 1.104417280851218708e+00
6.200000000000000000e+01 1.118760606182502837e+00
6.100000000000000000e+01 1.133666409346580251e+00
6.000000000000000000e+01 1.149132977805419120e+00
5.900000000000000000e+01 1.165149045753387957e+00
5.800000000000000000e+01 1.181689509656093984e+00
5.700000000000000000e+01 1.198709803590391143e+00
5.600000000000000000e+01 1.216138693496233936e+00
5.500000000000000000e+01 1.233869822407890116e+00
5.400000000000000000e+01 1.251753457359309651e+00
5.300000000000000000e+01 1.269592024249486029e+00
5.200000000000000000e+01 1.287146207719736424e+00
5.100000000000000000e+01 1.304164179962657100e+00
5.000000000000000000e+01 1.320455490621562200e+00
