4.000000000000000000e+02 8.310846350399451188e-01
3.990000000000000000e+02 8.310361943209493285e-01
3.980000000000000000e+02 8.309899489692592622e-01
3.970000000000000000e+02 8.309458443817329121e-01
3.960000000000000000e+02 8.309040924983543963e-01
3.950000000000000000e+02 8.308645321715216747e-01
3.940000000000000000e+02 8.308273667440062571e-01
3.930000000000000000e+02 8.307925890366816279e-01
3.920000000000000000e+02 8.307602444600262759e-01
3.910000000000000000e+02 8.307303958284826262e-01
3.900000000000000000e+02 8.307030570580182793e-01
3.890000000000000000e+02 8.306783183610092491e-01
3.880000000000000000e+02 8.306562149746964385e-01
3.870000000000000000e+02 8.306367824960554369e-01
3.860000000000000000e+02 8.306200550991764686e-01
3.850000000000000000e+02 8.306061392623953488e-01
3.840000000000000000e+02 8.305950189037227815e-01
3.830000000000000000e+02 8.305868090337337195e-01
3.820000000000000000e+02 8.305814708626473308e-01
3.810000000000000000e+02 8.305792002893833681e-01
3.800000000000000000e+02 8.305799175587904593e-01
3.790000000000000000e+02 8.305837400267709336e-01
3.780000000000000000e+02 8.305906951117197901e-01
3.770000000000000000e+02 8.306008422333684971e-01
3.760000000000000000e+02 8.306142454589432456e-01
3.750000000000000000e+02 8.306309552232546967e-01
3.740000000000000000e+02 8.306509864923355968e-01
3.730000000000000000e+02 8.306744961383583092e-01
3.720000000000000000e+02 8.307013975411395856e-01
3.710000000000000000e+02 8.307318659075723088e-01
3.700000000000000000e+02 8.307659134637834786e-01
3.690000000000000000e+02 8.308035865751984828e-01
3.680000000000000000e+02 8.308449366449074391e-01
3.670000000000000000e+02 8.308900335017355143e-01
3.660000000000000000e+02 8.309389363002409601e-01
3.650000000000000000e+02 8.309916913838479857e-01
3.640000000000000000e+02 8.310483615419712589e-01
3.630000000000000000e+02 8.311089470616261909e-01
3.620000000000000000e+02 8.311736745839252150e-01
3.610000000000000000e+02 8.312423835230249303e-01
3.600000000000000000e+02 8.313152629042975805e-01
3.590000000000000000e+02 8.313923307779111926e-01
3.580000000000000000e+02 8.314736051388447180e-01
3.570000000000000000e+02 8.315592562320057723e-01
3.560000000000000000e+02 8.316492304469368380e-01
3.550000000000000000e+02 8.317436066927602623e-01
3.540000000000000000e+02 8.318424589653440338e-01
3.530000000000000000e+02 8.319458429142587708e-01
3.520000000000000000e+02 8.320537924731142843e-01
3.510000000000000000e+02 8.321663887818538941e-01
3.500000000000000000e+02 8.322836477940596112e-01
3.490000000000000000e+02 8.324056623194784343e-01
3.480000000000000000e+02 8.325324467627570613e-01
3.470000000000000000e+02 8.326640991709053363e-01
3.460000000000000000e+02 8.328006009188907433e-01
3.450000000000000000e+02 8.329420644251493977e-01
3.440000000000000000e+02 8.330885131690016765e-01
3.430000000000000000e+02 8.332400069089245243e-01
3.420000000000000000e+02 8.333965999123065238e-01
3.410000000000000000e+02 8.335582457588256444e-01
3.400000000000000000e+02 8.337251888964364310e-01
3.390000000000000000e+02 8.338971824753353967e-01
3.380000000000000000e+02 8.340745475081751126e-01
3.370000000000000000e+02 8.342571826055437123e-01
3.360000000000000000e+02 8.344451725144390597e-01
3.350000000000000000e+02 8.346385346368520031e-01
3.340000000000000000e+02 8.348372889126512986e-01
3.330000000000000000e+02 8.350415367290282553e-01
3.320000000000000000e+02 8.352512356179589981e-01
3.310000000000000000e+02 8.354664565840952406e-01
3.300000000000000000e+02 8.356872201735288108e-01
3.290000000000000000e+02 8.359135571749775062e-01
3.280000000000000000e+02 8.361454762674083163e-01
3.270000000000000000e+02 8.363830410234223134e-01
3.260000000000000000e+02 8.366262497646184126e-01
3.250000000000000000e+02 8.368750884415915303e-01
3.240000000000000000e+02 8.371296039533657751e-01
3.230000000000000000e+02 8.373898339566302473e-01
3.220000000000000000e+02 8.376557864737234071e-01
3.210000000000000000e+02 8.379274144110455680e-01
3.200000000000000000e+02 8.382047645162560290e-01
3.190000000000000000e+02 8.384878351995707080e-01
3.180000000000000000e+02 8.387766382132334497e-01
3.170000000000000000e+02 8.390711500363456921e-01
3.160000000000000000e+02 8.393714119751942704e-01
3.150000000000000000e+02 8.396773350303692318e-01
3.140000000000000000e+02 8.399889639843202138e-01
3.130000000000000000e+02 8.403063135853124921e-01
3.120000000000000000e+02 8.406292929896135302e-01
3.110000000000000000e+02 8.409579039694978775e-01
3.100000000000000000e+02 8.412921528793747550e-01
3.090000000000000000e+02 8.416320000360775211e-01
3.080000000000000000e+02 8.419773452528551694e-01
3.070000000000000000e+02 8.423283073833416346e-01
3.060000000000000000e+02 8.426846249591573024e-01
3.050000000000000000e+02 8.430464626090761193e-01
3.040000000000000000e+02 8.434136801931306771e-01
3.030000000000000000e+02 8.437862161798507232e-01
3.020000000000000000e+02 8.441640499649737395e-01
3.010000000000000000e+02 8.445471032886836538e-01
3.000000000000000000e+02 8.449352996354764223e-01
2.990000000000000000e+02 8.453285866896939060e-01
2.980000000000000000e+02 8.457269077707115779e-01
2.970000000000000000e+02 8.461301784988345398e-01
2.960000000000000000e+02 8.465382788694887362e-01
2.950000000000000000e+02 8.469511633794490901e-01
2.940000000000000000e+02 8.473687396944760142e-01
2.930000000000000000e+02 8.477908463034158348e-01
2.920000000000000000e+02 8.482175526110562469e-01
2.910000000000000000e+02 8.486485659130975634e-01
2.900000000000000000e+02 8.490839063356783178e-01
2.890000000000000000e+02 8.495233946815968773e-01
2.880000000000000000e+02 8.499669221599321922e-01
2.870000000000000000e+02 8.504143928106960848e-01
2.860000000000000000e+02 8.508656589651429902e-01
2.850000000000000000e+02 8.513205961175995817e-01
2.840000000000000000e+02 8.517790530649136382e-01
2.830000000000000000e+02 8.522409230022200965e-01
2.820000000000000000e+02 8.527060303240596717e-01
2.810000000000000000e+02 8.531742266574670053e-01
2.800000000000000000e+02 8.536453954427313251e-01
2.790000000000000000e+02 8.541192931419118173e-01
2.780000000000000000e+02 8.545958445547729987e-01
2.770000000000000000e+02 8.550748203457798624e-01
2.760000000000000000e+02 8.555560825481295373e-01
2.750000000000000000e+02 8.560394378579067043e-01
2.740000000000000000e+02 8.565247095869416016e-01
2.730000000000000000e+02 8.570116828993548097e-01
2.720000000000000000e+02 8.575001704155860160e-01
2.710000000000000000e+02 8.579900507476080351e-01
2.700000000000000000e+02 8.584810207590150011e-01
2.690000000000000000e+02 8.589728641626283023e-01
2.680000000000000000e+02 8.594655149210735923e-01
2.670000000000000000e+02 8.599586398175446122e-01
2.660000000000000000e+02 8.604519659454932246e-01
2.650000000000000000e+02 8.609454163635867907e-01
2.640000000000000000e+02 8.614385974219782582e-01
2.630000000000000000e+02 8.619314057270266449e-01
2.620000000000000000e+02 8.624235718252099003e-01
2.610000000000000000e+02 8.629147604550375661e-01
2.600000000000000000e+02 8.634048589559137898e-01
2.590000000000000000e+02 8.638935305718892232e-01
2.580000000000000000e+02 8.643805412923675213e-01
2.570000000000000000e+02 8.648656254797152387e-01
2.560000000000000000e+02 8.653485350044028968e-01
2.550000000000000000e+02 8.658289664322126322e-01
2.540000000000000000e+02 8.663066639410068603e-01
2.530000000000000000e+02 8.667814172337344747e-01
2.520000000000000000e+02 8.672527826389491157e-01
2.510000000000000000e+02 8.677205743361043888e-01
2.500000000000000000e+02 8.681845142746789090e-01
2.490000000000000000e+02 8.686442975096535513e-01
2.480000000000000000e+02 8.690996214625326122e-01
2.470000000000000000e+02 8.695501895954953486e-01
2.460000000000000000e+02 8.699957023545030754e-01
2.450000000000000000e+02 8.704358161919685255e-01
2.440000000000000000e+02 8.708702768666440885e-01
2.430000000000000000e+02 8.712987573538570896e-01
2.420000000000000000e+02 8.717208991433382792e-01
2.410000000000000000e+02 8.721364363026457012e-01
2.400000000000000000e+02 8.725450336509251725e-01
2.390000000000000000e+02 8.729463537853442423e-01
2.380000000000000000e+02 8.733401128480746678e-01
2.370000000000000000e+02 8.737259535278013578e-01
2.360000000000000000e+02 8.741035634257950937e-01
2.350000000000000000e+02 8.744726123976528376e-01
2.340000000000000000e+02 8.748327673528587534e-01
2.330000000000000000e+02 8.751837220077787194e-01
2.320000000000000000e+02 8.755251304155445835e-01
2.310000000000000000e+02 8.758566998341890120e-01
2.300000000000000000e+02 8.761780655918660621e-01
2.290000000000000000e+02 8.764889495698923172e-01
2.280000000000000000e+02 8.767890121484929189e-01
2.270000000000000000e+02 8.770779398735462085e-01
2.260000000000000000e+02 8.773554274115920038e-01
2.250000000000000000e+02 8.776211259495051431e-01
2.240000000000000000e+02 8.778748350227630892e-01
2.230000000000000000e+02 8.781161917316366861e-01
2.220000000000000000e+02 8.783449148075703761e-01
2.210000000000000000e+02 8.785607319450502439e-01
2.200000000000000000e+02 8.787633788174452620e-01
2.190000000000000000e+02 8.789525760511401886e-01
2.180000000000000000e+02 8.791281094038406740e-01
2.170000000000000000e+02 8.792897152388544635e-01
2.160000000000000000e+02 8.794371705023844576e-01
2.150000000000000000e+02 8.795702912838536669e-01
2.140000000000000000e+02 8.796888194872461986e-01
2.130000000000000000e+02 8.797926897072303465e-01
2.120000000000000000e+02 8.798816779219499340e-01
2.110000000000000000e+02 8.799556292389394407e-01
2.100000000000000000e+02 8.800144351809375820e-01
2.090000000000000000e+02 8.800580105941006037e-01
2.080000000000000000e+02 8.800862913217767369e-01
2.070000000000000000e+02 8.800991883295287144e-01
2.060000000000000000e+02 8.800967096854006577e-01
2.050000000000000000e+02 8.800788583064149684e-01
2.040000000000000000e+02 8.800456530305269531e-01
2.030000000000000000e+02 8.799971624901877787e-01
2.020000000000000000e+02 8.799335064511956128e-01
2.010000000000000000e+02 8.798547032715963168e-01
2.000000000000000000e+02 8.797609723623225353e-01
1.990000000000000000e+02 8.796525120968534672e-01
1.980000000000000000e+02 8.795295584524123189e-01
1.970000000000000000e+02 8.793921893588519945e-01
1.960000000000000000e+02 8.792408583334959671e-01
1.950000000000000000e+02 8.790758239601639268e-01
1.940000000000000000e+02 8.788973678214084817e-01
1.930000000000000000e+02 8.787059075438818923e-01
1.920000000000000000e+02 8.785018301767486548e-01
1.910000000000000000e+02 8.782854978508963795e-01
1.900000000000000000e+02 8.780573487796536902e-01
1.890000000000000000e+02 8.778179577875733219e-01
1.880000000000000000e+02 8.775676321602058350e-01
1.870000000000000000e+02 8.773069416396969133e-01
1.860000000000000000e+02 8.770363566564463031e-01
1.850000000000000000e+02 8.767564112010797217e-01
1.840000000000000000e+02 8.764675241759225521e-01
1.830000000000000000e+02 8.761701983650770353e-01
1.820000000000000000e+02 8.758649455956196705e-01
1.810000000000000000e+02 8.755522653519377529e-01
1.800000000000000000e+02 8.752325215894121158e-01
1.790000000000000000e+02 8.749061577484529284e-01
1.780000000000000000e+02 8.745735477692249127e-01
1.770000000000000000e+02 8.742350433990858649e-01
1.760000000000000000e+02 8.738908801383640235e-01
1.750000000000000000e+02 8.735413734840292710e-01
1.740000000000000000e+02 8.731866832925615496e-01
1.730000000000000000e+02 8.728269303352391706e-01
1.720000000000000000e+02 8.724621594243182621e-01
1.710000000000000000e+02 8.720924040208505312e-01
1.700000000000000000e+02 8.717175585959363593e-01
1.690000000000000000e+02 8.713374823833390792e-01
1.680000000000000000e+02 8.709519206714207984e-01
1.670000000000000000e+02 8.705605342233735389e-01
1.660000000000000000e+02 8.701630325634786001e-01
1.650000000000000000e+02 8.697588591041044426e-01
1.640000000000000000e+02 8.693474820190286723e-01
1.630000000000000000e+02 8.689283154441997947e-01
1.620000000000000000e+02 8.685006114120390475e-01
1.610000000000000000e+02 8.680636836883712792e-01
1.600000000000000000e+02 8.676165772906000440e-01
1.590000000000000000e+02 8.671584976495424479e-01
1.580000000000000000e+02 8.666884537337861127e-01
1.570000000000000000e+02 8.662054835240835526e-01
1.560000000000000000e+02 8.657084712021534401e-01
1.550000000000000000e+02 8.651964339721024411e-01
1.540000000000000000e+02 8.646681848493981137e-01
1.530000000000000000e+02 8.641226926699281385e-01
1.520000000000000000e+02 8.635587306843908184e-01
1.510000000000000000e+02 8.629752951139886274e-01
1.500000000000000000e+02 8.623711886278767613e-01
1.490000000000000000e+02 8.617453790627760402e-01
1.480000000000000000e+02 8.610968214675899235e-01
1.470000000000000000e+02 8.604245558722012355e-01
1.460000000000000000e+02 8.597277018339448684e-01
1.450000000000000000e+02 8.590054130376445496e-01
1.440000000000000000e+02 8.582570237458044815e-01
1.430000000000000000e+02 8.574820399449860631e-01
1.420000000000000000e+02 8.566800426465016605e-01
1.410000000000000000e+02 8.558507746552893591e-01
1.400000000000000000e+02 8.549943776752478852e-01
1.390000000000000000e+02 8.541110352630534308e-01
1.380000000000000000e+02 8.532013133033160557e-01
1.370000000000000000e+02 8.522661297954691184e-01
1.360000000000000000e+02 8.513066565923156359e-01
1.350000000000000000e+02 8.503245556739402744e-01
1.340000000000000000e+02 8.493219097212042490e-01
1.330000000000000000e+02 8.483012675930038382e-01
1.320000000000000000e+02 8.472657626096840033e-01
1.310000000000000000e+02 8.462190754999034947e-01
1.300000000000000000e+02 8.451654220650540728e-01
1.290000000000000000e+02 8.441099313550016747e-01
1.280000000000000000e+02 8.430581700052179883e-01
1.270000000000000000e+02 8.420164829224660030e-01
1.260000000000000000e+02 8.409921261839630180e-01
1.250000000000000000e+02 8.399928045358358020e-01
1.240000000000000000e+02 8.390272730491534769e-01
1.230000000000000000e+02 8.381046834053786920e-01
1.220000000000000000e+02 8.372349851196676518e-01
1.210000000000000000e+02 8.364284309035308063e-01
1.200000000000000000e+02 8.356960413390029929e-01
1.190000000000000000e+02 8.350487906000065852e-01
1.180000000000000000e+02 8.344979785840674902e-01
1.170000000000000000e+02 8.340547517130293409e-01
1.160000000000000000e+02 8.337297935276930527e-01
1.150000000000000000e+02 8.335335314236318460e-01
1.140000000000000000e+02 8.334755055613503050e-01
1.130000000000000000e+02 8.335644051452336667e-01
1.120000000000000000e+02 8.338077829317001033e-01
1.110000000000000000e+02 8.342120142222754220e-01
1.100000000000000000e+02 8.347820504875562708e-01
1.090000000000000000e+02 8.355216195513021082e-01
1.080000000000000000e+02 8.364331116221807028e-01
1.070000000000000000e+02 8.375176583576531275e-01
1.060000000000000000e+02 8.387753219655645909e-01
1.050000000000000000e+02 8.402053585040210049e-01
1.040000000000000000e+02 8.418064234350715047e-01
1.030000000000000000e+02 8.435766142611028640e-01
1.020000000000000000e+02 8.455140228946835812e-01
1.010000000000000000e+02 8.476169157393401710e-01
1.000000000000000000e+02 8.498838130972963256e-01
9.900000000000000000e+01 8.523138626283656150e-01
9.800000000000000000e+01 8.549068024851933512e-01
9.700000000000000000e+01 8.576634817658579379e-01
9.600000000000000000e+01 8.605853478356628727e-01
9.500000000000000000e+01 8.636750200188803017e-01
9.400000000000000000e+01 8.669360610921720278e-01
9.300000000000000000e+01 8.703730211348572610e-01
9.200000000000000000e+01 8.739913667842202916e-01
9.100000000000000000e+01 8.777974999155487845e-01
9.000000000000000000e+01 8.817986269038629032e-01
8.900000000000000000e+01 8.860027326571425776e-01
8.800000000000000000e+01 8.904185035336702470e-01
8.700000000000000000e+01 8.950553172853258355e-01
8.600000000000000000e+01 8.999230406709112229e-01
8.500000000000000000e+01 9.050321166649556437e-01
8.400000000000000000e+01 9.103934769392717508e-01
8.300000000000000000e+01 9.160184481282054314e-01
8.200000000000000000e+01 9.219187749654980113e-01
8.100000000000000000e+01 9.281065684169998997e-01
8.000000000000000000e+01 9.345943148945403678e-01
7.900000000000000000e+01 9.413948182340370341e-01
7.800000000000000000e+01 9.485212308166484085e-01
7.700000000000000000e+01 9.559870341473380995e-01
7.600000000000000000e+01 9.638060564031472044e-01
7.500000000000000000e+01 9.719924195597776651e-01
7.400000000000000000e+01 9.805606547827403485e-01
7.300000000000000000e+01 9.895255662902172622e-01
7.200000000000000000e+01 9.989023189257497659e-01
7.100000000000000000e+01 1.008706410194679437e+00
7.000000000000000000e+01 1.018953548291815947e+00
6.900000000000000000e+01 1.029659719682722852e+00
6.800000000000000000e+01 1.040840983640632267e+00
6.700000000000000000e+01 1.052513397576274157e+00
6.600000000000000000e+01 1.064692711818436166e+00
6.500000000000000000e+01 1.077394083064266095e+00
6.400000000000000000e+01 1.090631540269543898e+00
6.300000000000000000e+01 1.104417280851218042e+00
6.200000000000000000e+01 1.118760606182502837e+00
6.100000000000000000e+01 1.133666409346580473e+00
6.000000000000000000e+01 1.149132977805419342e+00
5.900000000000000000e+01 1.165149045753387291e+00
5.800000000000000000e+01 1.181689509656093762e+00
5.700000000000000000e+01 1.198709803590391143e+00
5.600000000000000000e+01 1.216138693496233492e+00
5.500000000000000000e+01 1.233869822407889671e+00
5.400000000000000000e+01 1.251753457359309429e+00
5.300000000000000000e+01 1.269592024249485807e+00
5.200000000000000000e+01 1.287146207719736424e+00
5.100000000000000000e+01 1.304164179962657322e+00
5.000000000000000000e+01 1.320455490621562200e+00
