4.000000000000000000e+02 -6.421794372584398169e-02
3.990000000000000000e+02 -6.410379945326896700e-02
3.980000000000000000e+02 -6.398857012659220356e-02
3.970000000000000000e+02 -6.387226426925143863e-02
3.960000000000000000e+02 -6.375483198546860741e-02
3.950000000000000000e+02 -6.363626594907773049e-02
3.940000000000000000e+02 -6.351653869628880178e-02
3.930000000000000000e+02 -6.339562923987623888e-02
3.920000000000000000e+02 -6.327351054138799502e-02
3.910000000000000000e+02 -6.315016588450900192e-02
3.900000000000000000e+02 -6.302556361261647810e-02
3.890000000000000000e+02 -6.289967966595570725e-02
3.880000000000000000e+02 -6.277248998827864024e-02
3.870000000000000000e+02 -6.264396721036644133e-02
3.860000000000000000e+02 -6.251408251127191229e-02
3.850000000000000000e+02 -6.238280939582142859e-02
3.840000000000000000e+02 -6.225011654597957522e-02
3.830000000000000000e+02 -6.211598139837611054e-02
3.820000000000000000e+02 -6.198036496825600622e-02
3.810000000000000000e+02 -6.184324184691194354e-02
3.800000000000000000e+02 -6.170457815278691110e-02
3.790000000000000000e+02 -6.156434520517486270e-02
3.780000000000000000e+02 -6.142250774672736169e-02
3.770000000000000000e+02 -6.127903578415661023e-02
3.760000000000000000e+02 -6.113388026964660521e-02
3.750000000000000000e+02 -6.098702350708383457e-02
3.740000000000000000e+02 -6.083842412525929111e-02
3.730000000000000000e+02 -6.068803854789068392e-02
3.720000000000000000e+02 -6.053583730747034292e-02
3.710000000000000000e+02 -6.038177874368131498e-02
3.700000000000000000e+02 -6.022582374319636334e-02
3.690000000000000000e+02 -6.006793284205155792e-02
3.680000000000000000e+02 -5.990806286852901064e-02
3.670000000000000000e+02 -5.974617618494197646e-02
3.660000000000000000e+02 -5.958222390860429263e-02
3.650000000000000000e+02 -5.941616815373820110e-02
3.640000000000000000e+02 -5.924796024466265354e-02
3.630000000000000000e+02 -5.907755860537938775e-02
3.620000000000000000e+02 -5.890491504900938202e-02
3.610000000000000000e+02 -5.872998066919752486e-02
3.600000000000000000e+02 -5.855271072668412347e-02
3.590000000000000000e+02 -5.837305576107634786e-02
3.580000000000000000e+02 -5.819096075100597953e-02
3.570000000000000000e+02 -5.800638159236008035e-02
3.560000000000000000e+02 -5.781926401240323338e-02
3.550000000000000000e+02 -5.762955504857465716e-02
3.540000000000000000e+02 -5.743719720360886821e-02
3.530000000000000000e+02 -5.724214610309238255e-02
3.520000000000000000e+02 -5.704433783031431782e-02
3.510000000000000000e+02 -5.684371884044601281e-02
3.500000000000000000e+02 -5.664022818735412607e-02
3.490000000000000000e+02 -5.643381261124019721e-02
3.480000000000000000e+02 -5.622440965521562084e-02
3.470000000000000000e+02 -5.601196176020025591e-02
3.460000000000000000e+02 -5.579640578286784725e-02
3.450000000000000000e+02 -5.557768342725059874e-02
3.440000000000000000e+02 -5.535572892422372521e-02
3.430000000000000000e+02 -5.513046969488363119e-02
3.420000000000000000e+02 -5.490185957489963214e-02
3.410000000000000000e+02 -5.466981622757590559e-02
3.400000000000000000e+02 -5.443428341715857155e-02
3.390000000000000000e+02 -5.419519156859860937e-02
3.380000000000000000e+02 -5.395247048659786854e-02
3.370000000000000000e+02 -5.370605191796372357e-02
3.360000000000000000e+02 -5.345587152704885797e-02
3.350000000000000000e+02 -5.320183864370381377e-02
3.340000000000000000e+02 -5.294391713604963690e-02
3.330000000000000000e+02 -5.268200544637745286e-02
3.320000000000000000e+02 -5.241603963542934563e-02
3.310000000000000000e+02 -5.214594931029611913e-02
3.300000000000000000e+02 -5.187165863692769219e-02
3.290000000000000000e+02 -5.159308859553184828e-02
3.280000000000000000e+02 -5.131016869430198024e-02
3.270000000000000000e+02 -5.102282035974858160e-02
3.260000000000000000e+02 -5.073096528589671889e-02
3.250000000000000000e+02 -5.043452933972439323e-02
3.240000000000000000e+02 -5.013343256635435785e-02
3.230000000000000000e+02 -4.982759823263756271e-02
3.220000000000000000e+02 -4.951694814642583486e-02
3.210000000000000000e+02 -4.920140443782443362e-02
3.200000000000000000e+02 -4.888087311988791039e-02
3.190000000000000000e+02 -4.855528896356164914e-02
3.180000000000000000e+02 -4.822457883872916656e-02
3.170000000000000000e+02 -4.788865498993497005e-02
3.160000000000000000e+02 -4.754741250011974146e-02
3.150000000000000000e+02 -4.720080073110344970e-02
3.140000000000000000e+02 -4.684873137497845563e-02
3.130000000000000000e+02 -4.649112411170387010e-02
3.120000000000000000e+02 -4.612789214256731579e-02
3.110000000000000000e+02 -4.575895427899012713e-02
3.100000000000000000e+02 -4.538424270404155941e-02
3.090000000000000000e+02 -4.500366067295222261e-02
3.080000000000000000e+02 -4.461713372014167178e-02
3.070000000000000000e+02 -4.422459270840666673e-02
3.060000000000000000e+02 -4.382592812189589626e-02
3.050000000000000000e+02 -4.342108604685460810e-02
3.040000000000000000e+02 -4.300998562238021045e-02
3.030000000000000000e+02 -4.259252763000299230e-02
3.020000000000000000e+02 -4.216866761646633627e-02
3.010000000000000000e+02 -4.173830830341980491e-02
3.000000000000000000e+02 -4.130136308319802552e-02
2.990000000000000000e+02 -4.085776873073846543e-02
2.980000000000000000e+02 -4.040745332012429109e-02
2.970000000000000000e+02 -3.995034582528077249e-02
2.960000000000000000e+02 -3.948635651216679532e-02
2.950000000000000000e+02 -3.901541687775486600e-02
2.940000000000000000e+02 -3.853747769306548054e-02
2.930000000000000000e+02 -3.805244596429394749e-02
2.920000000000000000e+02 -3.756026471542257827e-02
2.910000000000000000e+02 -3.706086256128598988e-02
2.900000000000000000e+02 -3.655417832513729870e-02
2.890000000000000000e+02 -3.604014580562138470e-02
2.880000000000000000e+02 -3.551870259896916515e-02
2.870000000000000000e+02 -3.498979129006579702e-02
2.860000000000000000e+02 -3.445335165894722329e-02
2.850000000000000000e+02 -3.390931832414620373e-02
2.840000000000000000e+02 -3.335766677767063038e-02
2.830000000000000000e+02 -3.279831398125547526e-02
2.820000000000000000e+02 -3.223122814011959020e-02
2.810000000000000000e+02 -3.165634922036690557e-02
2.800000000000000000e+02 -3.107363832404367796e-02
2.790000000000000000e+02 -3.048305788092323110e-02
2.780000000000000000e+02 -2.988455504061026530e-02
2.770000000000000000e+02 -2.927810230462800367e-02
2.760000000000000000e+02 -2.866366640296000995e-02
2.750000000000000000e+02 -2.804121166515743599e-02
2.740000000000000000e+02 -2.741071729851043970e-02
2.730000000000000000e+02 -2.677214585743153963e-02
2.720000000000000000e+02 -2.612547478473854767e-02
2.710000000000000000e+02 -2.547069960043715775e-02
2.700000000000000000e+02 -2.480779762019251836e-02
2.690000000000000000e+02 -2.413675174668818840e-02
2.680000000000000000e+02 -2.345756140865015021e-02
2.670000000000000000e+02 -2.277021793301745034e-02
2.660000000000000000e+02 -2.207472132227381728e-02
2.650000000000000000e+02 -2.137107570726394512e-02
2.640000000000000000e+02 -2.065928322112655161e-02
2.630000000000000000e+02 -1.993936425712496130e-02
2.620000000000000000e+02 -1.921132677223963414e-02
2.610000000000000000e+02 -1.847519194690737387e-02
2.600000000000000000e+02 -1.773098231197126756e-02
2.590000000000000000e+02 -1.697873059579604882e-02
2.580000000000000000e+02 -1.621846582052920843e-02
2.570000000000000000e+02 -1.545022894016856267e-02
2.560000000000000000e+02 -1.467405208566416146e-02
2.550000000000000000e+02 -1.388999325918557556e-02
2.540000000000000000e+02 -1.309809872675407605e-02
2.530000000000000000e+02 -1.229842709955913070e-02
2.520000000000000000e+02 -1.149103498339398323e-02
2.510000000000000000e+02 -1.067599295641891155e-02
2.500000000000000000e+02 -9.853371345389577707e-03
2.490000000000000000e+02 -9.023243304052580224e-03
2.480000000000000000e+02 -8.185694946117984608e-03
2.470000000000000000e+02 -7.340811028933583865e-03
2.460000000000000000e+02 -6.488681453848215569e-03
2.450000000000000000e+02 -5.629402831804863200e-03
2.440000000000000000e+02 -4.763080359290228910e-03
2.430000000000000000e+02 -3.889817326846203155e-03
2.420000000000000000e+02 -3.009723079956370256e-03
2.410000000000000000e+02 -2.122930778390201556e-03
2.400000000000000000e+02 -1.229536789446565234e-03
2.390000000000000000e+02 -3.296879584498181581e-04
2.380000000000000000e+02 5.764884846930443812e-04
2.370000000000000000e+02 1.488855049656661461e-03
2.360000000000000000e+02 2.407268804721947666e-03
2.350000000000000000e+02 3.331582882202118248e-03
2.340000000000000000e+02 4.261645452859751104e-03
2.330000000000000000e+02 5.197303499217029166e-03
2.320000000000000000e+02 6.138397460306473791e-03
2.310000000000000000e+02 7.084748269048301086e-03
2.300000000000000000e+02 8.036204613548548689e-03
2.290000000000000000e+02 8.992576900564734285e-03
2.280000000000000000e+02 9.953710709722302791e-03
2.270000000000000000e+02 1.091940239186904582e-02
2.260000000000000000e+02 1.188947698964204144e-02
2.250000000000000000e+02 1.286374668160063413e-02
2.240000000000000000e+02 1.384202268337979790e-02
2.230000000000000000e+02 1.482410469509531578e-02
2.220000000000000000e+02 1.580982601311065744e-02
2.210000000000000000e+02 1.679894828760322700e-02
2.200000000000000000e+02 1.779130063856421140e-02
2.190000000000000000e+02 1.878667453734156334e-02
2.180000000000000000e+02 1.978486833286470861e-02
2.170000000000000000e+02 2.078568470361592813e-02
2.160000000000000000e+02 2.178891680042783358e-02
2.150000000000000000e+02 2.279436699067626665e-02
2.140000000000000000e+02 2.380183133287714844e-02
2.130000000000000000e+02 2.481111190131040159e-02
2.120000000000000000e+02 2.582200540755919677e-02
2.110000000000000000e+02 2.683432896009723539e-02
2.100000000000000000e+02 2.784787419943777348e-02
2.090000000000000000e+02 2.886245574203580994e-02
2.080000000000000000e+02 2.987788786137376973e-02
2.070000000000000000e+02 3.089398405118753271e-02
2.060000000000000000e+02 3.191056902568974868e-02
2.050000000000000000e+02 3.292746811695199116e-02
2.040000000000000000e+02 3.394451522266290350e-02
2.030000000000000000e+02 3.496154430330802865e-02
2.020000000000000000e+02 3.597840274071338607e-02
2.010000000000000000e+02 3.699495104512345867e-02
2.000000000000000000e+02 3.801104365137031316e-02
1.990000000000000000e+02 3.902655548197016266e-02
1.980000000000000000e+02 4.004134687572108442e-02
1.970000000000000000e+02 4.105533433735542720e-02
1.960000000000000000e+02 4.206839950442061576e-02
1.950000000000000000e+02 4.308045492896524914e-02
1.940000000000000000e+02 4.409142247413232185e-02
1.930000000000000000e+02 4.510124324226922471e-02
1.920000000000000000e+02 4.610984960170591562e-02
1.910000000000000000e+02 4.711720328799201551e-02
1.900000000000000000e+02 4.812329467891086204e-02
1.890000000000000000e+02 4.912808508018591536e-02
1.880000000000000000e+02 5.013158964624444408e-02
1.870000000000000000e+02 5.113382405154144605e-02
1.860000000000000000e+02 5.213481001221050015e-02
1.850000000000000000e+02 5.313459583715279128e-02
1.840000000000000000e+02 5.413325957700859670e-02
1.830000000000000000e+02 5.513086033054877266e-02
1.820000000000000000e+02 5.612749949521857185e-02
1.810000000000000000e+02 5.712329402467859057e-02
1.800000000000000000e+02 5.811835955551566957e-02
1.790000000000000000e+02 5.911285129982147418e-02
1.780000000000000000e+02 6.010692958303382599e-02
1.770000000000000000e+02 6.110077575296073149e-02
1.760000000000000000e+02 6.209457964265900631e-02
1.750000000000000000e+02 6.308856519150721209e-02
1.740000000000000000e+02 6.408295394798002587e-02
1.730000000000000000e+02 6.507800145665883218e-02
1.720000000000000000e+02 6.607396498590570322e-02
1.710000000000000000e+02 6.707113300949064938e-02
1.700000000000000000e+02 6.806979845509605886e-02
1.690000000000000000e+02 6.907028301551532135e-02
1.680000000000000000e+02 7.007291175994218024e-02
1.670000000000000000e+02 7.107802848039085353e-02
1.660000000000000000e+02 7.208600728875476371e-02
1.650000000000000000e+02 7.309720774685668498e-02
1.640000000000000000e+02 7.411204098365682669e-02
1.630000000000000000e+02 7.513090184497861479e-02
1.620000000000000000e+02 7.615421720856881127e-02
1.610000000000000000e+02 7.718241766565298034e-02
1.600000000000000000e+02 7.821595260234781577e-02
1.590000000000000000e+02 7.925528441571572102e-02
1.580000000000000000e+02 8.030088651671030142e-02
1.570000000000000000e+02 8.135324800271334644e-02
1.560000000000000000e+02 8.241287474464273344e-02
1.550000000000000000e+02 8.348027425747107932e-02
1.540000000000000000e+02 8.455596764006564903e-02
1.530000000000000000e+02 8.564049306135135264e-02
1.520000000000000000e+02 8.673441264993639321e-02
1.510000000000000000e+02 8.783827459856871633e-02
1.500000000000000000e+02 8.895267135396689451e-02
1.490000000000000000e+02 9.007816967846213330e-02
1.480000000000000000e+02 9.121539235481293528e-02
1.470000000000000000e+02 9.236494733365462062e-02
1.460000000000000000e+02 9.352747092689908670e-02
1.450000000000000000e+02 9.470360720501526386e-02
1.440000000000000000e+02 9.589402906449964736e-02
1.430000000000000000e+02 9.709941937297533743e-02
1.420000000000000000e+02 9.832048052473157940e-02
1.410000000000000000e+02 9.955794922327150520e-02
1.400000000000000000e+02 1.008125701405365726e-01
1.390000000000000000e+02 1.020851271658282655e-01
1.380000000000000000e+02 1.033764168860585031e-01
1.370000000000000000e+02 1.046872888238512683e-01
1.360000000000000000e+02 1.060186183344088706e-01
1.350000000000000000e+02 1.073713020514750760e-01
1.340000000000000000e+02 1.087463028959233802e-01
1.330000000000000000e+02 1.101446179820671778e-01
1.320000000000000000e+02 1.115672925722403230e-01
1.310000000000000000e+02 1.130154313377519093e-01
1.300000000000000000e+02 1.144901842696376959e-01
1.290000000000000000e+02 1.159927859759477126e-01
1.280000000000000000e+02 1.175245117323999999e-01
1.270000000000000000e+02 1.190867481068212247e-01
1.260000000000000000e+02 1.206809259436921883e-01
1.250000000000000000e+02 1.223085866858554527e-01
1.240000000000000000e+02 1.239713521451572126e-01
1.230000000000000000e+02 1.256709482033235847e-01
1.220000000000000000e+02 1.274092146645426638e-01
1.210000000000000000e+02 1.291880887638208741e-01
1.200000000000000000e+02 1.310096357946585466e-01
1.190000000000000000e+02 1.328760584198908634e-01
1.180000000000000000e+02 1.347896795889488852e-01
1.170000000000000000e+02 1.367529767645534744e-01
1.160000000000000000e+02 1.387685740780387755e-01
1.150000000000000000e+02 1.408392504350408081e-01
1.140000000000000000e+02 1.429679529159867124e-01
1.130000000000000000e+02 1.451577980694571668e-01
1.120000000000000000e+02 1.474120940130460855e-01
1.110000000000000000e+02 1.497343161151134250e-01
1.100000000000000000e+02 1.521281334055333834e-01
1.090000000000000000e+02 1.545974318861663144e-01
1.080000000000000000e+02 1.571462840351158241e-01
1.070000000000000000e+02 1.597789740325542274e-01
1.060000000000000000e+02 1.625000007223263154e-01
1.050000000000000000e+02 1.653140746702169706e-01
1.040000000000000000e+02 1.682261348129209522e-01
1.030000000000000000e+02 1.712413328541345092e-01
1.020000000000000000e+02 1.743650397478873071e-01
1.010000000000000000e+02 1.776028647244665970e-01
1.000000000000000000e+02 1.809606287824841175e-01
9.900000000000000000e+01 1.844443869498234578e-01
9.800000000000000000e+01 1.880604030673494464e-01
9.700000000000000000e+01 1.918151736605742674e-01
9.600000000000000000e+01 1.957154074008895794e-01
9.500000000000000000e+01 1.997680336290963699e-01
9.400000000000000000e+01 2.039801819334948474e-01
9.300000000000000000e+01 2.083592109883488641e-01
9.200000000000000000e+01 2.129126713809711136e-01
9.100000000000000000e+01 2.176483265118011878e-01
9.000000000000000000e+01 2.225741396529584137e-01
8.900000000000000000e+01 2.276982825571369495e-01
8.800000000000000000e+01 2.330291014978525532e-01
8.700000000000000000e+01 2.385751916600127032e-01
8.600000000000000000e+01 2.443453253150570659e-01
8.500000000000000000e+01 2.503484933196552520e-01
8.400000000000000000e+01 2.565939078587141653e-01
8.300000000000000000e+01 2.630910155205851697e-01
8.200000000000000000e+01 2.698495060024799774e-01
8.100000000000000000e+01 2.768793346177744197e-01
8.000000000000000000e+01 2.841907496625968310e-01
7.900000000000000000e+01 2.917942862880895105e-01
7.800000000000000000e+01 2.997008532435266326e-01
7.700000000000000000e+01 3.079217272436691744e-01
7.600000000000000000e+01 3.164686072395099803e-01
7.500000000000000000e+01 3.253536526174071186e-01
7.400000000000000000e+01 3.345895675109739620e-01
7.300000000000000000e+01 3.441896319761682532e-01
7.200000000000000000e+01 3.541677810097111911e-01
7.100000000000000000e+01 3.645386898273687559e-01
7.000000000000000000e+01 3.753178553390413286e-01
6.900000000000000000e+01 3.865216931191887695e-01
6.800000000000000000e+01 3.981676469135373431e-01
6.700000000000000000e+01 4.102742997911427159e-01
6.600000000000000000e+01 4.228615195534571325e-01
6.500000000000000000e+01 4.359505807508625153e-01
6.400000000000000000e+01 4.495643507792320137e-01
6.300000000000000000e+01 4.637274393469947853e-01
6.200000000000000000e+01 4.784664121762912670e-01
6.100000000000000000e+01 4.938099575688063569e-01
6.000000000000000000e+01 5.097891783902196439e-01
5.900000000000000000e+01 5.264377791743661827e-01
5.800000000000000000e+01 5.437923436046637748e-01
5.700000000000000000e+01 5.618926208606890293e-01
5.600000000000000000e+01 5.807818171910311689e-01
5.500000000000000000e+01 6.005068603766396951e-01
5.400000000000000000e+01 6.211187151171884135e-01
5.300000000000000000e+01 6.426726708367834773e-01
5.200000000000000000e+01 6.652285829736855893e-01
5.100000000000000000e+01 6.888510576795292550e-01
5.000000000000000000e+01 7.136096523342262410e-01
