4.000000000000000000e+02 8.169677439550696585e-01
3.990000000000000000e+02 8.166117581436274087e-01
3.980000000000000000e+02 8.162524871095505619e-01
3.970000000000000000e+02 8.158898694183041034e-01
3.960000000000000000e+02 8.155238977241928700e-01
3.950000000000000000e+02 8.151545834498638010e-01
3.940000000000000000e+02 8.147819114643127802e-01
3.930000000000000000e+02 8.144058280124020222e-01
3.920000000000000000e+02 8.140263428592576789e-01
3.910000000000000000e+02 8.136434322074188596e-01
3.900000000000000000e+02 8.132571267932968695e-01
3.890000000000000000e+02 8.128673465415191535e-01
3.880000000000000000e+02 8.124741165368011275e-01
3.870000000000000000e+02 8.120774284554460598e-01
3.860000000000000000e+02 8.116773196488137332e-01
3.850000000000000000e+02 8.112737555880991103e-01
3.840000000000000000e+02 8.108666380045594924e-01
3.830000000000000000e+02 8.104560038488074492e-01
3.820000000000000000e+02 8.100420029036017322e-01
3.810000000000000000e+02 8.096244525781267631e-01
3.800000000000000000e+02 8.092033957025646096e-01
3.790000000000000000e+02 8.087789283299761101e-01
3.780000000000000000e+02 8.083508832076343742e-01
3.770000000000000000e+02 8.079194376287007762e-01
3.760000000000000000e+02 8.074844738618268680e-01
3.750000000000000000e+02 8.070460981307485682e-01
3.740000000000000000e+02 8.066042383768073920e-01
3.730000000000000000e+02 8.061589374069695335e-01
3.720000000000000000e+02 8.057102245941141216e-01
3.710000000000000000e+02 8.052580808055381789e-01
3.700000000000000000e+02 8.048025214355366552e-01
3.690000000000000000e+02 8.043436314805296750e-01
3.680000000000000000e+02 8.038813661870511940e-01
3.670000000000000000e+02 8.034157811424939011e-01
3.660000000000000000e+02 8.029468664602641415e-01
3.650000000000000000e+02 8.024746115828474968e-01
3.640000000000000000e+02 8.019991219215689693e-01
3.630000000000000000e+02 8.015204622936085155e-01
3.620000000000000000e+02 8.010385605489311889e-01
3.610000000000000000e+02 8.005534833509999615e-01
3.600000000000000000e+02 8.000652987716150299e-01
3.590000000000000000e+02 7.995740246097805537e-01
3.580000000000000000e+02 7.990796877365938800e-01
3.570000000000000000e+02 7.985823536548497525e-01
3.560000000000000000e+02 7.980821066155840970e-01
3.550000000000000000e+02 7.975788636045881841e-01
3.540000000000000000e+02 7.970728012346537383e-01
3.530000000000000000e+02 7.965639151958429087e-01
3.520000000000000000e+02 7.960523073312736342e-01
3.510000000000000000e+02 7.955379684086181236e-01
3.500000000000000000e+02 7.950210082918345300e-01
3.490000000000000000e+02 7.945014010041406838e-01
3.480000000000000000e+02 7.939793402284819335e-01
3.470000000000000000e+02 7.934547815340207144e-01
3.460000000000000000e+02 7.929278551340491754e-01
3.450000000000000000e+02 7.923986544489131090e-01
3.440000000000000000e+02 7.918671664279430811e-01
3.430000000000000000e+02 7.913335173080860985e-01
3.420000000000000000e+02 7.907977749040893123e-01
3.410000000000000000e+02 7.902600173709825038e-01
3.400000000000000000e+02 7.897202867408602556e-01
3.390000000000000000e+02 7.891787835676669083e-01
3.380000000000000000e+02 7.886354617438152692e-01
3.370000000000000000e+02 7.880904717590305752e-01
3.360000000000000000e+02 7.875439286523756577e-01
3.350000000000000000e+02 7.869958655935715974e-01
3.340000000000000000e+02 7.864463556388362475e-01
3.330000000000000000e+02 7.858956349761931914e-01
3.320000000000000000e+02 7.853436250201945024e-01
3.310000000000000000e+02 7.847905377577919506e-01
3.300000000000000000e+02 7.842364498023005615e-01
3.290000000000000000e+02 7.836814220176575585e-01
3.280000000000000000e+02 7.831256699530660947e-01
3.270000000000000000e+02 7.825691308584056261e-01
3.260000000000000000e+02 7.820119991176973651e-01
3.250000000000000000e+02 7.814544768351895376e-01
3.240000000000000000e+02 7.808964966021141318e-01
3.230000000000000000e+02 7.803382795977019670e-01
3.220000000000000000e+02 7.797799320056377770e-01
3.210000000000000000e+02 7.792215270818797501e-01
3.200000000000000000e+02 7.786632440934335708e-01
3.190000000000000000e+02 7.781050865995239318e-01
3.180000000000000000e+02 7.775472518964131607e-01
3.170000000000000000e+02 7.769898982021958833e-01
3.160000000000000000e+02 7.764330440448259374e-01
3.150000000000000000e+02 7.758768609735188226e-01
3.140000000000000000e+02 7.753214518425407542e-01
3.130000000000000000e+02 7.747669107307637582e-01
3.120000000000000000e+02 7.742134041980528458e-01
3.110000000000000000e+02 7.736610777232422187e-01
3.100000000000000000e+02 7.731099466166626577e-01
3.090000000000000000e+02 7.725601825447757642e-01
3.080000000000000000e+02 7.720119676485048821e-01
3.070000000000000000e+02 7.714652310817066150e-01
3.060000000000000000e+02 7.709202708966119699e-01
3.050000000000000000e+02 7.703771374679369011e-01
3.040000000000000000e+02 7.698359528371671034e-01
3.030000000000000000e+02 7.692968135956255171e-01
3.020000000000000000e+02 7.687598507675267312e-01
3.010000000000000000e+02 7.682251702700538809e-01
3.000000000000000000e+02 7.676928548350802073e-01
2.990000000000000000e+02 7.671630442735439814e-01
2.980000000000000000e+02 7.666358275701096181e-01
2.970000000000000000e+02 7.661113184355442529e-01
2.960000000000000000e+02 7.655896135330668706e-01
2.950000000000000000e+02 7.650707919832255843e-01
2.940000000000000000e+02 7.645550096104940518e-01
2.930000000000000000e+02 7.640423099541540086e-01
2.920000000000000000e+02 7.635327619886115302e-01
2.910000000000000000e+02 7.630265573337015050e-01
2.900000000000000000e+02 7.625236922369299508e-01
2.890000000000000000e+02 7.620242950944988714e-01
2.880000000000000000e+02 7.615283824838198212e-01
2.870000000000000000e+02 7.610361090922608263e-01
2.860000000000000000e+02 7.605475151741604156e-01
2.850000000000000000e+02 7.600626898437464751e-01
2.840000000000000000e+02 7.595817387402585830e-01
2.830000000000000000e+02 7.591045929724473673e-01
2.820000000000000000e+02 7.586314523178386837e-01
2.810000000000000000e+02 7.581623307290407121e-01
2.800000000000000000e+02 7.576972856593433558e-01
2.790000000000000000e+02 7.572363441189019495e-01
2.780000000000000000e+02 7.567795790480235096e-01
2.770000000000000000e+02 7.563270161411471681e-01
2.760000000000000000e+02 7.558787556961146237e-01
2.750000000000000000e+02 7.554347545682188469e-01
2.740000000000000000e+02 7.549951299616738387e-01
2.730000000000000000e+02 7.545597791385000308e-01
2.720000000000000000e+02 7.541288795517030463e-01
2.710000000000000000e+02 7.537022963735126035e-01
2.700000000000000000e+02 7.532802129305954386e-01
2.690000000000000000e+02 7.528625239474725506e-01
2.680000000000000000e+02 7.524492834145815046e-01
2.670000000000000000e+02 7.520404947551058150e-01
2.660000000000000000e+02 7.516361407158564933e-01
2.650000000000000000e+02 7.512362497169787767e-01
2.640000000000000000e+02 7.508407697014589655e-01
2.630000000000000000e+02 7.504497141124528703e-01
2.620000000000000000e+02 7.500631234429863126e-01
2.610000000000000000e+02 7.496809058311456608e-01
2.600000000000000000e+02 7.493030710421619833e-01
2.590000000000000000e+02 7.489295826572448522e-01
2.580000000000000000e+02 7.485604408888255623e-01
2.570000000000000000e+02 7.481955797975505806e-01
2.560000000000000000e+02 7.478350148973570422e-01
2.550000000000000000e+02 7.474786466551671671e-01
2.540000000000000000e+02 7.471264918738512728e-01
2.530000000000000000e+02 7.467784612905881136e-01
2.520000000000000000e+02 7.464346131460274369e-01
2.510000000000000000e+02 7.460948081941940480e-01
2.500000000000000000e+02 7.457590321913939446e-01
2.490000000000000000e+02 7.454272300163901077e-01
2.480000000000000000e+02 7.450993886125040211e-01
2.470000000000000000e+02 7.447754358295375354e-01
2.460000000000000000e+02 7.444553323864072647e-01
2.450000000000000000e+02 7.441390315790409327e-01
2.440000000000000000e+02 7.438264871641511178e-01
2.430000000000000000e+02 7.435176811455584955e-01
2.420000000000000000e+02 7.432125295441933677e-01
2.410000000000000000e+02 7.429110434088876946e-01
2.400000000000000000e+02 7.426131620110585363e-01
2.390000000000000000e+02 7.423188498911419408e-01
2.380000000000000000e+02 7.420281039159403180e-01
2.370000000000000000e+02 7.417409025407267764e-01
2.360000000000000000e+02 7.414572282246173485e-01
2.350000000000000000e+02 7.411770442049394614e-01
2.340000000000000000e+02 7.409004040729832985e-01
2.330000000000000000e+02 7.406272866047167724e-01
2.320000000000000000e+02 7.403577436358083075e-01
2.310000000000000000e+02 7.400916967003264846e-01
2.300000000000000000e+02 7.398293455741554725e-01
2.290000000000000000e+02 7.395706622481764692e-01
2.280000000000000000e+02 7.393157215053318687e-01
2.270000000000000000e+02 7.390646446778662559e-01
2.260000000000000000e+02 7.388173542420082285e-01
2.250000000000000000e+02 7.385742367160570421e-01
2.240000000000000000e+02 7.383352791147196337e-01
2.230000000000000000e+02 7.381006149479276690e-01
2.220000000000000000e+02 7.378704733218143241e-01
2.210000000000000000e+02 7.376450853851707068e-01
2.200000000000000000e+02 7.374244727948189304e-01
2.190000000000000000e+02 7.372091243388864124e-01
2.180000000000000000e+02 7.369991448838959514e-01
2.170000000000000000e+02 7.367949694067456035e-01
2.160000000000000000e+02 7.365967973581489803e-01
2.150000000000000000e+02 7.364050292600065051e-01
2.140000000000000000e+02 7.362200397191218659e-01
2.130000000000000000e+02 7.360422488367108773e-01
2.120000000000000000e+02 7.358721195888270339e-01
2.110000000000000000e+02 7.357100831444366440e-01
2.100000000000000000e+02 7.355567574422510191e-01
2.090000000000000000e+02 7.354125291949513699e-01
2.080000000000000000e+02 7.352780911627524452e-01
2.070000000000000000e+02 7.351540957621873762e-01
2.060000000000000000e+02 7.350410191232182866e-01
2.050000000000000000e+02 7.349397299408297890e-01
2.040000000000000000e+02 7.348508576328318664e-01
2.030000000000000000e+02 7.347751823176768005e-01
2.020000000000000000e+02 7.347135082604993039e-01
2.010000000000000000e+02 7.346666226483706819e-01
2.000000000000000000e+02 7.346353712034688899e-01
1.990000000000000000e+02 7.346205957977994805e-01
1.980000000000000000e+02 7.346233852469454817e-01
1.970000000000000000e+02 7.346444592427834319e-01
1.960000000000000000e+02 7.346848686481104451e-01
1.950000000000000000e+02 7.347454712566046098e-01
1.940000000000000000e+02 7.348273428441031152e-01
1.930000000000000000e+02 7.349314450110308039e-01
1.920000000000000000e+02 7.350588580867338795e-01
1.910000000000000000e+02 7.352102934582371851e-01
1.900000000000000000e+02 7.353870199084722170e-01
1.890000000000000000e+02 7.355898891277129481e-01
1.880000000000000000e+02 7.358198500137234088e-01
1.870000000000000000e+02 7.360778752866130592e-01
1.860000000000000000e+02 7.363648206484328940e-01
1.850000000000000000e+02 7.366815772138491925e-01
1.840000000000000000e+02 7.370289441274168185e-01
1.830000000000000000e+02 7.374077230567577246e-01
1.820000000000000000e+02 7.378185394893431726e-01
1.810000000000000000e+02 7.382621840077782105e-01
1.800000000000000000e+02 7.387391331784914916e-01
1.790000000000000000e+02 7.392498918436433142e-01
1.780000000000000000e+02 7.397949073858763880e-01
1.770000000000000000e+02 7.403744742830472569e-01
1.760000000000000000e+02 7.409888696330493296e-01
1.750000000000000000e+02 7.416382035473979562e-01
1.740000000000000000e+02 7.423225731132689909e-01
1.730000000000000000e+02 7.430418633967819098e-01
1.720000000000000000e+02 7.437959075959114097e-01
1.710000000000000000e+02 7.445845045396075612e-01
1.700000000000000000e+02 7.454071849652608162e-01
1.690000000000000000e+02 7.462635130426262808e-01
1.680000000000000000e+02 7.471528653480631332e-01
1.670000000000000000e+02 7.480745696875780171e-01
1.660000000000000000e+02 7.490278650189144960e-01
1.650000000000000000e+02 7.500118133817170740e-01
1.640000000000000000e+02 7.510254507014566538e-01
1.630000000000000000e+02 7.520677202225767299e-01
1.620000000000000000e+02 7.531375258544832363e-01
1.610000000000000000e+02 7.542335443270602457e-01
1.600000000000000000e+02 7.553546042198966415e-01
1.590000000000000000e+02 7.564993789250680223e-01
1.580000000000000000e+02 7.576664948684594947e-01
1.570000000000000000e+02 7.588545298554939533e-01
1.560000000000000000e+02 7.600621159393823323e-01
1.550000000000000000e+02 7.612878087745462707e-01
1.540000000000000000e+02 7.625301676295409559e-01
1.530000000000000000e+02 7.637878498481109890e-01
1.520000000000000000e+02 7.650595029093666399e-01
1.510000000000000000e+02 7.663437371650891894e-01
1.500000000000000000e+02 7.676393290359910804e-01
1.490000000000000000e+02 7.689451058535474726e-01
1.480000000000000000e+02 7.702599652601309632e-01
1.470000000000000000e+02 7.715829375211608054e-01
1.460000000000000000e+02 7.729131507281263858e-01
1.450000000000000000e+02 7.742499524095695085e-01
1.440000000000000000e+02 7.755927359341742156e-01
1.430000000000000000e+02 7.769411742408356414e-01
1.420000000000000000e+02 7.782951352281946011e-01
1.410000000000000000e+02 7.796547493307381949e-01
1.400000000000000000e+02 7.810203320137808491e-01
1.390000000000000000e+02 7.823925454130845614e-01
1.380000000000000000e+02 7.837723258178340702e-01
1.370000000000000000e+02 7.851609580936442789e-01
1.360000000000000000e+02 7.865601498968792793e-01
1.350000000000000000e+02 7.879719310796770015e-01
1.340000000000000000e+02 7.893987916232745317e-01
1.330000000000000000e+02 7.908435916896353612e-01
1.320000000000000000e+02 7.923098175316423131e-01
1.310000000000000000e+02 7.938014065957208487e-01
1.300000000000000000e+02 7.953226856433086578e-01
1.290000000000000000e+02 7.968787296984232160e-01
1.280000000000000000e+02 7.984749127074903807e-01
1.270000000000000000e+02 8.001172071582236534e-01
1.260000000000000000e+02 8.018122024578004936e-01
1.250000000000000000e+02 8.035666454556855687e-01
1.240000000000000000e+02 8.053878870332957796e-01
1.230000000000000000e+02 8.072835239087337023e-01
1.220000000000000000e+02 8.092612911635177486e-01
1.210000000000000000e+02 8.113289039154056859e-01
1.200000000000000000e+02 8.134941794233978563e-01
1.190000000000000000e+02 8.157643089105365286e-01
1.180000000000000000e+02 8.181460886860014714e-01
1.170000000000000000e+02 8.206456350527688848e-01
1.160000000000000000e+02 8.232678943690925344e-01
1.150000000000000000e+02 8.260167363765990034e-01
1.140000000000000000e+02 8.288944517318241889e-01
1.130000000000000000e+02 8.319017831034101196e-01
1.120000000000000000e+02 8.350377214785097424e-01
1.110000000000000000e+02 8.382993804873977162e-01
1.100000000000000000e+02 8.416819875363361625e-01
1.090000000000000000e+02 8.451790191962539334e-01
1.080000000000000000e+02 8.487823079262052373e-01
1.070000000000000000e+02 8.524823139355252044e-01
1.060000000000000000e+02 8.562683108650651631e-01
1.050000000000000000e+02 8.601288493914283073e-01
1.040000000000000000e+02 8.640520602438410691e-01
1.030000000000000000e+02 8.680261051330574462e-01
1.020000000000000000e+02 8.720395619215008942e-01
1.010000000000000000e+02 8.760818163984014362e-01
1.000000000000000000e+02 8.801432787099885413e-01
9.900000000000000000e+01 8.842158902753712857e-01
9.800000000000000000e+01 8.882931348000695504e-01
9.700000000000000000e+01 8.923703574578034647e-01
9.600000000000000000e+01 8.964447241966970736e-01
9.500000000000000000e+01 9.005154626605835766e-01
9.400000000000000000e+01 9.045835823182354352e-01
9.300000000000000000e+01 9.086520638695991803e-01
9.200000000000000000e+01 9.127256091706771324e-01
9.100000000000000000e+01 9.168105881643362487e-01
9.000000000000000000e+01 9.209148953736424614e-01
8.900000000000000000e+01 9.250477696967821517e-01
8.800000000000000000e+01 9.292196767362794763e-01
8.700000000000000000e+01 9.334421607409971733e-01
8.600000000000000000e+01 9.377275780911373815e-01
8.500000000000000000e+01 9.420892230257680300e-01
8.400000000000000000e+01 9.465409303811654906e-01
8.300000000000000000e+01 9.510971326409713988e-01
8.200000000000000000e+01 9.557726784551028310e-01
8.100000000000000000e+01 9.605828043735961108e-01
8.000000000000000000e+01 9.655430175399957182e-01
7.900000000000000000e+01 9.706690549894332332e-01
7.800000000000000000e+01 9.759768023941378656e-01
7.700000000000000000e+01 9.814822240855600732e-01
7.600000000000000000e+01 9.872013622270864319e-01
7.500000000000000000e+01 9.931501637274574579e-01
7.400000000000000000e+01 9.993444891534903896e-01
7.300000000000000000e+01 1.005799935484757990e+00
7.200000000000000000e+01 1.012531707038756945e+00
7.100000000000000000e+01 1.019554413386823288e+00
7.000000000000000000e+01 1.026881753986560897e+00
6.900000000000000000e+01 1.034526171114040327e+00
6.800000000000000000e+01 1.042498259806821981e+00
6.700000000000000000e+01 1.050806068409391836e+00
6.600000000000000000e+01 1.059454098665746580e+00
6.500000000000000000e+01 1.068441995111678144e+00
6.400000000000000000e+01 1.077762894201911292e+00
6.300000000000000000e+01 1.087401689956621453e+00
6.200000000000000000e+01 1.097333760289799676e+00
6.100000000000000000e+01 1.107526886840275004e+00
6.000000000000000000e+01 1.117954012423161281e+00
5.900000000000000000e+01 1.128638395191341015e+00
5.800000000000000000e+01 1.139777853379877470e+00
5.700000000000000000e+01 1.151961417923820452e+00
5.600000000000000000e+01 1.166151795397803337e+00
5.500000000000000000e+01 1.182987057538950726e+00
5.400000000000000000e+01 1.202338415524765836e+00
5.300000000000000000e+01 1.223752808974470474e+00
5.200000000000000000e+01 1.246834358656606856e+00
5.100000000000000000e+01 1.271310040994757085e+00
5.000000000000000000e+01 1.297010013948667106e+00
