4.000000000000000000e+02 3.503849132949320433e-01
3.990000000000000000e+02 3.504860312475988060e-01
3.980000000000000000e+02 3.505912123339309794e-01
3.970000000000000000e+02 3.507005127854076476e-01
3.960000000000000000e+02 3.508139888333172696e-01
3.950000000000000000e+02 3.509316966841573571e-01
3.940000000000000000e+02 3.510536924942394554e-01
3.930000000000000000e+02 3.511800323436912175e-01
3.920000000000000000e+02 3.513107722095508700e-01
3.910000000000000000e+02 3.514459679382682666e-01
3.900000000000000000e+02 3.515856752173323052e-01
3.890000000000000000e+02 3.517299495462382075e-01
3.880000000000000000e+02 3.518788462066155809e-01
3.870000000000000000e+02 3.520324202315221473e-01
3.860000000000000000e+02 3.521907263740841065e-01
3.850000000000000000e+02 3.523538273276080046e-01
3.840000000000000000e+02 3.525217616255401643e-01
3.830000000000000000e+02 3.526945903988518705e-01
3.820000000000000000e+02 3.528723669616098957e-01
3.810000000000000000e+02 3.530551441797307732e-01
3.800000000000000000e+02 3.532429744347442280e-01
3.790000000000000000e+02 3.534359095867565248e-01
3.780000000000000000e+02 3.536340009364907777e-01
3.770000000000000000e+02 3.538372991865742501e-01
3.760000000000000000e+02 3.540458544017970333e-01
3.750000000000000000e+02 3.542597159687372876e-01
3.740000000000000000e+02 3.544789325543062919e-01
3.730000000000000000e+02 3.547035520635711814e-01
3.720000000000000000e+02 3.549336215966155672e-01
3.710000000000000000e+02 3.551691874045069808e-01
3.700000000000000000e+02 3.554102948444152199e-01
3.690000000000000000e+02 3.556569883338637217e-01
3.680000000000000000e+02 3.559093113039035750e-01
3.670000000000000000e+02 3.561673061516814620e-01
3.660000000000000000e+02 3.564310141917472197e-01
3.650000000000000000e+02 3.567004756067788107e-01
3.640000000000000000e+02 3.569757293971700385e-01
3.630000000000000000e+02 3.572568133297332471e-01
3.620000000000000000e+02 3.575437638855939460e-01
3.610000000000000000e+02 3.578366162070132916e-01
3.600000000000000000e+02 3.581354040434153729e-01
3.590000000000000000e+02 3.584401596963694425e-01
3.580000000000000000e+02 3.587509139637316546e-01
3.570000000000000000e+02 3.590676960828104169e-01
3.560000000000000000e+02 3.593905336726748168e-01
3.550000000000000000e+02 3.597194526754474153e-01
3.540000000000000000e+02 3.600544772967048113e-01
3.530000000000000000e+02 3.603956299449858625e-01
3.520000000000000000e+02 3.607429311703692631e-01
3.510000000000000000e+02 3.610963996021397948e-01
3.500000000000000000e+02 3.614560518855434723e-01
3.490000000000000000e+02 3.618219026175683029e-01
3.480000000000000000e+02 3.621939642820335425e-01
3.470000000000000000e+02 3.625722471835362004e-01
3.460000000000000000e+02 3.629567593807598858e-01
3.450000000000000000e+02 3.633475066186702129e-01
3.440000000000000000e+02 3.637444922601078545e-01
3.430000000000000000e+02 3.641477172163430920e-01
3.420000000000000000e+02 3.645571798769505767e-01
3.410000000000000000e+02 3.649728760387255244e-01
3.400000000000000000e+02 3.653947988339247832e-01
3.390000000000000000e+02 3.658229386576997699e-01
3.380000000000000000e+02 3.662572830947809499e-01
3.370000000000000000e+02 3.666978168453301490e-01
3.360000000000000000e+02 3.671445216503314013e-01
3.350000000000000000e+02 3.675973762160049674e-01
3.340000000000000000e+02 3.680563561378166204e-01
3.330000000000000000e+02 3.685214338237650655e-01
3.320000000000000000e+02 3.689925784170206002e-01
3.310000000000000000e+02 3.694697557182038961e-01
3.300000000000000000e+02 3.699529281069877662e-01
3.290000000000000000e+02 3.704420544633318380e-01
3.280000000000000000e+02 3.709370900882705824e-01
3.270000000000000000e+02 3.714379866243464057e-01
3.260000000000000000e+02 3.719446919756987380e-01
3.250000000000000000e+02 3.724571502280115687e-01
3.240000000000000000e+02 3.729753015680399852e-01
3.230000000000000000e+02 3.734990822032552282e-01
3.220000000000000000e+02 3.740284242813738391e-01
3.210000000000000000e+02 3.745632558096676501e-01
3.200000000000000000e+02 3.751035005747222484e-01
3.190000000000000000e+02 3.756490780620803105e-01
3.180000000000000000e+02 3.761999033763628875e-01
3.170000000000000000e+02 3.767558871614871130e-01
3.160000000000000000e+02 3.773169355217031451e-01
3.150000000000000000e+02 3.778829499427940886e-01
3.140000000000000000e+02 3.784538272142810023e-01
3.130000000000000000e+02 3.790294593521495448e-01
3.120000000000000000e+02 3.796097335227315295e-01
3.110000000000000000e+02 3.801945327369591343e-01
3.100000000000000000e+02 3.807837327008997130e-01
3.090000000000000000e+02 3.813772063523336309e-01
3.080000000000000000e+02 3.819748207193793821e-01
3.070000000000000000e+02 3.825764376177427928e-01
3.060000000000000000e+02 3.831819135830578649e-01
3.050000000000000000e+02 3.837910998050141353e-01
3.040000000000000000e+02 3.844038420639215303e-01
3.030000000000000000e+02 3.850199806693019866e-01
3.020000000000000000e+02 3.856393504013778673e-01
3.010000000000000000e+02 3.862617804551926604e-01
3.000000000000000000e+02 3.868870943877457114e-01
2.990000000000000000e+02 3.875151100683777994e-01
2.980000000000000000e+02 3.881456396326938285e-01
2.970000000000000000e+02 3.887784894401302704e-01
2.960000000000000000e+02 3.894134600357414544e-01
2.950000000000000000e+02 3.900503461159212093e-01
2.940000000000000000e+02 3.906889364990617786e-01
2.930000000000000000e+02 3.913290141008571865e-01
2.920000000000000000e+02 3.919703559147946215e-01
2.910000000000000000e+02 3.926127329983157832e-01
2.900000000000000000e+02 3.932559142968087285e-01
2.890000000000000000e+02 3.938996518963290283e-01
2.880000000000000000e+02 3.945437023568426627e-01
2.870000000000000000e+02 3.951878129857289701e-01
2.860000000000000000e+02 3.958317251804347459e-01
2.850000000000000000e+02 3.964751744552672541e-01
2.840000000000000000e+02 3.971178904758866368e-01
2.830000000000000000e+02 3.977595971026300914e-01
2.820000000000000000e+02 3.984000124424665890e-01
2.810000000000000000e+02 3.990388489104892411e-01
2.800000000000000000e+02 3.996758133010938074e-01
2.790000000000000000e+02 4.003106068695408970e-01
2.780000000000000000e+02 4.009429254239894602e-01
2.770000000000000000e+02 4.015724594289779015e-01
2.760000000000000000e+02 4.021988941204427404e-01
2.750000000000000000e+02 4.028219096328510274e-01
2.740000000000000000e+02 4.034411811390292701e-01
2.730000000000000000e+02 4.040563790030822777e-01
2.720000000000000000e+02 4.046671689471386113e-01
2.710000000000000000e+02 4.052732122319550045e-01
2.700000000000000000e+02 4.058741658524571694e-01
2.690000000000000000e+02 4.064696827482673358e-01
2.680000000000000000e+02 4.070594120300233820e-01
2.670000000000000000e+02 4.076429992219358645e-01
2.660000000000000000e+02 4.082200865208038820e-01
2.650000000000000000e+02 4.087903130727083001e-01
2.640000000000000000e+02 4.093533152667485076e-01
2.630000000000000000e+02 4.099087270476916012e-01
2.620000000000000000e+02 4.104561802466552001e-01
2.610000000000000000e+02 4.109953049314202245e-01
2.600000000000000000e+02 4.115257297759463695e-01
2.590000000000000000e+02 4.120470824500831464e-01
2.580000000000000000e+02 4.125589900297548240e-01
2.570000000000000000e+02 4.130610794278283260e-01
2.560000000000000000e+02 4.135529778461727313e-01
2.550000000000000000e+02 4.140343132493026213e-01
2.540000000000000000e+02 4.145047148599348974e-01
2.530000000000000000e+02 4.149638136763519336e-01
2.520000000000000000e+02 4.154112430122652855e-01
2.510000000000000000e+02 4.158466390593952844e-01
2.500000000000000000e+02 4.162696414723583427e-01
2.490000000000000000e+02 4.166798939766222509e-01
2.480000000000000000e+02 4.170770449992090567e-01
2.470000000000000000e+02 4.174607483220811321e-01
2.460000000000000000e+02 4.178306637587821948e-01
2.450000000000000000e+02 4.181864578532319410e-01
2.440000000000000000e+02 4.185278046013108932e-01
2.430000000000000000e+02 4.188543861946006919e-01
2.420000000000000000e+02 4.191658937861642009e-01
2.410000000000000000e+02 4.194620282777694054e-01
2.400000000000000000e+02 4.197425011282363005e-01
2.390000000000000000e+02 4.200070351823913528e-01
2.380000000000000000e+02 4.202553655198102422e-01
2.370000000000000000e+02 4.204872403227872812e-01
2.360000000000000000e+02 4.207024217627875484e-01
2.350000000000000000e+02 4.209006869043808163e-01
2.340000000000000000e+02 4.210818286254077725e-01
2.330000000000000000e+02 4.212456565529479890e-01
2.320000000000000000e+02 4.213919980134089860e-01
2.310000000000000000e+02 4.215206989953570460e-01
2.300000000000000000e+02 4.216316251242063773e-01
2.290000000000000000e+02 4.217246626467958670e-01
2.280000000000000000e+02 4.217997194246789205e-01
2.270000000000000000e+02 4.218567259340869624e-01
2.260000000000000000e+02 4.218956362710057917e-01
2.250000000000000000e+02 4.219164291594075245e-01
2.240000000000000000e+02 4.219191089608025358e-01
2.230000000000000000e+02 4.219037066828262850e-01
2.220000000000000000e+02 4.218702809846960888e-01
2.210000000000000000e+02 4.218189191777845792e-01
2.200000000000000000e+02 4.217497382181313315e-01
2.190000000000000000e+02 4.216628856893757105e-01
2.180000000000000000e+02 4.215585407729495193e-01
2.170000000000000000e+02 4.214369152034177501e-01
2.160000000000000000e+02 4.212982542061637359e-01
2.150000000000000000e+02 4.211428374147351272e-01
2.140000000000000000e+02 4.209709797654742625e-01
2.130000000000000000e+02 4.207830323663057648e-01
2.120000000000000000e+02 4.205793833369509405e-01
2.110000000000000000e+02 4.203604586184132019e-01
2.100000000000000000e+02 4.201267227482441413e-01
2.090000000000000000e+02 4.198786795986843012e-01
2.080000000000000000e+02 4.196168730764296972e-01
2.070000000000000000e+02 4.193418877794992117e-01
2.060000000000000000e+02 4.190543496092901110e-01
2.050000000000000000e+02 4.187549263360031415e-01
2.040000000000000000e+02 4.184443281135620252e-01
2.030000000000000000e+02 4.181233079420727528e-01
2.020000000000000000e+02 4.177926620773176336e-01
2.010000000000000000e+02 4.174532303813429102e-01
2.000000000000000000e+02 4.171058966159272297e-01
1.990000000000000000e+02 4.167515886745705167e-01
1.980000000000000000e+02 4.163912787524627901e-01
1.970000000000000000e+02 4.160259834523813427e-01
1.960000000000000000e+02 4.156567638255939112e-01
1.950000000000000000e+02 4.152847253456447563e-01
1.940000000000000000e+02 4.149110178158582074e-01
1.930000000000000000e+02 4.145368352082554608e-01
1.920000000000000000e+02 4.141634154338673102e-01
1.910000000000000000e+02 4.137920400447832048e-01
1.900000000000000000e+02 4.134240338681716143e-01
1.890000000000000000e+02 4.130607645710148157e-01
1.880000000000000000e+02 4.127036421583178960e-01
1.870000000000000000e+02 4.123541184048334918e-01
1.860000000000000000e+02 4.120136862212971929e-01
1.850000000000000000e+02 4.116838789565077095e-01
1.840000000000000000e+02 4.113662696385682604e-01
1.830000000000000000e+02 4.110624701555135596e-01
1.820000000000000000e+02 4.107741303788577936e-01
1.810000000000000000e+02 4.105029372345094241e-01
1.800000000000000000e+02 4.102506137179115497e-01
1.790000000000000000e+02 4.100189178660788025e-01
1.780000000000000000e+02 4.098096416814691056e-01
1.770000000000000000e+02 4.096246100165828463e-01
1.760000000000000000e+02 4.094656794229071251e-01
1.750000000000000000e+02 4.093347369643756672e-01
1.740000000000000000e+02 4.092336990084939896e-01
1.730000000000000000e+02 4.091645099882268988e-01
1.720000000000000000e+02 4.091291411519524801e-01
1.710000000000000000e+02 4.091295892958529690e-01
1.700000000000000000e+02 4.091678754926992845e-01
1.690000000000000000e+02 4.092460438145880119e-01
1.680000000000000000e+02 4.093661600632077513e-01
1.670000000000000000e+02 4.095303105051610326e-01
1.660000000000000000e+02 4.097406006244762589e-01
1.650000000000000000e+02 4.099991538932069024e-01
1.640000000000000000e+02 4.103081105704778908e-01
1.630000000000000000e+02 4.106696265290697423e-01
1.620000000000000000e+02 4.110858721216101852e-01
1.610000000000000000e+02 4.115590310890067105e-01
1.600000000000000000e+02 4.120912995133005352e-01
1.590000000000000000e+02 4.126848848285592508e-01
1.580000000000000000e+02 4.133420048818854942e-01
1.570000000000000000e+02 4.140648870662790859e-01
1.560000000000000000e+02 4.148557675116062993e-01
1.550000000000000000e+02 4.157168903520984671e-01
1.540000000000000000e+02 4.166505070699084712e-01
1.530000000000000000e+02 4.176588759143715079e-01
1.520000000000000000e+02 4.187442614062263369e-01
1.510000000000000000e+02 4.199089339317617631e-01
1.500000000000000000e+02 4.211551694173175098e-01
1.490000000000000000e+02 4.224852491047541569e-01
1.480000000000000000e+02 4.239014594176142015e-01
1.470000000000000000e+02 4.254060952779574745e-01
1.460000000000000000e+02 4.270014477772276495e-01
1.450000000000000000e+02 4.286898216745997914e-01
1.440000000000000000e+02 4.304735248095842293e-01
1.430000000000000000e+02 4.323548710275780249e-01
1.420000000000000000e+02 4.343361806488352239e-01
1.410000000000000000e+02 4.364197810389270349e-01
1.400000000000000000e+02 4.386080072815745079e-01
1.390000000000000000e+02 4.409032029566372635e-01
1.380000000000000000e+02 4.433077210202497342e-01
1.370000000000000000e+02 4.458239247879070000e-01
1.360000000000000000e+02 4.484541890185524959e-01
1.350000000000000000e+02 4.512009010990316593e-01
1.340000000000000000e+02 4.540664623363319663e-01
1.330000000000000000e+02 4.570532893412521114e-01
1.320000000000000000e+02 4.601638155247912976e-01
1.310000000000000000e+02 4.634004926829970450e-01
1.300000000000000000e+02 4.667657926919883682e-01
1.290000000000000000e+02 4.702622093047601481e-01
1.280000000000000000e+02 4.738922600451276335e-01
1.270000000000000000e+02 4.776584882196259207e-01
1.260000000000000000e+02 4.815634650220633195e-01
1.250000000000000000e+02 4.856097917674579989e-01
1.240000000000000000e+02 4.898001022287846173e-01
1.230000000000000000e+02 4.941370651061458563e-01
1.220000000000000000e+02 4.986233866209354160e-01
1.210000000000000000e+02 5.032618132507196140e-01
1.200000000000000000e+02 5.080551346169476234e-01
1.190000000000000000e+02 5.130061865287398604e-01
1.180000000000000000e+02 5.181178542113640262e-01
1.170000000000000000e+02 5.233930757191280758e-01
1.160000000000000000e+02 5.288348455754895427e-01
1.150000000000000000e+02 5.344462186332706866e-01
1.140000000000000000e+02 5.402303142160729266e-01
1.130000000000000000e+02 5.461903205311219311e-01
1.120000000000000000e+02 5.523294994238663325e-01
1.110000000000000000e+02 5.586511914810852186e-01
1.100000000000000000e+02 5.651588215430352058e-01
1.090000000000000000e+02 5.718559046540501178e-01
1.080000000000000000e+02 5.787460525205527784e-01
1.070000000000000000e+02 5.858329805025610515e-01
1.060000000000000000e+02 5.931205152308161033e-01
1.050000000000000000e+02 6.006126028771736625e-01
1.040000000000000000e+02 6.083133181845656878e-01
1.030000000000000000e+02 6.162268742890444351e-01
1.020000000000000000e+02 6.243576334460249067e-01
1.010000000000000000e+02 6.327101187216852551e-01
1.000000000000000000e+02 6.412890267317898907e-01
9.900000000000000000e+01 6.500992415443478389e-01
9.800000000000000000e+01 6.591458497929152394e-01
9.700000000000000000e+01 6.684341571317817809e-01
9.600000000000000000e+01 6.779697061039877681e-01
9.500000000000000000e+01 6.877582955273073839e-01
9.400000000000000000e+01 6.978060014683957757e-01
9.300000000000000000e+01 7.081191999278727556e-01
9.200000000000000000e+01 7.187045912896312672e-01
9.100000000000000000e+01 7.295692266075632926e-01
9.000000000000000000e+01 7.407205358439270526e-01
8.900000000000000000e+01 7.521663580379980285e-01
8.800000000000000000e+01 7.639149735250769790e-01
8.700000000000000000e+01 7.759751382059109082e-01
8.600000000000000000e+01 7.883561198545956383e-01
8.500000000000000000e+01 8.010677365046913190e-01
8.400000000000000000e+01 8.141203968477923603e-01
8.200000000000000000e+01 8.412936928724645824e-01
8.100000000000000000e+01 8.554384900906368827e-01
8.000000000000000000e+01 8.699727478936567504e-01
7.900000000000000000e+01 8.849105003804048630e-01
7.800000000000000000e+01 9.002666527156848453e-01
7.700000000000000000e+01 9.160570329160230285e-01
7.600000000000000000e+01 9.322984445198456704e-01
7.500000000000000000e+01 9.490087199825585351e-01
7.400000000000000000e+01 9.662067744448902262e-01
7.300000000000000000e+01 9.839126597096039539e-01
7.200000000000000000e+01 1.002147618106844051e+00
7.100000000000000000e+01 1.020934136019912009e+00
7.000000000000000000e+01 1.040295996866826611e+00
6.900000000000000000e+01 1.060258333309294976e+00
6.800000000000000000e+01 1.080847678550523883e+00
6.700000000000000000e+01 1.102092016703538846e+00
6.600000000000000000e+01 1.124020832151702676e+00
6.500000000000000000e+01 1.146665157966796800e+00
6.400000000000000000e+01 1.170057623861792795e+00
6.300000000000000000e+01 1.194232503628176900e+00
6.200000000000000000e+01 1.219225763019311293e+00
6.100000000000000000e+01 1.245075108409946507e+00
6.000000000000000000e+01 1.271820037544461712e+00
5.900000000000000000e+01 1.299501893131894459e+00
5.800000000000000000e+01 1.328163921046629836e+00
5.700000000000000000e+01 1.357851334707064206e+00
5.600000000000000000e+01 1.388611387657852303e+00
5.500000000000000000e+01 1.420493456605460114e+00
5.400000000000000000e+01 1.453549137904009303e+00
5.300000000000000000e+01 1.487832360263908971e+00
5.200000000000000000e+01 1.523399517525154678e+00
5.100000000000000000e+01 1.560309625017973101e+00
5.000000000000000000e+01 1.598624504588866513e+00
