4.000000000000000000e+02 8.169677439550697695e-01
3.990000000000000000e+02 8.166117581436274087e-01
3.980000000000000000e+02 8.162524871095505619e-01
3.970000000000000000e+02 8.158898694183045475e-01
3.960000000000000000e+02 8.155238977241927589e-01
3.950000000000000000e+02 8.151545834498634679e-01
3.940000000000000000e+02 8.147819114643130023e-01
3.930000000000000000e+02 8.144058280124018001e-01
3.920000000000000000e+02 8.140263428592577899e-01
3.910000000000000000e+02 8.136434322074187486e-01
3.900000000000000000e+02 8.132571267932968695e-01
3.890000000000000000e+02 8.128673465415195976e-01
3.880000000000000000e+02 8.124741165368013496e-01
3.870000000000000000e+02 8.120774284554459488e-01
3.860000000000000000e+02 8.116773196488135111e-01
3.850000000000000000e+02 8.112737555880991103e-01
3.840000000000000000e+02 8.108666380045593813e-01
3.830000000000000000e+02 8.104560038488072271e-01
3.820000000000000000e+02 8.100420029036016212e-01
3.810000000000000000e+02 8.096244525781272072e-01
3.800000000000000000e+02 8.092033957025644986e-01
3.790000000000000000e+02 8.087789283299756660e-01
3.780000000000000000e+02 8.083508832076341521e-01
3.770000000000000000e+02 8.079194376287007762e-01
3.760000000000000000e+02 8.074844738618266460e-01
3.750000000000000000e+02 8.070460981307479020e-01
3.740000000000000000e+02 8.066042383768073920e-01
3.730000000000000000e+02 8.061589374069693115e-01
3.720000000000000000e+02 8.057102245941143437e-01
3.710000000000000000e+02 8.052580808055379569e-01
3.700000000000000000e+02 8.048025214355361001e-01
3.690000000000000000e+02 8.043436314805294529e-01
3.680000000000000000e+02 8.038813661870513050e-01
3.670000000000000000e+02 8.034157811424936790e-01
3.660000000000000000e+02 8.029468664602643635e-01
3.650000000000000000e+02 8.024746115828476078e-01
3.640000000000000000e+02 8.019991219215694134e-01
3.630000000000000000e+02 8.015204622936085155e-01
3.620000000000000000e+02 8.010385605489315219e-01
3.610000000000000000e+02 8.005534833509995174e-01
3.600000000000000000e+02 8.000652987716143638e-01
3.590000000000000000e+02 7.995740246097807757e-01
3.580000000000000000e+02 7.990796877365939910e-01
3.570000000000000000e+02 7.985823536548495305e-01
3.560000000000000000e+02 7.980821066155837640e-01
3.550000000000000000e+02 7.975788636045885172e-01
3.540000000000000000e+02 7.970728012346535163e-01
3.530000000000000000e+02 7.965639151958431308e-01
3.520000000000000000e+02 7.960523073312734121e-01
3.510000000000000000e+02 7.955379684086184566e-01
3.500000000000000000e+02 7.950210082918344190e-01
3.490000000000000000e+02 7.945014010041403507e-01
3.480000000000000000e+02 7.939793402284820445e-01
3.470000000000000000e+02 7.934547815340204924e-01
3.460000000000000000e+02 7.929278551340488423e-01
3.450000000000000000e+02 7.923986544489131090e-01
3.440000000000000000e+02 7.918671664279430811e-01
3.430000000000000000e+02 7.913335173080859875e-01
3.420000000000000000e+02 7.907977749040896454e-01
3.410000000000000000e+02 7.902600173709829479e-01
3.400000000000000000e+02 7.897202867408605886e-01
3.390000000000000000e+02 7.891787835676670193e-01
3.380000000000000000e+02 7.886354617438157133e-01
3.370000000000000000e+02 7.880904717590304642e-01
3.360000000000000000e+02 7.875439286523757687e-01
3.350000000000000000e+02 7.869958655935717085e-01
3.340000000000000000e+02 7.864463556388359144e-01
3.330000000000000000e+02 7.858956349761929694e-01
3.320000000000000000e+02 7.853436250201947244e-01
3.310000000000000000e+02 7.847905377577921726e-01
3.300000000000000000e+02 7.842364498023004504e-01
3.290000000000000000e+02 7.836814220176576695e-01
3.280000000000000000e+02 7.831256699530657617e-01
3.270000000000000000e+02 7.825691308584050709e-01
3.260000000000000000e+02 7.820119991176971430e-01
3.250000000000000000e+02 7.814544768351900927e-01
3.240000000000000000e+02 7.808964966021146870e-01
3.230000000000000000e+02 7.803382795977019670e-01
3.220000000000000000e+02 7.797799320056377770e-01
3.210000000000000000e+02 7.792215270818795281e-01
3.200000000000000000e+02 7.786632440934334598e-01
3.190000000000000000e+02 7.781050865995238208e-01
3.180000000000000000e+02 7.775472518964130497e-01
3.170000000000000000e+02 7.769898982021957723e-01
3.160000000000000000e+02 7.764330440448257153e-01
3.150000000000000000e+02 7.758768609735187116e-01
3.140000000000000000e+02 7.753214518425405322e-01
3.130000000000000000e+02 7.747669107307633141e-01
3.120000000000000000e+02 7.742134041980528458e-01
3.110000000000000000e+02 7.736610777232415526e-01
3.100000000000000000e+02 7.731099466166633238e-01
3.090000000000000000e+02 7.725601825447754312e-01
3.080000000000000000e+02 7.720119676485045490e-01
3.070000000000000000e+02 7.714652310817066150e-01
3.060000000000000000e+02 7.709202708966117479e-01
3.050000000000000000e+02 7.703771374679372341e-01
3.040000000000000000e+02 7.698359528371671034e-01
3.030000000000000000e+02 7.692968135956256281e-01
3.020000000000000000e+02 7.687598507675270643e-01
3.010000000000000000e+02 7.682251702700538809e-01
3.000000000000000000e+02 7.676928548350803183e-01
2.990000000000000000e+02 7.671630442735435373e-01
2.980000000000000000e+02 7.666358275701100622e-01
2.970000000000000000e+02 7.661113184355441419e-01
2.960000000000000000e+02 7.655896135330666485e-01
2.950000000000000000e+02 7.650707919832255843e-01
2.940000000000000000e+02 7.645550096104940518e-01
2.930000000000000000e+02 7.640423099541538976e-01
2.920000000000000000e+02 7.635327619886116413e-01
2.910000000000000000e+02 7.630265573337013940e-01
2.900000000000000000e+02 7.625236922369300618e-01
2.890000000000000000e+02 7.620242950944988714e-01
2.880000000000000000e+02 7.615283824838198212e-01
2.870000000000000000e+02 7.610361090922608263e-01
2.860000000000000000e+02 7.605475151741604156e-01
2.850000000000000000e+02 7.600626898437466972e-01
2.840000000000000000e+02 7.595817387402590271e-01
2.830000000000000000e+02 7.591045929724473673e-01
2.820000000000000000e+02 7.586314523178389058e-01
2.810000000000000000e+02 7.581623307290408231e-01
2.800000000000000000e+02 7.576972856593433558e-01
2.790000000000000000e+02 7.572363441189017275e-01
2.780000000000000000e+02 7.567795790480233986e-01
2.770000000000000000e+02 7.563270161411470571e-01
2.760000000000000000e+02 7.558787556961149567e-01
2.750000000000000000e+02 7.554347545682185139e-01
2.740000000000000000e+02 7.549951299616740608e-01
2.730000000000000000e+02 7.545597791385000308e-01
2.720000000000000000e+02 7.541288795517033794e-01
2.710000000000000000e+02 7.537022963735126035e-01
2.700000000000000000e+02 7.532802129305957717e-01
2.690000000000000000e+02 7.528625239474725506e-01
2.680000000000000000e+02 7.524492834145816156e-01
2.670000000000000000e+02 7.520404947551058150e-01
2.660000000000000000e+02 7.516361407158568264e-01
2.650000000000000000e+02 7.512362497169787767e-01
2.640000000000000000e+02 7.508407697014590765e-01
2.630000000000000000e+02 7.504497141124529813e-01
2.620000000000000000e+02 7.500631234429865346e-01
2.610000000000000000e+02 7.496809058311459939e-01
2.600000000000000000e+02 7.493030710421615392e-01
2.590000000000000000e+02 7.489295826572446302e-01
2.580000000000000000e+02 7.485604408888253403e-01
2.570000000000000000e+02 7.481955797975502476e-01
2.560000000000000000e+02 7.478350148973568201e-01
2.550000000000000000e+02 7.474786466551670561e-01
2.540000000000000000e+02 7.471264918738512728e-01
2.530000000000000000e+02 7.467784612905885577e-01
2.520000000000000000e+02 7.464346131460275480e-01
2.510000000000000000e+02 7.460948081941948251e-01
2.500000000000000000e+02 7.457590321913940556e-01
2.490000000000000000e+02 7.454272300163902187e-01
2.480000000000000000e+02 7.450993886125039101e-01
2.470000000000000000e+02 7.447754358295378685e-01
2.460000000000000000e+02 7.444553323864070427e-01
2.450000000000000000e+02 7.441390315790410437e-01
2.440000000000000000e+02 7.438264871641508957e-01
2.430000000000000000e+02 7.435176811455583845e-01
2.420000000000000000e+02 7.432125295441934787e-01
2.410000000000000000e+02 7.429110434088871395e-01
2.400000000000000000e+02 7.426131620110588694e-01
2.390000000000000000e+02 7.423188498911422739e-01
2.380000000000000000e+02 7.420281039159402070e-01
2.370000000000000000e+02 7.417409025407266654e-01
2.360000000000000000e+02 7.414572282246173485e-01
2.350000000000000000e+02 7.411770442049396834e-01
2.340000000000000000e+02 7.409004040729834095e-01
2.330000000000000000e+02 7.406272866047165504e-01
2.320000000000000000e+02 7.403577436358086405e-01
2.310000000000000000e+02 7.400916967003263736e-01
2.300000000000000000e+02 7.398293455741552505e-01
2.290000000000000000e+02 7.395706622481760251e-01
2.280000000000000000e+02 7.393157215053314246e-01
2.270000000000000000e+02 7.390646446778657008e-01
2.260000000000000000e+02 7.388173542420081175e-01
2.250000000000000000e+02 7.385742367160570421e-01
2.240000000000000000e+02 7.383352791147196337e-01
2.230000000000000000e+02 7.381006149479278911e-01
2.220000000000000000e+02 7.378704733218145462e-01
2.210000000000000000e+02 7.376450853851709288e-01
2.200000000000000000e+02 7.374244727948184863e-01
2.190000000000000000e+02 7.372091243388860793e-01
2.180000000000000000e+02 7.369991448838961734e-01
2.170000000000000000e+02 7.367949694067458255e-01
2.160000000000000000e+02 7.365967973581493133e-01
2.150000000000000000e+02 7.364050292600060610e-01
2.140000000000000000e+02 7.362200397191216439e-01
2.130000000000000000e+02 7.360422488367110994e-01
2.120000000000000000e+02 7.358721195888269229e-01
2.110000000000000000e+02 7.357100831444369771e-01
2.100000000000000000e+02 7.355567574422510191e-01
2.090000000000000000e+02 7.354125291949517029e-01
2.080000000000000000e+02 7.352780911627523341e-01
2.070000000000000000e+02 7.351540957621873762e-01
2.060000000000000000e+02 7.350410191232185086e-01
2.050000000000000000e+02 7.349397299408300110e-01
2.040000000000000000e+02 7.348508576328317554e-01
2.030000000000000000e+02 7.347751823176772445e-01
2.020000000000000000e+02 7.347135082604989709e-01
2.010000000000000000e+02 7.346666226483706819e-01
2.000000000000000000e+02 7.346353712034686678e-01
1.990000000000000000e+02 7.346205957977995915e-01
1.980000000000000000e+02 7.346233852469457037e-01
1.970000000000000000e+02 7.346444592427830989e-01
1.960000000000000000e+02 7.346848686481104451e-01
1.950000000000000000e+02 7.347454712566049428e-01
1.940000000000000000e+02 7.348273428441030042e-01
1.930000000000000000e+02 7.349314450110305819e-01
1.920000000000000000e+02 7.350588580867338795e-01
1.910000000000000000e+02 7.352102934582374072e-01
1.900000000000000000e+02 7.353870199084722170e-01
1.890000000000000000e+02 7.355898891277130591e-01
1.880000000000000000e+02 7.358198500137236309e-01
1.870000000000000000e+02 7.360778752866126151e-01
1.860000000000000000e+02 7.363648206484324499e-01
1.850000000000000000e+02 7.366815772138487484e-01
1.840000000000000000e+02 7.370289441274169295e-01
1.830000000000000000e+02 7.374077230567575025e-01
1.820000000000000000e+02 7.378185394893435056e-01
1.810000000000000000e+02 7.382621840077784325e-01
1.800000000000000000e+02 7.387391331784913806e-01
1.790000000000000000e+02 7.392498918436433142e-01
1.780000000000000000e+02 7.397949073858761659e-01
1.770000000000000000e+02 7.403744742830474790e-01
1.760000000000000000e+02 7.409888696330497737e-01
1.750000000000000000e+02 7.416382035473979562e-01
1.740000000000000000e+02 7.423225731132688798e-01
1.730000000000000000e+02 7.430418633967814657e-01
1.720000000000000000e+02 7.437959075959114097e-01
1.710000000000000000e+02 7.445845045396078943e-01
1.700000000000000000e+02 7.454071849652608162e-01
1.690000000000000000e+02 7.462635130426267249e-01
1.680000000000000000e+02 7.471528653480631332e-01
1.670000000000000000e+02 7.480745696875777950e-01
1.660000000000000000e+02 7.490278650189142740e-01
1.650000000000000000e+02 7.500118133817166299e-01
1.640000000000000000e+02 7.510254507014564318e-01
1.630000000000000000e+02 7.520677202225765079e-01
1.620000000000000000e+02 7.531375258544833473e-01
1.610000000000000000e+02 7.542335443270602457e-01
1.600000000000000000e+02 7.553546042198966415e-01
1.590000000000000000e+02 7.564993789250682443e-01
1.580000000000000000e+02 7.576664948684599388e-01
1.570000000000000000e+02 7.588545298554940643e-01
1.560000000000000000e+02 7.600621159393825543e-01
1.550000000000000000e+02 7.612878087745463818e-01
1.540000000000000000e+02 7.625301676295408448e-01
1.530000000000000000e+02 7.637878498481109890e-01
1.520000000000000000e+02 7.650595029093666399e-01
1.510000000000000000e+02 7.663437371650894114e-01
1.500000000000000000e+02 7.676393290359908583e-01
1.490000000000000000e+02 7.689451058535479167e-01
1.480000000000000000e+02 7.702599652601306301e-01
1.470000000000000000e+02 7.715829375211605834e-01
1.460000000000000000e+02 7.729131507281266078e-01
1.450000000000000000e+02 7.742499524095697305e-01
1.440000000000000000e+02 7.755927359341744376e-01
1.430000000000000000e+02 7.769411742408351973e-01
1.420000000000000000e+02 7.782951352281939350e-01
1.410000000000000000e+02 7.796547493307381949e-01
1.400000000000000000e+02 7.810203320137806271e-01
1.390000000000000000e+02 7.823925454130843393e-01
1.380000000000000000e+02 7.837723258178342922e-01
1.370000000000000000e+02 7.851609580936443900e-01
1.360000000000000000e+02 7.865601498968791683e-01
1.350000000000000000e+02 7.879719310796770015e-01
1.340000000000000000e+02 7.893987916232749757e-01
1.330000000000000000e+02 7.908435916896356943e-01
1.320000000000000000e+02 7.923098175316418690e-01
1.310000000000000000e+02 7.938014065957208487e-01
1.300000000000000000e+02 7.953226856433086578e-01
1.290000000000000000e+02 7.968787296984232160e-01
1.280000000000000000e+02 7.984749127074903807e-01
1.270000000000000000e+02 8.001172071582243195e-01
1.260000000000000000e+02 8.018122024578006046e-01
1.250000000000000000e+02 8.035666454556854577e-01
1.240000000000000000e+02 8.053878870332955575e-01
1.230000000000000000e+02 8.072835239087334802e-01
1.220000000000000000e+02 8.092612911635175266e-01
1.210000000000000000e+02 8.113289039154059079e-01
1.200000000000000000e+02 8.134941794233985224e-01
1.190000000000000000e+02 8.157643089105361955e-01
1.180000000000000000e+02 8.181460886860014714e-01
1.170000000000000000e+02 8.206456350527688848e-01
1.160000000000000000e+02 8.232678943690927564e-01
1.150000000000000000e+02 8.260167363765990034e-01
1.140000000000000000e+02 8.288944517318246330e-01
1.130000000000000000e+02 8.319017831034095645e-01
1.120000000000000000e+02 8.350377214785096314e-01
1.110000000000000000e+02 8.382993804873977162e-01
1.100000000000000000e+02 8.416819875363362735e-01
1.090000000000000000e+02 8.451790191962536003e-01
1.080000000000000000e+02 8.487823079262061254e-01
1.070000000000000000e+02 8.524823139355248713e-01
1.060000000000000000e+02 8.562683108650656072e-01
1.050000000000000000e+02 8.601288493914283073e-01
1.040000000000000000e+02 8.640520602438407360e-01
1.030000000000000000e+02 8.680261051330583344e-01
1.020000000000000000e+02 8.720395619215005611e-01
1.010000000000000000e+02 8.760818163984016582e-01
1.000000000000000000e+02 8.801432787099885413e-01
9.900000000000000000e+01 8.842158902753718408e-01
9.800000000000000000e+01 8.882931348000693283e-01
9.700000000000000000e+01 8.923703574578034647e-01
9.600000000000000000e+01 8.964447241966968516e-01
9.500000000000000000e+01 9.005154626605835766e-01
9.400000000000000000e+01 9.045835823182352131e-01
9.300000000000000000e+01 9.086520638695990693e-01
9.200000000000000000e+01 9.127256091706773544e-01
9.100000000000000000e+01 9.168105881643364707e-01
9.000000000000000000e+01 9.209148953736429055e-01
8.900000000000000000e+01 9.250477696967817076e-01
8.800000000000000000e+01 9.292196767362788101e-01
8.700000000000000000e+01 9.334421607409976174e-01
8.600000000000000000e+01 9.377275780911378256e-01
8.500000000000000000e+01 9.420892230257684741e-01
8.400000000000000000e+01 9.465409303811652686e-01
8.300000000000000000e+01 9.510971326409727311e-01
8.200000000000000000e+01 9.557726784551026089e-01
8.100000000000000000e+01 9.605828043735952226e-01
8.000000000000000000e+01 9.655430175399954962e-01
7.900000000000000000e+01 9.706690549894325670e-01
7.800000000000000000e+01 9.759768023941371995e-01
7.700000000000000000e+01 9.814822240855600732e-01
7.600000000000000000e+01 9.872013622270864319e-01
7.500000000000000000e+01 9.931501637274576799e-01
7.400000000000000000e+01 9.993444891534903896e-01
7.300000000000000000e+01 1.005799935484757768e+00
7.200000000000000000e+01 1.012531707038756501e+00
7.100000000000000000e+01 1.019554413386822622e+00
7.000000000000000000e+01 1.026881753986561119e+00
6.900000000000000000e+01 1.034526171114040327e+00
6.800000000000000000e+01 1.042498259806821981e+00
6.700000000000000000e+01 1.050806068409392502e+00
6.600000000000000000e+01 1.059454098665746136e+00
6.500000000000000000e+01 1.068441995111679033e+00
6.400000000000000000e+01 1.077762894201911070e+00
6.300000000000000000e+01 1.087401689956621675e+00
6.200000000000000000e+01 1.097333760289799676e+00
6.100000000000000000e+01 1.107526886840275004e+00
6.000000000000000000e+01 1.117954012423161281e+00
5.900000000000000000e+01 1.128638395191341237e+00
5.800000000000000000e+01 1.139777853379877470e+00
5.700000000000000000e+01 1.151961417923820896e+00
5.600000000000000000e+01 1.166151795397802893e+00
5.500000000000000000e+01 1.182987057538951392e+00
5.400000000000000000e+01 1.202338415524765391e+00
5.300000000000000000e+01 1.223752808974471140e+00
5.200000000000000000e+01 1.246834358656607300e+00
5.100000000000000000e+01 1.271310040994757973e+00
5.000000000000000000e+01 1.297010013948666662e+00
