4.000000000000000000e+02 8.310845967068429818e-01
3.990000000000000000e+02 8.310361694993557702e-01
3.980000000000000000e+02 8.309899369418287662e-01
3.970000000000000000e+02 8.309458479124898211e-01
3.960000000000000000e+02 8.309040475149122029e-01
3.950000000000000000e+02 8.308645010385555807e-01
3.940000000000000000e+02 8.308273654568041344e-01
3.930000000000000000e+02 8.307925856287622368e-01
3.920000000000000000e+02 8.307602277762942133e-01
3.910000000000000000e+02 8.307304031443198955e-01
3.900000000000000000e+02 8.307030625267977086e-01
3.890000000000000000e+02 8.306783131831659839e-01
3.880000000000000000e+02 8.306561935141113517e-01
3.870000000000000000e+02 8.306367559757295016e-01
3.860000000000000000e+02 8.306200461793380452e-01
3.850000000000000000e+02 8.306061142322457291e-01
3.840000000000000000e+02 8.305950113175228910e-01
3.830000000000000000e+02 8.305867798012579462e-01
3.820000000000000000e+02 8.305815040193955667e-01
3.810000000000000000e+02 8.305791724436605294e-01
3.800000000000000000e+02 8.305798997595922328e-01
3.790000000000000000e+02 8.305837350599654112e-01
3.780000000000000000e+02 8.305906949436184794e-01
3.770000000000000000e+02 8.306008415040273540e-01
3.760000000000000000e+02 8.306142441384435360e-01
3.750000000000000000e+02 8.306309553125420519e-01
3.740000000000000000e+02 8.306510156105206821e-01
3.730000000000000000e+02 8.306744650589442669e-01
3.720000000000000000e+02 8.307014414337147157e-01
3.710000000000000000e+02 8.307318549483164727e-01
3.700000000000000000e+02 8.307659179981469189e-01
3.690000000000000000e+02 8.308036001586176500e-01
3.680000000000000000e+02 8.308449412903988751e-01
3.670000000000000000e+02 8.308900359488651244e-01
3.660000000000000000e+02 8.309389235976945010e-01
3.650000000000000000e+02 8.309917042452549252e-01
3.640000000000000000e+02 8.310483602529480374e-01
3.630000000000000000e+02 8.311090012225704760e-01
3.620000000000000000e+02 8.311736475002404756e-01
3.610000000000000000e+02 8.312423817038364637e-01
3.600000000000000000e+02 8.313152536365411294e-01
3.590000000000000000e+02 8.313923113057849479e-01
3.580000000000000000e+02 8.314736297245045593e-01
3.570000000000000000e+02 8.315592421766042630e-01
3.560000000000000000e+02 8.316492080004906917e-01
3.550000000000000000e+02 8.317435981496461572e-01
3.540000000000000000e+02 8.318424607783900804e-01
3.530000000000000000e+02 8.319458339078243947e-01
3.520000000000000000e+02 8.320538063059069733e-01
3.510000000000000000e+02 8.321663680909896499e-01
3.500000000000000000e+02 8.322836481923368002e-01
3.490000000000000000e+02 8.324056576478572333e-01
3.480000000000000000e+02 8.325324495899576460e-01
3.470000000000000000e+02 8.326640789736787784e-01
3.460000000000000000e+02 8.328005968596272623e-01
3.450000000000000000e+02 8.329420484803480296e-01
3.440000000000000000e+02 8.330885022018934549e-01
3.430000000000000000e+02 8.332399646916223146e-01
3.420000000000000000e+02 8.333965563222802686e-01
3.410000000000000000e+02 8.335582499701207349e-01
3.400000000000000000e+02 8.337251158321076216e-01
3.390000000000000000e+02 8.338972043691524894e-01
3.380000000000000000e+02 8.340745187988035658e-01
3.370000000000000000e+02 8.342571859606857654e-01
3.360000000000000000e+02 8.344451735000176784e-01
3.350000000000000000e+02 8.346385079660848527e-01
3.340000000000000000e+02 8.348372946510932424e-01
3.330000000000000000e+02 8.350415401673253468e-01
3.320000000000000000e+02 8.352512361860422452e-01
3.310000000000000000e+02 8.354664597372207790e-01
3.300000000000000000e+02 8.356872398120787082e-01
3.290000000000000000e+02 8.359135727296809204e-01
3.280000000000000000e+02 8.361454925633171609e-01
3.270000000000000000e+02 8.363830501179341237e-01
3.260000000000000000e+02 8.366262345336078488e-01
3.250000000000000000e+02 8.368750783352123523e-01
3.240000000000000000e+02 8.371296269835173387e-01
3.230000000000000000e+02 8.373898409287039435e-01
3.220000000000000000e+02 8.376557683839092050e-01
3.210000000000000000e+02 8.379274034772343782e-01
3.200000000000000000e+02 8.382047578955268419e-01
3.190000000000000000e+02 8.384878347108173369e-01
3.180000000000000000e+02 8.387766350368186519e-01
3.170000000000000000e+02 8.390711689866102718e-01
3.160000000000000000e+02 8.393713966208284916e-01
3.150000000000000000e+02 8.396773446951165676e-01
3.140000000000000000e+02 8.399889767019012021e-01
3.130000000000000000e+02 8.403063173389916374e-01
3.120000000000000000e+02 8.406292832686600436e-01
3.110000000000000000e+02 8.409579032874439086e-01
3.100000000000000000e+02 8.412921497185404940e-01
3.090000000000000000e+02 8.416319851589432188e-01
3.080000000000000000e+02 8.419773287073102352e-01
3.070000000000000000e+02 8.423282699648044769e-01
3.060000000000000000e+02 8.426846496863085179e-01
3.050000000000000000e+02 8.430464732106526249e-01
3.040000000000000000e+02 8.434137533456310676e-01
3.030000000000000000e+02 8.437862249790533120e-01
3.020000000000000000e+02 8.441640607017178999e-01
3.010000000000000000e+02 8.445470982393877835e-01
3.000000000000000000e+02 8.449352825868786665e-01
2.990000000000000000e+02 8.453286078554799188e-01
2.980000000000000000e+02 8.457269119262481594e-01
2.970000000000000000e+02 8.461301508373458846e-01
2.960000000000000000e+02 8.465382731022967899e-01
2.950000000000000000e+02 8.469511671779024198e-01
2.940000000000000000e+02 8.473687369158279248e-01
2.930000000000000000e+02 8.477908986421718307e-01
2.920000000000000000e+02 8.482175576948517426e-01
2.910000000000000000e+02 8.486486016736594085e-01
2.900000000000000000e+02 8.490839094927800090e-01
2.890000000000000000e+02 8.495233962532122707e-01
2.880000000000000000e+02 8.499669139955485786e-01
2.870000000000000000e+02 8.504143954167900921e-01
2.860000000000000000e+02 8.508656590414818144e-01
2.850000000000000000e+02 8.513205942221409028e-01
2.840000000000000000e+02 8.517790590433230724e-01
2.830000000000000000e+02 8.522409334439802198e-01
2.820000000000000000e+02 8.527060234060628297e-01
2.810000000000000000e+02 8.531742290167300125e-01
2.800000000000000000e+02 8.536453743482146361e-01
2.790000000000000000e+02 8.541192858180836067e-01
2.780000000000000000e+02 8.545958339783150670e-01
2.770000000000000000e+02 8.550748265379762847e-01
2.760000000000000000e+02 8.555560859165958210e-01
2.750000000000000000e+02 8.560394379435601886e-01
2.740000000000000000e+02 8.565247030240131787e-01
2.730000000000000000e+02 8.570116893530766999e-01
2.720000000000000000e+02 8.575002066473986773e-01
2.710000000000000000e+02 8.579900508569960893e-01
2.700000000000000000e+02 8.584810194683978324e-01
2.690000000000000000e+02 8.589729159778880518e-01
2.680000000000000000e+02 8.594655150497187979e-01
2.670000000000000000e+02 8.599586099753030455e-01
2.660000000000000000e+02 8.604519697003748524e-01
2.650000000000000000e+02 8.609453831415287972e-01
2.640000000000000000e+02 8.614385891471595391e-01
2.630000000000000000e+02 8.619314035366613114e-01
2.620000000000000000e+02 8.624235479955627559e-01
2.610000000000000000e+02 8.629147829155494609e-01
2.600000000000000000e+02 8.634048564348637544e-01
2.590000000000000000e+02 8.638935333370274527e-01
2.580000000000000000e+02 8.643805448980781403e-01
2.570000000000000000e+02 8.648656421561246033e-01
2.560000000000000000e+02 8.653485308247940155e-01
2.550000000000000000e+02 8.658289664035543343e-01
2.540000000000000000e+02 8.663066688095116819e-01
2.530000000000000000e+02 8.667813612758656916e-01
2.520000000000000000e+02 8.672527555805487065e-01
2.510000000000000000e+02 8.677205689404009492e-01
2.500000000000000000e+02 8.681845284030146326e-01
2.490000000000000000e+02 8.686443000093860833e-01
2.480000000000000000e+02 8.690996318158533684e-01
2.470000000000000000e+02 8.695501878869982271e-01
2.460000000000000000e+02 8.699956890918134622e-01
2.450000000000000000e+02 8.704358269564549389e-01
2.440000000000000000e+02 8.708702609742943190e-01
2.430000000000000000e+02 8.712987391739808185e-01
2.420000000000000000e+02 8.717209156470089315e-01
2.410000000000000000e+02 8.721364326626135366e-01
2.400000000000000000e+02 8.725450393327991438e-01
2.390000000000000000e+02 8.729463600569410398e-01
2.380000000000000000e+02 8.733401517154850691e-01
2.370000000000000000e+02 8.737259661811612732e-01
2.360000000000000000e+02 8.741035829391314849e-01
2.350000000000000000e+02 8.744726049758133612e-01
2.340000000000000000e+02 8.748327661926877941e-01
2.330000000000000000e+02 8.751837203155412581e-01
2.320000000000000000e+02 8.755251364129963410e-01
2.310000000000000000e+02 8.758566796716856784e-01
2.300000000000000000e+02 8.761780739484005265e-01
2.290000000000000000e+02 8.764889507506254951e-01
2.280000000000000000e+02 8.767890100480266735e-01
2.270000000000000000e+02 8.770779340260063117e-01
2.260000000000000000e+02 8.773554143555539753e-01
2.250000000000000000e+02 8.776211713973726125e-01
2.240000000000000000e+02 8.778748575118299202e-01
2.230000000000000000e+02 8.781161928696344932e-01
2.220000000000000000e+02 8.783449157554539255e-01
2.210000000000000000e+02 8.785607138894206969e-01
2.200000000000000000e+02 8.787633730132760057e-01
2.190000000000000000e+02 8.789525533218076614e-01
2.180000000000000000e+02 8.791281119164244817e-01
2.170000000000000000e+02 8.792897160452123329e-01
2.160000000000000000e+02 8.794371759577616077e-01
2.150000000000000000e+02 8.795703036650067697e-01
2.140000000000000000e+02 8.796888762463102029e-01
2.130000000000000000e+02 8.797927093060611270e-01
2.120000000000000000e+02 8.798816789825182338e-01
2.110000000000000000e+02 8.799556283412045543e-01
2.100000000000000000e+02 8.800144354582067896e-01
2.090000000000000000e+02 8.800580101922284015e-01
2.080000000000000000e+02 8.800862780778229144e-01
2.070000000000000000e+02 8.800992254677333371e-01
2.060000000000000000e+02 8.800967426372842128e-01
2.050000000000000000e+02 8.800788643065947658e-01
2.040000000000000000e+02 8.800456570628668596e-01
2.030000000000000000e+02 8.799971555644249266e-01
2.020000000000000000e+02 8.799334725993948059e-01
2.010000000000000000e+02 8.798546875567558878e-01
2.000000000000000000e+02 8.797609603228842001e-01
1.990000000000000000e+02 8.796524834718474350e-01
1.980000000000000000e+02 8.795294825269446282e-01
1.970000000000000000e+02 8.793921889803333336e-01
1.960000000000000000e+02 8.792408554609777438e-01
1.950000000000000000e+02 8.790758248603757208e-01
1.940000000000000000e+02 8.788973535465176568e-01
1.930000000000000000e+02 8.787059077258100315e-01
1.920000000000000000e+02 8.785018130470106934e-01
1.910000000000000000e+02 8.782854904465877688e-01
1.900000000000000000e+02 8.780573793314242481e-01
1.890000000000000000e+02 8.778179380296583512e-01
1.880000000000000000e+02 8.775676449285930714e-01
1.870000000000000000e+02 8.773069409503571059e-01
1.860000000000000000e+02 8.770363530954592424e-01
1.850000000000000000e+02 8.767564080122092207e-01
1.840000000000000000e+02 8.764674980056438303e-01
1.830000000000000000e+02 8.761702014046361953e-01
1.820000000000000000e+02 8.758649801325504303e-01
1.810000000000000000e+02 8.755522628347841563e-01
1.800000000000000000e+02 8.752325151266637793e-01
1.790000000000000000e+02 8.749061730018123928e-01
1.780000000000000000e+02 8.745735423570221156e-01
1.770000000000000000e+02 8.742350213403661252e-01
1.760000000000000000e+02 8.738909036656018481e-01
1.750000000000000000e+02 8.735413706329809846e-01
1.740000000000000000e+02 8.731866916847171867e-01
1.730000000000000000e+02 8.728269305676913392e-01
1.720000000000000000e+02 8.724621768436497948e-01
1.710000000000000000e+02 8.720924377964970331e-01
1.700000000000000000e+02 8.717175707041576738e-01
1.690000000000000000e+02 8.713375128385024704e-01
1.680000000000000000e+02 8.709519191782064684e-01
1.670000000000000000e+02 8.705605592673975046e-01
1.660000000000000000e+02 8.701630308061879537e-01
1.650000000000000000e+02 8.697588741177196825e-01
1.640000000000000000e+02 8.693474859589692683e-01
1.630000000000000000e+02 8.689283151593306664e-01
1.620000000000000000e+02 8.685006356418225604e-01
1.610000000000000000e+02 8.680636571038554683e-01
1.600000000000000000e+02 8.676166346039446697e-01
1.590000000000000000e+02 8.671584965920584587e-01
1.580000000000000000e+02 8.666884659052475071e-01
1.570000000000000000e+02 8.662054686956767169e-01
1.560000000000000000e+02 8.657084697219223912e-01
1.550000000000000000e+02 8.651964446731045255e-01
1.540000000000000000e+02 8.646682284958432385e-01
1.530000000000000000e+02 8.641226812308027139e-01
1.520000000000000000e+02 8.635587676301628157e-01
1.510000000000000000e+02 8.629752835320354531e-01
1.500000000000000000e+02 8.623711655527865894e-01
1.490000000000000000e+02 8.617453876564464821e-01
1.480000000000000000e+02 8.610968186189089657e-01
1.470000000000000000e+02 8.604245413890181382e-01
1.460000000000000000e+02 8.597276892266333403e-01
1.450000000000000000e+02 8.590053429382752403e-01
1.440000000000000000e+02 8.582570353464064050e-01
1.430000000000000000e+02 8.574820375833558384e-01
1.420000000000000000e+02 8.566800271030450276e-01
1.410000000000000000e+02 8.558507948413482946e-01
1.400000000000000000e+02 8.549943782048227137e-01
1.390000000000000000e+02 8.541110525742070525e-01
1.380000000000000000e+02 8.532013095130481783e-01
1.370000000000000000e+02 8.522661050102159352e-01
1.360000000000000000e+02 8.513066338206976003e-01
1.350000000000000000e+02 8.503245548918964003e-01
1.340000000000000000e+02 8.493218925171656108e-01
1.330000000000000000e+02 8.483012743888109775e-01
1.320000000000000000e+02 8.472657657967705980e-01
1.310000000000000000e+02 8.462190506253626232e-01
1.300000000000000000e+02 8.451654557315895211e-01
1.290000000000000000e+02 8.441099267583622723e-01
1.280000000000000000e+02 8.430581393947729207e-01
1.270000000000000000e+02 8.420165236316927704e-01
1.260000000000000000e+02 8.409921376864818443e-01
1.250000000000000000e+02 8.399928392861236714e-01
1.240000000000000000e+02 8.390272958481284071e-01
1.230000000000000000e+02 8.381047059381252495e-01
1.220000000000000000e+02 8.372349291704892504e-01
1.210000000000000000e+02 8.364284301892194184e-01
1.200000000000000000e+02 8.356960964612478726e-01
1.190000000000000000e+02 8.350488285726193061e-01
1.180000000000000000e+02 8.344979709259121581e-01
1.170000000000000000e+02 8.340547458225058275e-01
1.160000000000000000e+02 8.337297651142593358e-01
1.150000000000000000e+02 8.335334991183686038e-01
1.140000000000000000e+02 8.334755020104422929e-01
1.130000000000000000e+02 8.335643845465556812e-01
1.120000000000000000e+02 8.338077803136639821e-01
1.110000000000000000e+02 8.342119941417609486e-01
1.100000000000000000e+02 8.347820427115628661e-01
1.090000000000000000e+02 8.355216286191060604e-01
1.080000000000000000e+02 8.364331115786258763e-01
1.070000000000000000e+02 8.375176510217169357e-01
1.060000000000000000e+02 8.387753369657171554e-01
1.050000000000000000e+02 8.402053867465965054e-01
1.040000000000000000e+02 8.418064305566844707e-01
1.030000000000000000e+02 8.435766129094002252e-01
1.020000000000000000e+02 8.455140317474850731e-01
1.010000000000000000e+02 8.476169142072031981e-01
1.000000000000000000e+02 8.498838051811384853e-01
9.900000000000000000e+01 8.523138424662719537e-01
9.800000000000000000e+01 8.549068401406281215e-01
9.700000000000000000e+01 8.576634961044431460e-01
9.600000000000000000e+01 8.605853472293674145e-01
9.500000000000000000e+01 8.636750164134187058e-01
9.400000000000000000e+01 8.669360644713771658e-01
9.300000000000000000e+01 8.703730001541897243e-01
9.200000000000000000e+01 8.739913677583889262e-01
9.100000000000000000e+01 8.777975010906781117e-01
9.000000000000000000e+01 8.817986278368874498e-01
8.900000000000000000e+01 8.860027197558566492e-01
8.800000000000000000e+01 8.904185183399286885e-01
8.700000000000000000e+01 8.950553178209982308e-01
8.600000000000000000e+01 8.999230437970587859e-01
8.500000000000000000e+01 9.050321323797865247e-01
8.400000000000000000e+01 9.103934771340200793e-01
8.300000000000000000e+01 9.160184477114280410e-01
8.200000000000000000e+01 9.219187510813336983e-01
8.100000000000000000e+01 9.281065715029035434e-01
8.000000000000000000e+01 9.345943105047505028e-01
7.900000000000000000e+01 9.413948158299964009e-01
7.800000000000000000e+01 9.485212367312587656e-01
7.700000000000000000e+01 9.559870328345753121e-01
7.600000000000000000e+01 9.638060652218845004e-01
7.500000000000000000e+01 9.719924199336494874e-01
7.400000000000000000e+01 9.805606494963754471e-01
7.300000000000000000e+01 9.895255615700471186e-01
7.200000000000000000e+01 9.989023199056752400e-01
7.100000000000000000e+01 1.008706403833294019e+00
7.000000000000000000e+01 1.018953549312205054e+00
6.900000000000000000e+01 1.029659720680753177e+00
6.800000000000000000e+01 1.040840998872472278e+00
6.700000000000000000e+01 1.052513399519772852e+00
6.600000000000000000e+01 1.064692710884748594e+00
6.500000000000000000e+01 1.077394078793626919e+00
6.400000000000000000e+01 1.090631536949046687e+00
6.300000000000000000e+01 1.104417282343628015e+00
6.200000000000000000e+01 1.118760612400192755e+00
6.100000000000000000e+01 1.133666402516827709e+00
6.000000000000000000e+01 1.149132976035486697e+00
5.900000000000000000e+01 1.165149053288623726e+00
5.800000000000000000e+01 1.181689513681851489e+00
5.700000000000000000e+01 1.198709805936307715e+00
5.600000000000000000e+01 1.216138681140718658e+00
5.500000000000000000e+01 1.233869814266957299e+00
5.400000000000000000e+01 1.251753459501448118e+00
5.300000000000000000e+01 1.269592029843590986e+00
5.200000000000000000e+01 1.287146209051120538e+00
5.100000000000000000e+01 1.304164174462295822e+00
5.000000000000000000e+01 1.320455492045292001e+00
