4.000000000000000000e+02 8.310845967068432039e-01
3.990000000000000000e+02 8.310361694993555481e-01
3.980000000000000000e+02 8.309899369418289883e-01
3.970000000000000000e+02 8.309458479124892660e-01
3.960000000000000000e+02 8.309040475149118699e-01
3.950000000000000000e+02 8.308645010385558027e-01
3.940000000000000000e+02 8.308273654568039124e-01
3.930000000000000000e+02 8.307925856287619037e-01
3.920000000000000000e+02 8.307602277762945464e-01
3.910000000000000000e+02 8.307304031443196735e-01
3.900000000000000000e+02 8.307030625267978197e-01
3.890000000000000000e+02 8.306783131831655398e-01
3.880000000000000000e+02 8.306561935141112407e-01
3.870000000000000000e+02 8.306367559757296126e-01
3.860000000000000000e+02 8.306200461793378231e-01
3.850000000000000000e+02 8.306061142322452850e-01
3.840000000000000000e+02 8.305950113175228910e-01
3.830000000000000000e+02 8.305867798012579462e-01
3.820000000000000000e+02 8.305815040193956778e-01
3.810000000000000000e+02 8.305791724436611956e-01
3.800000000000000000e+02 8.305798997595924549e-01
3.790000000000000000e+02 8.305837350599655222e-01
3.780000000000000000e+02 8.305906949436183684e-01
3.770000000000000000e+02 8.306008415040269099e-01
3.760000000000000000e+02 8.306142441384432029e-01
3.750000000000000000e+02 8.306309553125423850e-01
3.740000000000000000e+02 8.306510156105203491e-01
3.730000000000000000e+02 8.306744650589442669e-01
3.720000000000000000e+02 8.307014414337144936e-01
3.710000000000000000e+02 8.307318549483162506e-01
3.700000000000000000e+02 8.307659179981466968e-01
3.690000000000000000e+02 8.308036001586178720e-01
3.680000000000000000e+02 8.308449412903987641e-01
3.670000000000000000e+02 8.308900359488657905e-01
3.660000000000000000e+02 8.309389235976945010e-01
3.650000000000000000e+02 8.309917042452549252e-01
3.640000000000000000e+02 8.310483602529481484e-01
3.630000000000000000e+02 8.311090012225703649e-01
3.620000000000000000e+02 8.311736475002404756e-01
3.610000000000000000e+02 8.312423817038364637e-01
3.600000000000000000e+02 8.313152536365412404e-01
3.590000000000000000e+02 8.313923113057847258e-01
3.580000000000000000e+02 8.314736297245041152e-01
3.570000000000000000e+02 8.315592421766038189e-01
3.560000000000000000e+02 8.316492080004909138e-01
3.550000000000000000e+02 8.317435981496459352e-01
3.540000000000000000e+02 8.318424607783895253e-01
3.530000000000000000e+02 8.319458339078239506e-01
3.520000000000000000e+02 8.320538063059063072e-01
3.510000000000000000e+02 8.321663680909890948e-01
3.500000000000000000e+02 8.322836481923368002e-01
3.490000000000000000e+02 8.324056576478572333e-01
3.480000000000000000e+02 8.325324495899576460e-01
3.470000000000000000e+02 8.326640789736787784e-01
3.460000000000000000e+02 8.328005968596270403e-01
3.450000000000000000e+02 8.329420484803478075e-01
3.440000000000000000e+02 8.330885022018933439e-01
3.430000000000000000e+02 8.332399646916219815e-01
3.420000000000000000e+02 8.333965563222802686e-01
3.410000000000000000e+02 8.335582499701208459e-01
3.400000000000000000e+02 8.337251158321071776e-01
3.390000000000000000e+02 8.338972043691526004e-01
3.380000000000000000e+02 8.340745187988035658e-01
3.370000000000000000e+02 8.342571859606850992e-01
3.360000000000000000e+02 8.344451735000176784e-01
3.350000000000000000e+02 8.346385079660846307e-01
3.340000000000000000e+02 8.348372946510934645e-01
3.330000000000000000e+02 8.350415401673253468e-01
3.320000000000000000e+02 8.352512361860421342e-01
3.310000000000000000e+02 8.354664597372205570e-01
3.300000000000000000e+02 8.356872398120789303e-01
3.290000000000000000e+02 8.359135727296809204e-01
3.280000000000000000e+02 8.361454925633171609e-01
3.270000000000000000e+02 8.363830501179341237e-01
3.260000000000000000e+02 8.366262345336075157e-01
3.250000000000000000e+02 8.368750783352126854e-01
3.240000000000000000e+02 8.371296269835177828e-01
3.230000000000000000e+02 8.373898409287043876e-01
3.220000000000000000e+02 8.376557683839090940e-01
3.210000000000000000e+02 8.379274034772350443e-01
3.200000000000000000e+02 8.382047578955269529e-01
3.190000000000000000e+02 8.384878347108173369e-01
3.180000000000000000e+02 8.387766350368188739e-01
3.170000000000000000e+02 8.390711689866101608e-01
3.160000000000000000e+02 8.393713966208284916e-01
3.150000000000000000e+02 8.396773446951165676e-01
3.140000000000000000e+02 8.399889767019012021e-01
3.130000000000000000e+02 8.403063173389916374e-01
3.120000000000000000e+02 8.406292832686599326e-01
3.110000000000000000e+02 8.409579032874445748e-01
3.100000000000000000e+02 8.412921497185404940e-01
3.090000000000000000e+02 8.416319851589429968e-01
3.080000000000000000e+02 8.419773287073103463e-01
3.070000000000000000e+02 8.423282699648042549e-01
3.060000000000000000e+02 8.426846496863082958e-01
3.050000000000000000e+02 8.430464732106528469e-01
3.040000000000000000e+02 8.434137533456308455e-01
3.030000000000000000e+02 8.437862249790532010e-01
3.020000000000000000e+02 8.441640607017181219e-01
3.010000000000000000e+02 8.445470982393875614e-01
3.000000000000000000e+02 8.449352825868792216e-01
2.990000000000000000e+02 8.453286078554803629e-01
2.980000000000000000e+02 8.457269119262481594e-01
2.970000000000000000e+02 8.461301508373456626e-01
2.960000000000000000e+02 8.465382731022966789e-01
2.950000000000000000e+02 8.469511671779026418e-01
2.940000000000000000e+02 8.473687369158282578e-01
2.930000000000000000e+02 8.477908986421718307e-01
2.920000000000000000e+02 8.482175576948517426e-01
2.910000000000000000e+02 8.486486016736589644e-01
2.900000000000000000e+02 8.490839094927797870e-01
2.890000000000000000e+02 8.495233962532122707e-01
2.880000000000000000e+02 8.499669139955485786e-01
2.870000000000000000e+02 8.504143954167897590e-01
2.860000000000000000e+02 8.508656590414815923e-01
2.850000000000000000e+02 8.513205942221412359e-01
2.840000000000000000e+02 8.517790590433230724e-01
2.830000000000000000e+02 8.522409334439799977e-01
2.820000000000000000e+02 8.527060234060626076e-01
2.810000000000000000e+02 8.531742290167301235e-01
2.800000000000000000e+02 8.536453743482146361e-01
2.790000000000000000e+02 8.541192858180840508e-01
2.780000000000000000e+02 8.545958339783154001e-01
2.770000000000000000e+02 8.550748265379760626e-01
2.760000000000000000e+02 8.555560859165955989e-01
2.750000000000000000e+02 8.560394379435598555e-01
2.740000000000000000e+02 8.565247030240134007e-01
2.730000000000000000e+02 8.570116893530762558e-01
2.720000000000000000e+02 8.575002066473988993e-01
2.710000000000000000e+02 8.579900508569959783e-01
2.700000000000000000e+02 8.584810194683971662e-01
2.690000000000000000e+02 8.589729159778879408e-01
2.680000000000000000e+02 8.594655150497189089e-01
2.670000000000000000e+02 8.599586099753032675e-01
2.660000000000000000e+02 8.604519697003748524e-01
2.650000000000000000e+02 8.609453831415291303e-01
2.640000000000000000e+02 8.614385891471598722e-01
2.630000000000000000e+02 8.619314035366610893e-01
2.620000000000000000e+02 8.624235479955627559e-01
2.610000000000000000e+02 8.629147829155503491e-01
2.600000000000000000e+02 8.634048564348636434e-01
2.590000000000000000e+02 8.638935333370270087e-01
2.580000000000000000e+02 8.643805448980781403e-01
2.570000000000000000e+02 8.648656421561244922e-01
2.560000000000000000e+02 8.653485308247936825e-01
2.550000000000000000e+02 8.658289664035546673e-01
2.540000000000000000e+02 8.663066688095112378e-01
2.530000000000000000e+02 8.667813612758654696e-01
2.520000000000000000e+02 8.672527555805488175e-01
2.510000000000000000e+02 8.677205689404012823e-01
2.500000000000000000e+02 8.681845284030144105e-01
2.490000000000000000e+02 8.686443000093863054e-01
2.480000000000000000e+02 8.690996318158532574e-01
2.470000000000000000e+02 8.695501878869980050e-01
2.460000000000000000e+02 8.699956890918136843e-01
2.450000000000000000e+02 8.704358269564547168e-01
2.440000000000000000e+02 8.708702609742945411e-01
2.430000000000000000e+02 8.712987391739803744e-01
2.420000000000000000e+02 8.717209156470089315e-01
2.410000000000000000e+02 8.721364326626133145e-01
2.400000000000000000e+02 8.725450393327993659e-01
2.390000000000000000e+02 8.729463600569412618e-01
2.380000000000000000e+02 8.733401517154850691e-01
2.370000000000000000e+02 8.737259661811611622e-01
2.360000000000000000e+02 8.741035829391314849e-01
2.350000000000000000e+02 8.744726049758133612e-01
2.340000000000000000e+02 8.748327661926881271e-01
2.330000000000000000e+02 8.751837203155414802e-01
2.320000000000000000e+02 8.755251364129962299e-01
2.310000000000000000e+02 8.758566796716862335e-01
2.300000000000000000e+02 8.761780739484003044e-01
2.290000000000000000e+02 8.764889507506261612e-01
2.280000000000000000e+02 8.767890100480263404e-01
2.270000000000000000e+02 8.770779340260065338e-01
2.260000000000000000e+02 8.773554143555541973e-01
2.250000000000000000e+02 8.776211713973726125e-01
2.240000000000000000e+02 8.778748575118300312e-01
2.230000000000000000e+02 8.781161928696341601e-01
2.220000000000000000e+02 8.783449157554541475e-01
2.210000000000000000e+02 8.785607138894203638e-01
2.200000000000000000e+02 8.787633730132756726e-01
2.190000000000000000e+02 8.789525533218074393e-01
2.180000000000000000e+02 8.791281119164248148e-01
2.170000000000000000e+02 8.792897160452123329e-01
2.160000000000000000e+02 8.794371759577618297e-01
2.150000000000000000e+02 8.795703036650067697e-01
2.140000000000000000e+02 8.796888762463104250e-01
2.130000000000000000e+02 8.797927093060611270e-01
2.120000000000000000e+02 8.798816789825181228e-01
2.110000000000000000e+02 8.799556283412052204e-01
2.100000000000000000e+02 8.800144354582064565e-01
2.090000000000000000e+02 8.800580101922284015e-01
2.080000000000000000e+02 8.800862780778231365e-01
2.070000000000000000e+02 8.800992254677333371e-01
2.060000000000000000e+02 8.800967426372837688e-01
2.050000000000000000e+02 8.800788643065945438e-01
2.040000000000000000e+02 8.800456570628669706e-01
2.030000000000000000e+02 8.799971555644250376e-01
2.020000000000000000e+02 8.799334725993946948e-01
2.010000000000000000e+02 8.798546875567559988e-01
2.000000000000000000e+02 8.797609603228835340e-01
1.990000000000000000e+02 8.796524834718471020e-01
1.980000000000000000e+02 8.795294825269444061e-01
1.970000000000000000e+02 8.793921889803331116e-01
1.960000000000000000e+02 8.792408554609777438e-01
1.950000000000000000e+02 8.790758248603758318e-01
1.940000000000000000e+02 8.788973535465178788e-01
1.930000000000000000e+02 8.787059077258098094e-01
1.920000000000000000e+02 8.785018130470112485e-01
1.910000000000000000e+02 8.782854904465874357e-01
1.900000000000000000e+02 8.780573793314242481e-01
1.890000000000000000e+02 8.778179380296584622e-01
1.880000000000000000e+02 8.775676449285935155e-01
1.870000000000000000e+02 8.773069409503573279e-01
1.860000000000000000e+02 8.770363530954590203e-01
1.850000000000000000e+02 8.767564080122094428e-01
1.840000000000000000e+02 8.764674980056436082e-01
1.830000000000000000e+02 8.761702014046363063e-01
1.820000000000000000e+02 8.758649801325500972e-01
1.810000000000000000e+02 8.755522628347839342e-01
1.800000000000000000e+02 8.752325151266640013e-01
1.790000000000000000e+02 8.749061730018115046e-01
1.780000000000000000e+02 8.745735423570214495e-01
1.770000000000000000e+02 8.742350213403657921e-01
1.760000000000000000e+02 8.738909036656014040e-01
1.750000000000000000e+02 8.735413706329810957e-01
1.740000000000000000e+02 8.731866916847171867e-01
1.730000000000000000e+02 8.728269305676911172e-01
1.720000000000000000e+02 8.724621768436500169e-01
1.710000000000000000e+02 8.720924377964970331e-01
1.700000000000000000e+02 8.717175707041576738e-01
1.690000000000000000e+02 8.713375128385023594e-01
1.680000000000000000e+02 8.709519191782059133e-01
1.670000000000000000e+02 8.705605592673980597e-01
1.660000000000000000e+02 8.701630308061885088e-01
1.650000000000000000e+02 8.697588741177195715e-01
1.640000000000000000e+02 8.693474859589696013e-01
1.630000000000000000e+02 8.689283151593305554e-01
1.620000000000000000e+02 8.685006356418225604e-01
1.610000000000000000e+02 8.680636571038549132e-01
1.600000000000000000e+02 8.676166346039437816e-01
1.590000000000000000e+02 8.671584965920577925e-01
1.580000000000000000e+02 8.666884659052476181e-01
1.570000000000000000e+02 8.662054686956760507e-01
1.560000000000000000e+02 8.657084697219223912e-01
1.550000000000000000e+02 8.651964446731045255e-01
1.540000000000000000e+02 8.646682284958436826e-01
1.530000000000000000e+02 8.641226812308032690e-01
1.520000000000000000e+02 8.635587676301631488e-01
1.510000000000000000e+02 8.629752835320352311e-01
1.500000000000000000e+02 8.623711655527869224e-01
1.490000000000000000e+02 8.617453876564462600e-01
1.480000000000000000e+02 8.610968186189089657e-01
1.470000000000000000e+02 8.604245413890176941e-01
1.460000000000000000e+02 8.597276892266334514e-01
1.450000000000000000e+02 8.590053429382744632e-01
1.440000000000000000e+02 8.582570353464059609e-01
1.430000000000000000e+02 8.574820375833553943e-01
1.420000000000000000e+02 8.566800271030448055e-01
1.410000000000000000e+02 8.558507948413487387e-01
1.400000000000000000e+02 8.549943782048232688e-01
1.390000000000000000e+02 8.541110525742077186e-01
1.380000000000000000e+02 8.532013095130490665e-01
1.370000000000000000e+02 8.522661050102157132e-01
1.360000000000000000e+02 8.513066338206973782e-01
1.350000000000000000e+02 8.503245548918966223e-01
1.340000000000000000e+02 8.493218925171657219e-01
1.330000000000000000e+02 8.483012743888114215e-01
1.320000000000000000e+02 8.472657657967709310e-01
1.310000000000000000e+02 8.462190506253624012e-01
1.300000000000000000e+02 8.451654557315890770e-01
1.290000000000000000e+02 8.441099267583624943e-01
1.280000000000000000e+02 8.430581393947729207e-01
1.270000000000000000e+02 8.420165236316925483e-01
1.260000000000000000e+02 8.409921376864818443e-01
1.250000000000000000e+02 8.399928392861234494e-01
1.240000000000000000e+02 8.390272958481286292e-01
1.230000000000000000e+02 8.381047059381252495e-01
1.220000000000000000e+02 8.372349291704885843e-01
1.210000000000000000e+02 8.364284301892196405e-01
1.200000000000000000e+02 8.356960964612478726e-01
1.190000000000000000e+02 8.350488285726191950e-01
1.180000000000000000e+02 8.344979709259119360e-01
1.170000000000000000e+02 8.340547458225060495e-01
1.160000000000000000e+02 8.337297651142593358e-01
1.150000000000000000e+02 8.335334991183694919e-01
1.140000000000000000e+02 8.334755020104422929e-01
1.130000000000000000e+02 8.335643845465561252e-01
1.120000000000000000e+02 8.338077803136642041e-01
1.110000000000000000e+02 8.342119941417609486e-01
1.100000000000000000e+02 8.347820427115628661e-01
1.090000000000000000e+02 8.355216286191063935e-01
1.080000000000000000e+02 8.364331115786247661e-01
1.070000000000000000e+02 8.375176510217170467e-01
1.060000000000000000e+02 8.387753369657170444e-01
1.050000000000000000e+02 8.402053867465963943e-01
1.040000000000000000e+02 8.418064305566844707e-01
1.030000000000000000e+02 8.435766129093998922e-01
1.020000000000000000e+02 8.455140317474848510e-01
1.010000000000000000e+02 8.476169142072038643e-01
1.000000000000000000e+02 8.498838051811384853e-01
9.900000000000000000e+01 8.523138424662723978e-01
9.800000000000000000e+01 8.549068401406278994e-01
9.700000000000000000e+01 8.576634961044429240e-01
9.600000000000000000e+01 8.605853472293674145e-01
9.500000000000000000e+01 8.636750164134189278e-01
9.400000000000000000e+01 8.669360644713784980e-01
9.300000000000000000e+01 8.703730001541890582e-01
9.200000000000000000e+01 8.739913677583878160e-01
9.100000000000000000e+01 8.777975010906774456e-01
9.000000000000000000e+01 8.817986278368874498e-01
8.900000000000000000e+01 8.860027197558569823e-01
8.800000000000000000e+01 8.904185183399273562e-01
8.700000000000000000e+01 8.950553178209975647e-01
8.600000000000000000e+01 8.999230437970588969e-01
8.500000000000000000e+01 9.050321323797870798e-01
8.400000000000000000e+01 9.103934771340204124e-01
8.300000000000000000e+01 9.160184477114280410e-01
8.200000000000000000e+01 9.219187510813334763e-01
8.100000000000000000e+01 9.281065715029033214e-01
8.000000000000000000e+01 9.345943105047500588e-01
7.900000000000000000e+01 9.413948158299955127e-01
7.800000000000000000e+01 9.485212367312583215e-01
7.700000000000000000e+01 9.559870328345744239e-01
7.600000000000000000e+01 9.638060652218836122e-01
7.500000000000000000e+01 9.719924199336494874e-01
7.400000000000000000e+01 9.805606494963756692e-01
7.300000000000000000e+01 9.895255615700475627e-01
7.200000000000000000e+01 9.989023199056752400e-01
7.100000000000000000e+01 1.008706403833295795e+00
7.000000000000000000e+01 1.018953549312205276e+00
6.900000000000000000e+01 1.029659720680752732e+00
6.800000000000000000e+01 1.040840998872472278e+00
6.700000000000000000e+01 1.052513399519771520e+00
6.600000000000000000e+01 1.064692710884748816e+00
6.500000000000000000e+01 1.077394078793627141e+00
6.400000000000000000e+01 1.090631536949046909e+00
6.300000000000000000e+01 1.104417282343628681e+00
6.200000000000000000e+01 1.118760612400192755e+00
6.100000000000000000e+01 1.133666402516827487e+00
6.000000000000000000e+01 1.149132976035486697e+00
5.900000000000000000e+01 1.165149053288623060e+00
5.800000000000000000e+01 1.181689513681852377e+00
5.700000000000000000e+01 1.198709805936307271e+00
5.600000000000000000e+01 1.216138681140719102e+00
5.500000000000000000e+01 1.233869814266957077e+00
5.400000000000000000e+01 1.251753459501448340e+00
5.300000000000000000e+01 1.269592029843591430e+00
5.200000000000000000e+01 1.287146209051120538e+00
5.100000000000000000e+01 1.304164174462295600e+00
5.000000000000000000e+01 1.320455492045291335e+00
