4.000000000000000000e+02 1.718965789235000208e-01
3.990000000000000000e+02 1.716526638183338838e-01
3.980000000000000000e+02 1.714093669583233170e-01
3.970000000000000000e+02 1.711666972454472246e-01
3.960000000000000000e+02 1.709246686449429620e-01
3.950000000000000000e+02 1.706832901636074762e-01
3.940000000000000000e+02 1.704425783928434635e-01
3.930000000000000000e+02 1.702025460572419158e-01
3.920000000000000000e+02 1.699632002438879463e-01
3.910000000000000000e+02 1.697245639918550930e-01
3.900000000000000000e+02 1.694866276093750235e-01
3.890000000000000000e+02 1.692494167807252481e-01
3.880000000000000000e+02 1.690129350997099100e-01
3.870000000000000000e+02 1.687771902018846970e-01
3.860000000000000000e+02 1.685421954792533927e-01
3.850000000000000000e+02 1.683079551828429166e-01
3.840000000000000000e+02 1.680744777136803647e-01
3.830000000000000000e+02 1.678417709153148807e-01
3.820000000000000000e+02 1.676098391159934753e-01
3.810000000000000000e+02 1.673786887102615972e-01
3.800000000000000000e+02 1.671483206879427197e-01
3.790000000000000000e+02 1.669187424529108565e-01
3.780000000000000000e+02 1.666899532754604341e-01
3.770000000000000000e+02 1.664619616705135252e-01
3.760000000000000000e+02 1.662347654684568909e-01
3.750000000000000000e+02 1.660083625674950436e-01
3.740000000000000000e+02 1.657827573796289422e-01
3.730000000000000000e+02 1.655579430694111565e-01
3.720000000000000000e+02 1.653339230114352632e-01
3.710000000000000000e+02 1.651106863641344513e-01
3.700000000000000000e+02 1.648882290965251185e-01
3.690000000000000000e+02 1.646665645880727447e-01
3.680000000000000000e+02 1.644456637559998102e-01
3.670000000000000000e+02 1.642255360757921834e-01
3.660000000000000000e+02 1.640061499778359133e-01
3.650000000000000000e+02 1.637875165947034750e-01
3.640000000000000000e+02 1.635696170355946666e-01
3.630000000000000000e+02 1.633524440585372162e-01
3.620000000000000000e+02 1.631359727147899397e-01
3.610000000000000000e+02 1.629202054053680015e-01
3.600000000000000000e+02 1.627051120581656518e-01
3.590000000000000000e+02 1.624906782841802899e-01
3.580000000000000000e+02 1.622768852208492096e-01
3.570000000000000000e+02 1.620637180502074448e-01
3.560000000000000000e+02 1.618511499584196212e-01
3.550000000000000000e+02 1.616391579123186428e-01
3.540000000000000000e+02 1.614277147795948331e-01
3.530000000000000000e+02 1.612167950846692677e-01
3.520000000000000000e+02 1.610063816899961753e-01
3.510000000000000000e+02 1.607964253177721070e-01
3.500000000000000000e+02 1.605869074736291091e-01
3.490000000000000000e+02 1.603777929721140749e-01
3.480000000000000000e+02 1.601690468077515972e-01
3.470000000000000000e+02 1.599606327083757384e-01
3.460000000000000000e+02 1.597525095234899328e-01
3.450000000000000000e+02 1.595446476290581783e-01
3.440000000000000000e+02 1.593369835375949561e-01
3.430000000000000000e+02 1.591294944822287116e-01
3.420000000000000000e+02 1.589221192246871861e-01
3.410000000000000000e+02 1.587148212531948599e-01
3.400000000000000000e+02 1.585075442379704769e-01
3.390000000000000000e+02 1.583002367227245855e-01
3.380000000000000000e+02 1.580928474387390814e-01
3.370000000000000000e+02 1.578853142779043373e-01
3.360000000000000000e+02 1.576775847069781522e-01
3.350000000000000000e+02 1.574695960929494154e-01
3.340000000000000000e+02 1.572612833619972672e-01
3.330000000000000000e+02 1.570525844629379886e-01
3.320000000000000000e+02 1.568434305331258272e-01
3.310000000000000000e+02 1.566337514236234019e-01
3.300000000000000000e+02 1.564234777414730826e-01
3.290000000000000000e+02 1.562125290711884329e-01
3.280000000000000000e+02 1.560008295575566750e-01
3.270000000000000000e+02 1.557883109093540497e-01
3.260000000000000000e+02 1.555748755066796996e-01
3.250000000000000000e+02 1.553604531024909974e-01
3.240000000000000000e+02 1.551449443637450409e-01
3.230000000000000000e+02 1.549282704190366733e-01
3.220000000000000000e+02 1.547103334079900083e-01
3.210000000000000000e+02 1.544910410645701782e-01
3.200000000000000000e+02 1.542702939268361939e-01
3.190000000000000000e+02 1.540479968817216050e-01
3.180000000000000000e+02 1.538240444057418499e-01
3.170000000000000000e+02 1.535983350370969669e-01
3.160000000000000000e+02 1.533707532697474729e-01
3.150000000000000000e+02 1.531411934370168759e-01
3.140000000000000000e+02 1.529095485098370122e-01
3.130000000000000000e+02 1.526756962990324373e-01
3.120000000000000000e+02 1.524395190006206102e-01
3.110000000000000000e+02 1.522008955196857138e-01
3.100000000000000000e+02 1.519597031194298009e-01
3.090000000000000000e+02 1.517158148259079575e-01
3.080000000000000000e+02 1.514691045311212791e-01
3.070000000000000000e+02 1.512194373679629500e-01
3.060000000000000000e+02 1.509666751894430670e-01
3.050000000000000000e+02 1.507106884527911195e-01
3.040000000000000000e+02 1.504513312340336195e-01
3.030000000000000000e+02 1.501884623755134207e-01
3.020000000000000000e+02 1.499219380754871489e-01
3.010000000000000000e+02 1.496516092104380191e-01
3.000000000000000000e+02 1.493773224095517049e-01
2.990000000000000000e+02 1.490989296184073720e-01
2.980000000000000000e+02 1.488162744609095312e-01
2.970000000000000000e+02 1.485291959268704998e-01
2.960000000000000000e+02 1.482375338918100194e-01
2.950000000000000000e+02 1.479411247948153596e-01
2.940000000000000000e+02 1.476398008596724321e-01
2.930000000000000000e+02 1.473333963947059955e-01
2.920000000000000000e+02 1.470217466988540944e-01
2.910000000000000000e+02 1.467046739858754723e-01
2.900000000000000000e+02 1.463819989957733936e-01
2.890000000000000000e+02 1.460535505187013638e-01
2.880000000000000000e+02 1.457191445148230957e-01
2.870000000000000000e+02 1.453786032336131795e-01
2.860000000000000000e+02 1.450317450618621440e-01
2.850000000000000000e+02 1.446783825595018280e-01
2.840000000000000000e+02 1.443183166968014519e-01
2.830000000000000000e+02 1.439513801061200193e-01
2.820000000000000000e+02 1.435773752195305952e-01
2.810000000000000000e+02 1.431961067525824027e-01
2.800000000000000000e+02 1.428073788026987256e-01
2.790000000000000000e+02 1.424109983482411135e-01
2.780000000000000000e+02 1.420067700134813871e-01
2.770000000000000000e+02 1.415944953296540687e-01
2.760000000000000000e+02 1.411739787968802340e-01
2.750000000000000000e+02 1.407450135701713567e-01
2.740000000000000000e+02 1.403074042894640328e-01
2.730000000000000000e+02 1.398609494847158907e-01
2.720000000000000000e+02 1.394054444808773829e-01
2.710000000000000000e+02 1.389406870908350133e-01
2.700000000000000000e+02 1.384664749912527804e-01
2.690000000000000000e+02 1.379826048002501804e-01
2.680000000000000000e+02 1.374888661240553922e-01
2.670000000000000000e+02 1.369850621129720114e-01
2.660000000000000000e+02 1.364709801323064908e-01
2.650000000000000000e+02 1.359464286223489582e-01
2.640000000000000000e+02 1.354111941394222085e-01
2.630000000000000000e+02 1.348650697843701840e-01
2.620000000000000000e+02 1.343078555713600741e-01
2.610000000000000000e+02 1.337393608676601398e-01
2.600000000000000000e+02 1.331593490991663520e-01
2.590000000000000000e+02 1.325676478809216241e-01
2.580000000000000000e+02 1.319640431528962543e-01
2.570000000000000000e+02 1.313483416974284002e-01
2.560000000000000000e+02 1.307203383462728352e-01
2.550000000000000000e+02 1.300798300542549690e-01
2.540000000000000000e+02 1.294266232369045699e-01
2.530000000000000000e+02 1.287605182800647952e-01
2.520000000000000000e+02 1.280813218822493271e-01
2.510000000000000000e+02 1.273888360647686957e-01
2.500000000000000000e+02 1.266828677004254167e-01
2.490000000000000000e+02 1.259632216381336711e-01
2.480000000000000000e+02 1.252297060953312946e-01
2.470000000000000000e+02 1.244821334641459526e-01
2.460000000000000000e+02 1.237203080602438943e-01
2.450000000000000000e+02 1.229440469591051577e-01
2.440000000000000000e+02 1.221531590591250355e-01
2.430000000000000000e+02 1.213474566582044972e-01
2.420000000000000000e+02 1.205267569581905951e-01
2.410000000000000000e+02 1.196908756409572200e-01
2.400000000000000000e+02 1.188396198556419814e-01
2.390000000000000000e+02 1.179728155773343140e-01
2.380000000000000000e+02 1.170902774999888762e-01
2.370000000000000000e+02 1.161918138817060603e-01
2.360000000000000000e+02 1.152772533578048930e-01
2.350000000000000000e+02 1.143464093207463561e-01
2.340000000000000000e+02 1.133990989138952410e-01
2.330000000000000000e+02 1.124351347760418202e-01
2.320000000000000000e+02 1.114543463403103729e-01
2.310000000000000000e+02 1.104565363761148833e-01
2.300000000000000000e+02 1.094415302986548599e-01
2.290000000000000000e+02 1.084091285295858825e-01
2.280000000000000000e+02 1.073591539790240690e-01
2.270000000000000000e+02 1.062914236533635676e-01
2.260000000000000000e+02 1.052057351667961549e-01
2.250000000000000000e+02 1.041019015259275760e-01
2.240000000000000000e+02 1.029797222449358729e-01
2.230000000000000000e+02 1.018390104613266650e-01
2.220000000000000000e+02 1.006795569169054022e-01
2.210000000000000000e+02 9.950116112856119410e-02
2.200000000000000000e+02 9.830361424607707288e-02
2.190000000000000000e+02 9.708670529529370152e-02
2.180000000000000000e+02 9.585022156918042435e-02
2.170000000000000000e+02 9.459393774803864785e-02
2.160000000000000000e+02 9.331764100606579349e-02
2.150000000000000000e+02 9.202109374624425908e-02
2.140000000000000000e+02 9.070406582581881649e-02
2.130000000000000000e+02 8.936631124685646965e-02
2.120000000000000000e+02 8.800759525372139902e-02
2.110000000000000000e+02 8.662765933822447195e-02
2.100000000000000000e+02 8.522624940519257786e-02
2.090000000000000000e+02 8.380310067813800945e-02
2.080000000000000000e+02 8.235793581330394519e-02
2.070000000000000000e+02 8.089049407365245248e-02
2.060000000000000000e+02 7.940048009520342398e-02
2.050000000000000000e+02 7.788760540709260827e-02
2.040000000000000000e+02 7.635157489384020169e-02
2.030000000000000000e+02 7.479208238326442992e-02
2.020000000000000000e+02 7.320881904446083221e-02
2.010000000000000000e+02 7.160146068645037443e-02
2.000000000000000000e+02 6.996969099412012061e-02
1.990000000000000000e+02 6.831317337784281740e-02
1.980000000000000000e+02 6.663157531856077342e-02
1.970000000000000000e+02 6.492454309719497552e-02
1.960000000000000000e+02 6.319173451552440035e-02
1.950000000000000000e+02 6.143280245563081943e-02
1.940000000000000000e+02 5.964738078098073826e-02
1.930000000000000000e+02 5.783510750939344081e-02
1.920000000000000000e+02 5.599562590741605922e-02
1.910000000000000000e+02 5.412856224357995294e-02
1.900000000000000000e+02 5.223355595460242584e-02
1.890000000000000000e+02 5.031023692675171133e-02
1.880000000000000000e+02 4.835824266293463347e-02
1.870000000000000000e+02 4.637720892585763671e-02
1.860000000000000000e+02 4.436678020307979059e-02
1.850000000000000000e+02 4.232660799806675644e-02
1.840000000000000000e+02 4.025634298207469292e-02
1.830000000000000000e+02 3.815566055713383309e-02
1.820000000000000000e+02 3.602423541792815209e-02
1.810000000000000000e+02 3.386176112451264736e-02
1.800000000000000000e+02 3.166794772455938656e-02
1.790000000000000000e+02 2.944252301857063284e-02
1.780000000000000000e+02 2.718523379791408512e-02
1.770000000000000000e+02 2.489585472031898353e-02
1.760000000000000000e+02 2.257418409488472222e-02
1.750000000000000000e+02 2.022004909645509427e-02
1.740000000000000000e+02 1.783330290031191756e-02
1.730000000000000000e+02 1.541383761158937084e-02
1.720000000000000000e+02 1.296158552339084745e-02
1.710000000000000000e+02 1.047650222183709248e-02
1.700000000000000000e+02 7.958595671513850334e-03
1.690000000000000000e+02 5.407910878468159474e-03
1.680000000000000000e+02 2.824535927497387466e-03
1.670000000000000000e+02 2.086094596501584381e-04
1.660000000000000000e+02 -2.439695831550561453e-03
1.650000000000000000e+02 -5.120139287601884262e-03
1.640000000000000000e+02 -7.832448603434299592e-03
1.630000000000000000e+02 -1.057629622477086057e-02
1.620000000000000000e+02 -1.335130419047772000e-02
1.610000000000000000e+02 -1.615705055376582752e-02
1.600000000000000000e+02 -1.899305664081832323e-02
1.590000000000000000e+02 -2.185880048041854290e-02
1.580000000000000000e+02 -2.475371399227906458e-02
1.570000000000000000e+02 -2.767718309505421553e-02
1.560000000000000000e+02 -3.062854629357569455e-02
1.550000000000000000e+02 -3.360710644411527004e-02
1.540000000000000000e+02 -3.661211183602820080e-02
1.530000000000000000e+02 -3.964279626913927435e-02
1.520000000000000000e+02 -4.269833631077703251e-02
1.510000000000000000e+02 -4.577789188434298884e-02
1.500000000000000000e+02 -4.888058439146047984e-02
1.490000000000000000e+02 -5.200550695114892347e-02
1.480000000000000000e+02 -5.515173408639338637e-02
1.470000000000000000e+02 -5.831831574791351142e-02
1.460000000000000000e+02 -6.150427818847979677e-02
1.450000000000000000e+02 -6.470863957991795923e-02
1.440000000000000000e+02 -6.793039820904592241e-02
1.430000000000000000e+02 -7.116853224929194088e-02
1.420000000000000000e+02 -7.442202475739591316e-02
1.410000000000000000e+02 -7.768983376806970487e-02
1.400000000000000000e+02 -8.097092580746936830e-02
1.390000000000000000e+02 -8.426423833448368206e-02
1.380000000000000000e+02 -8.756871902206440905e-02
1.370000000000000000e+02 -9.088329654815081871e-02
1.360000000000000000e+02 -9.420690132463499511e-02
1.350000000000000000e+02 -9.753845102688639412e-02
1.340000000000000000e+02 -1.008768545929103339e-01
1.330000000000000000e+02 -1.042210070995258919e-01
1.320000000000000000e+02 -1.075697967129183447e-01
1.310000000000000000e+02 -1.109220891072773690e-01
1.300000000000000000e+02 -1.142767359318564296e-01
1.290000000000000000e+02 -1.176325700860996887e-01
1.280000000000000000e+02 -1.209883939461887242e-01
1.270000000000000000e+02 -1.243429828841448037e-01
1.260000000000000000e+02 -1.276950843663495205e-01
1.250000000000000000e+02 -1.310434050823307550e-01
1.240000000000000000e+02 -1.343866092022323877e-01
1.230000000000000000e+02 -1.377233180543816771e-01
1.220000000000000000e+02 -1.410520990285816512e-01
1.210000000000000000e+02 -1.443714582496075927e-01
1.200000000000000000e+02 -1.476798505314083354e-01
1.190000000000000000e+02 -1.509756530238013927e-01
1.180000000000000000e+02 -1.542571707772196488e-01
1.170000000000000000e+02 -1.575226406219599196e-01
1.160000000000000000e+02 -1.607701983241343335e-01
1.150000000000000000e+02 -1.639978996873821260e-01
1.140000000000000000e+02 -1.672037017888504673e-01
1.130000000000000000e+02 -1.703854679919106774e-01
1.120000000000000000e+02 -1.735409352046559106e-01
1.110000000000000000e+02 -1.766677541474064028e-01
1.100000000000000000e+02 -1.797634507088338718e-01
1.090000000000000000e+02 -1.828254218944583842e-01
1.080000000000000000e+02 -1.858509471738901409e-01
1.070000000000000000e+02 -1.888371748415224316e-01
1.060000000000000000e+02 -1.917811257577205220e-01
1.050000000000000000e+02 -1.946796784874997022e-01
1.040000000000000000e+02 -1.975295779885164471e-01
1.030000000000000000e+02 -2.003274256063837244e-01
1.020000000000000000e+02 -2.030696664477933677e-01
1.010000000000000000e+02 -2.057526272039261195e-01
1.000000000000000000e+02 -2.083724624184191965e-01
9.900000000000000000e+01 -2.109251860384245836e-01
9.800000000000000000e+01 -2.134066622691769555e-01
9.700000000000000000e+01 -2.158125951734641834e-01
9.600000000000000000e+01 -2.181385515862128144e-01
9.500000000000000000e+01 -2.203799333348173128e-01
9.400000000000000000e+01 -2.225319880063014732e-01
9.300000000000000000e+01 -2.245898066876229338e-01
9.200000000000000000e+01 -2.265483314690638073e-01
9.100000000000000000e+01 -2.284023327179280083e-01
9.000000000000000000e+01 -2.301464361487928767e-01
8.900000000000000000e+01 -2.317750802967590840e-01
8.800000000000000000e+01 -2.332825545279863522e-01
8.700000000000000000e+01 -2.346629796872861662e-01
8.600000000000000000e+01 -2.359102841169479214e-01
8.500000000000000000e+01 -2.370182193820982441e-01
8.400000000000000000e+01 -2.379803555110568958e-01
8.300000000000000000e+01 -2.387900454591587729e-01
8.200000000000000000e+01 -2.394404295651869907e-01
8.100000000000000000e+01 -2.399244270117600331e-01
8.000000000000000000e+01 -2.402347215282533421e-01
7.900000000000000000e+01 -2.403637204371435465e-01
7.800000000000000000e+01 -2.403035593854414842e-01
7.700000000000000000e+01 -2.400460588187688371e-01
7.600000000000000000e+01 -2.395827201603911716e-01
7.500000000000000000e+01 -2.389046642388056307e-01
7.400000000000000000e+01 -2.380026195898287122e-01
7.300000000000000000e+01 -2.368668806832354978e-01
7.200000000000000000e+01 -2.354872580234325108e-01
7.100000000000000000e+01 -2.338530410325816711e-01
7.000000000000000000e+01 -2.319529319314143634e-01
6.900000000000000000e+01 -2.297750019739938643e-01
6.800000000000000000e+01 -2.273066355947166439e-01
6.700000000000000000e+01 -2.245344383973141567e-01
6.600000000000000000e+01 -2.214441803024048694e-01
6.500000000000000000e+01 -2.180207250320352619e-01
6.400000000000000000e+01 -2.142479155459848517e-01
6.300000000000000000e+01 -2.101085182579814081e-01
6.200000000000000000e+01 -2.055840870123933350e-01
6.100000000000000000e+01 -2.006548823649817459e-01
6.000000000000000000e+01 -1.952997082541315932e-01
5.900000000000000000e+01 -1.894958563366473669e-01
5.800000000000000000e+01 -1.832188950970001229e-01
5.700000000000000000e+01 -1.764425842347666362e-01
5.600000000000000000e+01 -1.691386256070719352e-01
5.500000000000000000e+01 -1.612765820507758296e-01
5.400000000000000000e+01 -1.528235830195424083e-01
5.300000000000000000e+01 -1.437442081876766642e-01
5.200000000000000000e+01 -1.340001608733826788e-01
5.100000000000000000e+01 -1.235500348176767627e-01
5.000000000000000000e+01 -1.123490273024615876e-01
