4.000000000000000000e+02 1.500160743422789267e+00
3.990000000000000000e+02 1.500402556339478277e+00
3.980000000000000000e+02 1.500651105072384306e+00
3.970000000000000000e+02 1.500906478326500482e+00
3.960000000000000000e+02 1.501168764610139705e+00
3.950000000000000000e+02 1.501438052184610017e+00
3.940000000000000000e+02 1.501714429012442231e+00
3.930000000000000000e+02 1.501997982704031065e+00
3.920000000000000000e+02 1.502288800462585172e+00
3.910000000000000000e+02 1.502586969027632557e+00
3.900000000000000000e+02 1.502892574616847554e+00
3.890000000000000000e+02 1.503205702866097226e+00
3.880000000000000000e+02 1.503526438767911921e+00
3.870000000000000000e+02 1.503854866608328678e+00
3.860000000000000000e+02 1.504191069901872790e+00
3.850000000000000000e+02 1.504535147689502583e+00
3.840000000000000000e+02 1.504887150880634961e+00
3.830000000000000000e+02 1.505247174970792967e+00
3.820000000000000000e+02 1.505615299725965528e+00
3.810000000000000000e+02 1.505991603791500211e+00
3.800000000000000000e+02 1.506376164616623381e+00
3.790000000000000000e+02 1.506769058377085413e+00
3.780000000000000000e+02 1.507170359895855904e+00
3.770000000000000000e+02 1.507580142562076952e+00
3.760000000000000000e+02 1.507998478247903229e+00
3.750000000000000000e+02 1.508425437223614107e+00
3.740000000000000000e+02 1.508861088070614365e+00
3.730000000000000000e+02 1.509305497592634104e+00
3.720000000000000000e+02 1.509758730724850340e+00
3.710000000000000000e+02 1.510220850440951113e+00
3.700000000000000000e+02 1.510691917658350425e+00
3.690000000000000000e+02 1.511171991141336379e+00
3.680000000000000000e+02 1.511661127401986882e+00
3.670000000000000000e+02 1.512159380599399583e+00
3.660000000000000000e+02 1.512666802436383628e+00
3.650000000000000000e+02 1.513183442054634842e+00
3.640000000000000000e+02 1.513709345927272576e+00
3.630000000000000000e+02 1.514244557749638176e+00
3.620000000000000000e+02 1.514789118327887429e+00
3.610000000000000000e+02 1.515343065465386552e+00
3.600000000000000000e+02 1.515906433847118873e+00
3.590000000000000000e+02 1.516479254921844433e+00
3.580000000000000000e+02 1.517061556782197673e+00
3.570000000000000000e+02 1.517653364042554243e+00
3.560000000000000000e+02 1.518254697714992663e+00
3.550000000000000000e+02 1.518865575082749775e+00
3.540000000000000000e+02 1.519486009571831886e+00
3.530000000000000000e+02 1.520116010620356839e+00
3.520000000000000000e+02 1.520755583545776224e+00
3.510000000000000000e+02 1.521404729410081647e+00
3.500000000000000000e+02 1.522063444882575167e+00
3.490000000000000000e+02 1.522731722100922003e+00
3.480000000000000000e+02 1.523409548529921942e+00
3.470000000000000000e+02 1.524096906818042108e+00
3.460000000000000000e+02 1.524793774652270839e+00
3.450000000000000000e+02 1.525500124610379205e+00
3.440000000000000000e+02 1.526215924011779634e+00
3.430000000000000000e+02 1.526941134765829045e+00
3.420000000000000000e+02 1.527675713218534348e+00
3.410000000000000000e+02 1.528419609997144324e+00
3.400000000000000000e+02 1.529172769852824798e+00
3.390000000000000000e+02 1.529935131501592771e+00
3.380000000000000000e+02 1.530706627463294556e+00
3.370000000000000000e+02 1.531487183898808446e+00
3.360000000000000000e+02 1.532276720445767682e+00
3.350000000000000000e+02 1.533075150052147118e+00
3.340000000000000000e+02 1.533882378808737901e+00
3.330000000000000000e+02 1.534698305779758964e+00
3.320000000000000000e+02 1.535522822831982825e+00
3.310000000000000000e+02 1.536355814462839309e+00
3.300000000000000000e+02 1.537197157626672528e+00
3.290000000000000000e+02 1.538046721560184293e+00
3.280000000000000000e+02 1.538904367606577450e+00
3.270000000000000000e+02 1.539769949038753749e+00
3.260000000000000000e+02 1.540643310881391947e+00
3.250000000000000000e+02 1.541524289732668418e+00
3.240000000000000000e+02 1.542412713584684125e+00
3.230000000000000000e+02 1.543308401643987304e+00
3.220000000000000000e+02 1.544211164151352289e+00
3.210000000000000000e+02 1.545120802201242149e+00
3.200000000000000000e+02 1.546037107561532675e+00
3.190000000000000000e+02 1.546959862493021420e+00
3.180000000000000000e+02 1.547888839569406816e+00
3.170000000000000000e+02 1.548823801497530184e+00
3.160000000000000000e+02 1.549764500938718204e+00
3.150000000000000000e+02 1.550710680330361413e+00
3.140000000000000000e+02 1.551662071709387636e+00
3.130000000000000000e+02 1.552618396536401768e+00
3.120000000000000000e+02 1.553579365521998268e+00
3.110000000000000000e+02 1.554544679228854864e+00
3.100000000000000000e+02 1.555514024808321905e+00
3.090000000000000000e+02 1.556487080468708761e+00
3.080000000000000000e+02 1.557463512223528745e+00
3.070000000000000000e+02 1.558442974501131006e+00
3.060000000000000000e+02 1.559425109986778413e+00
3.050000000000000000e+02 1.560409549468640078e+00
3.040000000000000000e+02 1.561395911687990079e+00
3.030000000000000000e+02 1.562383803193960974e+00
3.020000000000000000e+02 1.563372818203554004e+00
3.010000000000000000e+02 1.564362538467075625e+00
3.000000000000000000e+02 1.565352533139396263e+00
2.990000000000000000e+02 1.566342358657980993e+00
2.980000000000000000e+02 1.567331558627543808e+00
2.970000000000000000e+02 1.568319663712324008e+00
2.960000000000000000e+02 1.569306191536637529e+00
2.950000000000000000e+02 1.570290646593430539e+00
2.940000000000000000e+02 1.571272520162714681e+00
2.930000000000000000e+02 1.572251290239274901e+00
2.920000000000000000e+02 1.573226421471026759e+00
2.910000000000000000e+02 1.574197365108632951e+00
2.900000000000000000e+02 1.575163566488445577e+00
2.890000000000000000e+02 1.576124436063504941e+00
2.880000000000000000e+02 1.577079391256179797e+00
2.870000000000000000e+02 1.578027829492486100e+00
2.860000000000000000e+02 1.578969134742751912e+00
2.850000000000000000e+02 1.579902677553306489e+00
2.840000000000000000e+02 1.580827815094526301e+00
2.830000000000000000e+02 1.581743891226242038e+00
2.820000000000000000e+02 1.582650236581140568e+00
2.810000000000000000e+02 1.583546168667316900e+00
2.800000000000000000e+02 1.584430991990839921e+00
2.790000000000000000e+02 1.585303998199110387e+00
2.780000000000000000e+02 1.586164466245972626e+00
2.770000000000000000e+02 1.587011662579966398e+00
2.760000000000000000e+02 1.587844841356220948e+00
2.750000000000000000e+02 1.588663244673009567e+00
2.740000000000000000e+02 1.589466102834371286e+00
2.730000000000000000e+02 1.590252634639484741e+00
2.720000000000000000e+02 1.591022047700122677e+00
2.710000000000000000e+02 1.591773538786878550e+00
2.700000000000000000e+02 1.592506294205396244e+00
2.690000000000000000e+02 1.593219490203940936e+00
2.680000000000000000e+02 1.593912293412761194e+00
2.670000000000000000e+02 1.594583861316943407e+00
2.660000000000000000e+02 1.595233342763252127e+00
2.650000000000000000e+02 1.595859878502316587e+00
2.640000000000000000e+02 1.596462601767483891e+00
2.630000000000000000e+02 1.597040638890206088e+00
2.620000000000000000e+02 1.597593109954468460e+00
2.610000000000000000e+02 1.598119129490167323e+00
2.600000000000000000e+02 1.598617807206723862e+00
2.590000000000000000e+02 1.599088248767501552e+00
2.580000000000000000e+02 1.599529556606837710e+00
2.570000000000000000e+02 1.599940830789214674e+00
2.560000000000000000e+02 1.600321169911923302e+00
2.550000000000000000e+02 1.600669672052472903e+00
2.540000000000000000e+02 1.600985435760574171e+00
2.530000000000000000e+02 1.601267561094936953e+00
2.520000000000000000e+02 1.601515150707073953e+00
2.510000000000000000e+02 1.601727310970469498e+00
2.500000000000000000e+02 1.601903153156759352e+00
2.490000000000000000e+02 1.602041794658984220e+00
2.480000000000000000e+02 1.602142360260954801e+00
2.470000000000000000e+02 1.602203983454605796e+00
2.460000000000000000e+02 1.602225807803366653e+00
2.450000000000000000e+02 1.602206988352508965e+00
2.440000000000000000e+02 1.602146693085834350e+00
2.430000000000000000e+02 1.602044104427354121e+00
2.420000000000000000e+02 1.601898420789013011e+00
2.410000000000000000e+02 1.601708858161649873e+00
2.400000000000000000e+02 1.601474651749896116e+00
2.390000000000000000e+02 1.601195057648725939e+00
2.380000000000000000e+02 1.600869354560894520e+00
2.370000000000000000e+02 1.600496845553535108e+00
2.360000000000000000e+02 1.600076859852469502e+00
2.350000000000000000e+02 1.599608754671909105e+00
2.340000000000000000e+02 1.599091917077817948e+00
2.330000000000000000e+02 1.598525765882727878e+00
2.320000000000000000e+02 1.597909753568881319e+00
2.310000000000000000e+02 1.597243368238012939e+00
2.300000000000000000e+02 1.596526135583749895e+00
2.290000000000000000e+02 1.595757620884558525e+00
2.280000000000000000e+02 1.594937431012704687e+00
2.270000000000000000e+02 1.594065216457201783e+00
2.260000000000000000e+02 1.593140673355426973e+00
2.250000000000000000e+02 1.592163545530545621e+00
2.240000000000000000e+02 1.591133626529891210e+00
2.230000000000000000e+02 1.590050761660990242e+00
2.220000000000000000e+02 1.588914850018413372e+00
2.210000000000000000e+02 1.587725846499954852e+00
2.200000000000000000e+02 1.586483763804050984e+00
2.190000000000000000e+02 1.585188674405788589e+00
2.180000000000000000e+02 1.583840712504595682e+00
2.170000000000000000e+02 1.582440075938966073e+00
2.160000000000000000e+02 1.580987028063213007e+00
2.150000000000000000e+02 1.579481899579280535e+00
2.140000000000000000e+02 1.577925090319511892e+00
2.130000000000000000e+02 1.576317070973364265e+00
2.120000000000000000e+02 1.574658384752490647e+00
2.110000000000000000e+02 1.572949648989501181e+00
2.100000000000000000e+02 1.571191556663097399e+00
2.090000000000000000e+02 1.569384877843478243e+00
2.080000000000000000e+02 1.567530461055512969e+00
2.070000000000000000e+02 1.565629234548953974e+00
2.060000000000000000e+02 1.563682207474777597e+00
2.050000000000000000e+02 1.561690470959033128e+00
2.040000000000000000e+02 1.559655199070967280e+00
2.030000000000000000e+02 1.557577649678107301e+00
2.020000000000000000e+02 1.555459165188044501e+00
2.010000000000000000e+02 1.553301173165385407e+00
2.000000000000000000e+02 1.551105186825578741e+00
1.990000000000000000e+02 1.548872805399853725e+00
1.980000000000000000e+02 1.546605714365779427e+00
1.970000000000000000e+02 1.544305685543444717e+00
1.960000000000000000e+02 1.541974577051936190e+00
1.950000000000000000e+02 1.539614333124493584e+00
1.940000000000000000e+02 1.537226983781976530e+00
1.930000000000000000e+02 1.534814644361032210e+00
1.920000000000000000e+02 1.532379514896999861e+00
1.910000000000000000e+02 1.529923879361568151e+00
1.900000000000000000e+02 1.527450104757543059e+00
1.890000000000000000e+02 1.524960640065135875e+00
1.880000000000000000e+02 1.522458015048483881e+00
1.870000000000000000e+02 1.519944838922580477e+00
1.860000000000000000e+02 1.517423798879959707e+00
1.850000000000000000e+02 1.514897658483139065e+00
1.840000000000000000e+02 1.512369255928106782e+00
1.830000000000000000e+02 1.509841502181272777e+00
1.820000000000000000e+02 1.507317378994026846e+00
1.810000000000000000e+02 1.504799936807820870e+00
1.800000000000000000e+02 1.502292292543841556e+00
1.790000000000000000e+02 1.499797627296835856e+00
1.780000000000000000e+02 1.497319183933143449e+00
1.770000000000000000e+02 1.494860264604413125e+00
1.760000000000000000e+02 1.492424228184562107e+00
1.750000000000000000e+02 1.490014487636417639e+00
1.740000000000000000e+02 1.487634507327291633e+00
1.730000000000000000e+02 1.485287800287877324e+00
1.720000000000000000e+02 1.482977925441819167e+00
1.710000000000000000e+02 1.480708484801666724e+00
1.700000000000000000e+02 1.478483120656812755e+00
1.690000000000000000e+02 1.476305512748480098e+00
1.680000000000000000e+02 1.474179375459910846e+00
1.670000000000000000e+02 1.472108455018330098e+00
1.660000000000000000e+02 1.470096526732478592e+00
1.650000000000000000e+02 1.468147392267274309e+00
1.640000000000000000e+02 1.466264876978651044e+00
1.630000000000000000e+02 1.464452827303814653e+00
1.620000000000000000e+02 1.462715108236638306e+00
1.610000000000000000e+02 1.461055600887384731e+00
1.600000000000000000e+02 1.459478200138444093e+00
1.590000000000000000e+02 1.457986812414169275e+00
1.580000000000000000e+02 1.456585353563652152e+00
1.570000000000000000e+02 1.455277746881418643e+00
1.560000000000000000e+02 1.454067921256404938e+00
1.550000000000000000e+02 1.452959809474355879e+00
1.540000000000000000e+02 1.451957346678270255e+00
1.530000000000000000e+02 1.451064468985984179e+00
1.520000000000000000e+02 1.450285112279245725e+00
1.510000000000000000e+02 1.449623211178277193e+00
1.500000000000000000e+02 1.449082698186580309e+00
1.490000000000000000e+02 1.448667503032064374e+00
1.480000000000000000e+02 1.448381552202825606e+00
1.470000000000000000e+02 1.448228775184210892e+00
1.460000000000000000e+02 1.448213080342268366e+00
1.450000000000000000e+02 1.448338388700593615e+00
1.440000000000000000e+02 1.448608613223860253e+00
1.430000000000000000e+02 1.449027664329753051e+00
1.420000000000000000e+02 1.449599450640116638e+00
1.410000000000000000e+02 1.450327879939913078e+00
1.400000000000000000e+02 1.451216860333432335e+00
1.390000000000000000e+02 1.452270301612752723e+00
1.380000000000000000e+02 1.453492116826914593e+00
1.370000000000000000e+02 1.454886224050912391e+00
1.360000000000000000e+02 1.456456548347774049e+00
1.350000000000000000e+02 1.458207023929160906e+00
1.340000000000000000e+02 1.460141596509798578e+00
1.330000000000000000e+02 1.462264225841267251e+00
1.320000000000000000e+02 1.464578888453068828e+00
1.310000000000000000e+02 1.467089580541770744e+00
1.300000000000000000e+02 1.469800321072046723e+00
1.290000000000000000e+02 1.472715155042352730e+00
1.280000000000000000e+02 1.475838156923780620e+00
1.270000000000000000e+02 1.479173434288265865e+00
1.260000000000000000e+02 1.482725131595107548e+00
1.250000000000000000e+02 1.486497434174261834e+00
1.240000000000000000e+02 1.490494572380520744e+00
1.230000000000000000e+02 1.494720825940264897e+00
1.220000000000000000e+02 1.499180528489149733e+00
1.210000000000000000e+02 1.503878072318180603e+00
1.200000000000000000e+02 1.508817913340010364e+00
1.190000000000000000e+02 1.514004576284116999e+00
1.180000000000000000e+02 1.519442660157547031e+00
1.170000000000000000e+02 1.525136843968269318e+00
1.160000000000000000e+02 1.531091892778652763e+00
1.150000000000000000e+02 1.537312664079109936e+00
1.140000000000000000e+02 1.543804114568290142e+00
1.130000000000000000e+02 1.550571307336108928e+00
1.120000000000000000e+02 1.557619419555712037e+00
1.110000000000000000e+02 1.564953750691115753e+00
1.100000000000000000e+02 1.572579731333709763e+00
1.090000000000000000e+02 1.580502932708045538e+00
1.080000000000000000e+02 1.588729076955352149e+00
1.070000000000000000e+02 1.597264048275730541e+00
1.060000000000000000e+02 1.606113905026307798e+00
1.050000000000000000e+02 1.615284892891342583e+00
1.040000000000000000e+02 1.624783459258035467e+00
1.030000000000000000e+02 1.634616268884188095e+00
1.020000000000000000e+02 1.644790221042613965e+00
1.010000000000000000e+02 1.655312468251068703e+00
1.000000000000000000e+02 1.666190436744859449e+00
9.900000000000000000e+01 1.677431848864169517e+00
9.800000000000000000e+01 1.689044747493796628e+00
9.700000000000000000e+01 1.701037522707028238e+00
9.600000000000000000e+01 1.713418940823534520e+00
9.500000000000000000e+01 1.726198175973332916e+00
9.400000000000000000e+01 1.739384844353407233e+00
9.300000000000000000e+01 1.752989041333299358e+00
9.200000000000000000e+01 1.767021381489432219e+00
9.100000000000000000e+01 1.781493041714608871e+00
9.000000000000000000e+01 1.796415807496012818e+00
8.900000000000000000e+01 1.811802122370125057e+00
8.800000000000000000e+01 1.827665140654956666e+00
8.700000000000000000e+01 1.844018783393286842e+00
8.600000000000000000e+01 1.860877797471307993e+00
8.500000000000000000e+01 1.878257817819831477e+00
8.400000000000000000e+01 1.896175432528057758e+00
8.300000000000000000e+01 1.914648250676351138e+00
8.200000000000000000e+01 1.933694972573964499e+00
8.100000000000000000e+01 1.953335462125662225e+00
8.000000000000000000e+01 1.973590820804987267e+00
7.900000000000000000e+01 1.994483462929291129e+00
7.800000000000000000e+01 2.016037191473968981e+00
7.700000000000000000e+01 2.038277274027184838e+00
7.600000000000000000e+01 2.061230517993065448e+00
7.500000000000000000e+01 2.084925344535048630e+00
7.400000000000000000e+01 2.109391860272238794e+00
7.300000000000000000e+01 2.134661926078988969e+00
7.200000000000000000e+01 2.160769222027816294e+00
7.100000000000000000e+01 2.187749307729287995e+00
7.000000000000000000e+01 2.215639677206233671e+00
6.900000000000000000e+01 2.244479807538159566e+00
6.800000000000000000e+01 2.274311200559320678e+00
6.700000000000000000e+01 2.305177417003984708e+00
6.600000000000000000e+01 2.337124102660008695e+00
6.500000000000000000e+01 2.370199006060075053e+00
6.400000000000000000e+01 2.404451987863891027e+00
6.300000000000000000e+01 2.439935021696176154e+00
6.200000000000000000e+01 2.476702187141142542e+00
6.100000000000000000e+01 2.514809655249989007e+00
6.000000000000000000e+01 2.554315667887165464e+00
5.900000000000000000e+01 2.595280511968140580e+00
5.800000000000000000e+01 2.637766490457010171e+00
5.700000000000000000e+01 2.681837892422048508e+00
5.600000000000000000e+01 2.727560964348438421e+00
5.500000000000000000e+01 2.775003885901507594e+00
5.400000000000000000e+01 2.824236753631225838e+00
5.300000000000000000e+01 2.875331576116783694e+00
5.200000000000000000e+01 2.928362285121735908e+00
5.100000000000000000e+01 2.983404767129741675e+00
5.000000000000000000e+01 3.040536920508451146e+00
