4.000000000000000000e+02 -2.376089678918950898e-01
3.990000000000000000e+02 -2.379400972176589912e-01
3.980000000000000000e+02 -2.382747743137416940e-01
3.970000000000000000e+02 -2.386130332015659050e-01
3.960000000000000000e+02 -2.389548849691803811e-01
3.950000000000000000e+02 -2.393004143502958092e-01
3.940000000000000000e+02 -2.396496222727255432e-01
3.930000000000000000e+02 -2.400025570827852839e-01
3.920000000000000000e+02 -2.403592357630724985e-01
3.910000000000000000e+02 -2.407196971540507824e-01
3.900000000000000000e+02 -2.410839928548728084e-01
3.890000000000000000e+02 -2.414521399854798467e-01
3.880000000000000000e+02 -2.418242254328950014e-01
3.870000000000000000e+02 -2.422001397415288193e-01
3.860000000000000000e+02 -2.425800474232452653e-01
3.850000000000000000e+02 -2.429639444983270335e-01
3.840000000000000000e+02 -2.433518540083712545e-01
3.830000000000000000e+02 -2.437438446165745565e-01
3.820000000000000000e+02 -2.441398600732184732e-01
3.810000000000000000e+02 -2.445400224972483494e-01
3.800000000000000000e+02 -2.449443199580868258e-01
3.790000000000000000e+02 -2.453527711727561123e-01
3.780000000000000000e+02 -2.457654381719646675e-01
3.770000000000000000e+02 -2.461823188660767214e-01
3.760000000000000000e+02 -2.466034477119542212e-01
3.750000000000000000e+02 -2.470288519719021358e-01
3.740000000000000000e+02 -2.474585585488523753e-01
3.730000000000000000e+02 -2.478925888845988912e-01
3.720000000000000000e+02 -2.483309732670581638e-01
3.710000000000000000e+02 -2.487737265606466963e-01
3.700000000000000000e+02 -2.492208763555676665e-01
3.690000000000000000e+02 -2.496724396468597007e-01
3.680000000000000000e+02 -2.501284380941081187e-01
3.670000000000000000e+02 -2.505888902116474859e-01
3.660000000000000000e+02 -2.510538149379579753e-01
3.650000000000000000e+02 -2.515232309095758456e-01
3.640000000000000000e+02 -2.519971410738819917e-01
3.630000000000000000e+02 -2.524755753559471128e-01
3.620000000000000000e+02 -2.529585401085596708e-01
3.610000000000000000e+02 -2.534460431888942433e-01
3.600000000000000000e+02 -2.539381080389260803e-01
3.590000000000000000e+02 -2.544347346752089956e-01
3.580000000000000000e+02 -2.549359294743466786e-01
3.570000000000000000e+02 -2.554417043071898763e-01
3.560000000000000000e+02 -2.559520557248776140e-01
3.550000000000000000e+02 -2.564669960650602931e-01
3.540000000000000000e+02 -2.569865257566224526e-01
3.530000000000000000e+02 -2.575106410685097380e-01
3.520000000000000000e+02 -2.580393448209479801e-01
3.510000000000000000e+02 -2.585726271092181894e-01
3.500000000000000000e+02 -2.591104937712074840e-01
3.490000000000000000e+02 -2.596529294064899296e-01
3.480000000000000000e+02 -2.601999287287760088e-01
3.470000000000000000e+02 -2.607514811104380548e-01
3.460000000000000000e+02 -2.613075745958289287e-01
3.450000000000000000e+02 -2.618681945699975477e-01
3.440000000000000000e+02 -2.624333448200882324e-01
3.430000000000000000e+02 -2.630029377903305710e-01
3.420000000000000000e+02 -2.635770495893909326e-01
3.410000000000000000e+02 -2.641555967998365784e-01
3.400000000000000000e+02 -2.647385701049377316e-01
3.390000000000000000e+02 -2.653259443252017902e-01
3.380000000000000000e+02 -2.659176846759016000e-01
3.370000000000000000e+02 -2.665137635883995104e-01
3.360000000000000000e+02 -2.671141504554890300e-01
3.350000000000000000e+02 -2.677188054293624941e-01
3.340000000000000000e+02 -2.683276894215961828e-01
3.330000000000000000e+02 -2.689407625921805267e-01
3.320000000000000000e+02 -2.695579878867289114e-01
3.310000000000000000e+02 -2.701793145406870544e-01
3.300000000000000000e+02 -2.708046939409253229e-01
3.290000000000000000e+02 -2.714340502594206894e-01
3.280000000000000000e+02 -2.720673772051843686e-01
3.270000000000000000e+02 -2.727045894944594706e-01
3.260000000000000000e+02 -2.733456352718499072e-01
3.250000000000000000e+02 -2.739904483564064575e-01
3.240000000000000000e+02 -2.746389633324881618e-01
3.230000000000000000e+02 -2.752911170393851914e-01
3.220000000000000000e+02 -2.759468395852706091e-01
3.210000000000000000e+02 -2.766060540622328201e-01
3.200000000000000000e+02 -2.772686848517484925e-01
3.190000000000000000e+02 -2.779346465009275846e-01
3.180000000000000000e+02 -2.786038745251569471e-01
3.170000000000000000e+02 -2.792762688728251397e-01
3.160000000000000000e+02 -2.799517505952542340e-01
3.150000000000000000e+02 -2.806302128765383319e-01
3.140000000000000000e+02 -2.813115899030675382e-01
3.130000000000000000e+02 -2.819957411219546350e-01
3.120000000000000000e+02 -2.826825960220003542e-01
3.110000000000000000e+02 -2.833720703519084227e-01
3.100000000000000000e+02 -2.840639985930648592e-01
3.090000000000000000e+02 -2.847583088874456880e-01
3.080000000000000000e+02 -2.854548995882940088e-01
3.070000000000000000e+02 -2.861536356065584874e-01
3.060000000000000000e+02 -2.868543980073943733e-01
3.050000000000000000e+02 -2.875570796814903018e-01
3.040000000000000000e+02 -2.882615200357032115e-01
3.030000000000000000e+02 -2.889676190418133395e-01
3.020000000000000000e+02 -2.896752306589414627e-01
3.010000000000000000e+02 -2.903842268101089474e-01
3.000000000000000000e+02 -2.910944874694878504e-01
2.990000000000000000e+02 -2.918058053283100195e-01
2.980000000000000000e+02 -2.925181144403551370e-01
2.970000000000000000e+02 -2.932312211873018826e-01
2.960000000000000000e+02 -2.939449939767762587e-01
2.950000000000000000e+02 -2.946592489317838015e-01
2.940000000000000000e+02 -2.953738548186557455e-01
2.930000000000000000e+02 -2.960886447764999319e-01
2.920000000000000000e+02 -2.968034727808712137e-01
2.910000000000000000e+02 -2.975181129851696138e-01
2.900000000000000000e+02 -2.982324305119985475e-01
2.890000000000000000e+02 -2.989462455477926439e-01
2.880000000000000000e+02 -2.996594316164854499e-01
2.870000000000000000e+02 -3.003717371387839563e-01
2.860000000000000000e+02 -3.010830028729566399e-01
2.850000000000000000e+02 -3.017930663059938401e-01
2.840000000000000000e+02 -3.025016960807438426e-01
2.830000000000000000e+02 -3.032087322624953396e-01
2.820000000000000000e+02 -3.039139462173995887e-01
2.810000000000000000e+02 -3.046172026453354276e-01
2.800000000000000000e+02 -3.053182547692954718e-01
2.790000000000000000e+02 -3.060168570712435976e-01
2.780000000000000000e+02 -3.067129102459215106e-01
2.770000000000000000e+02 -3.074061109782800782e-01
2.760000000000000000e+02 -3.080962740587484539e-01
2.750000000000000000e+02 -3.087832168460656335e-01
2.740000000000000000e+02 -3.094666883501714372e-01
2.730000000000000000e+02 -3.101464669486344583e-01
2.720000000000000000e+02 -3.108223434679422414e-01
2.710000000000000000e+02 -3.114940858563729487e-01
2.700000000000000000e+02 -3.121614735058585444e-01
2.690000000000000000e+02 -3.128242531495205037e-01
2.680000000000000000e+02 -3.134822188118798203e-01
2.670000000000000000e+02 -3.141351153660454365e-01
2.660000000000000000e+02 -3.147827211351553744e-01
2.650000000000000000e+02 -3.154247638254753516e-01
2.640000000000000000e+02 -3.160611010086933348e-01
2.630000000000000000e+02 -3.166913127438748532e-01
2.620000000000000000e+02 -3.173152822655608274e-01
2.610000000000000000e+02 -3.179327935848615394e-01
2.600000000000000000e+02 -3.185434418973200343e-01
2.590000000000000000e+02 -3.191470961344489710e-01
2.580000000000000000e+02 -3.197434495118540720e-01
2.570000000000000000e+02 -3.203322212690598580e-01
2.560000000000000000e+02 -3.209132856986144366e-01
2.550000000000000000e+02 -3.214862306043007045e-01
2.540000000000000000e+02 -3.220508463446763447e-01
2.530000000000000000e+02 -3.226068708619631020e-01
2.520000000000000000e+02 -3.231540274952010572e-01
2.510000000000000000e+02 -3.236920525864517284e-01
2.500000000000000000e+02 -3.242206624510770019e-01
2.490000000000000000e+02 -3.247396198583934468e-01
2.480000000000000000e+02 -3.252485777365615727e-01
2.470000000000000000e+02 -3.257473132695657969e-01
2.460000000000000000e+02 -3.262355371141284488e-01
2.450000000000000000e+02 -3.267129754099096228e-01
2.440000000000000000e+02 -3.271793347594583179e-01
2.430000000000000000e+02 -3.276343160987423841e-01
2.420000000000000000e+02 -3.280776765410438611e-01
2.410000000000000000e+02 -3.285090828926066076e-01
2.400000000000000000e+02 -3.289282695818533941e-01
2.390000000000000000e+02 -3.293349347151875439e-01
2.380000000000000000e+02 -3.297287875567830318e-01
2.370000000000000000e+02 -3.301095417272446597e-01
2.360000000000000000e+02 -3.304768857005860871e-01
2.350000000000000000e+02 -3.308305416409321187e-01
2.340000000000000000e+02 -3.311701440607327518e-01
2.330000000000000000e+02 -3.314954809381051581e-01
2.320000000000000000e+02 -3.318061970788646620e-01
2.310000000000000000e+02 -3.321020479275589854e-01
2.300000000000000000e+02 -3.323825832015475656e-01
2.290000000000000000e+02 -3.326477116494580000e-01
2.280000000000000000e+02 -3.328968549299698432e-01
2.270000000000000000e+02 -3.331299013254016006e-01
2.260000000000000000e+02 -3.333464759401115751e-01
2.250000000000000000e+02 -3.335462790248206466e-01
2.240000000000000000e+02 -3.337289522542452036e-01
2.230000000000000000e+02 -3.338941997785750404e-01
2.220000000000000000e+02 -3.340417207249283815e-01
2.210000000000000000e+02 -3.341711503560867436e-01
2.200000000000000000e+02 -3.342821678542520769e-01
2.190000000000000000e+02 -3.343744853144008933e-01
2.180000000000000000e+02 -3.344477541431045142e-01
2.170000000000000000e+02 -3.345016021785362503e-01
2.160000000000000000e+02 -3.345357355148869671e-01
2.150000000000000000e+02 -3.345498012045942104e-01
2.140000000000000000e+02 -3.345434806167045805e-01
2.130000000000000000e+02 -3.345164156945523160e-01
2.120000000000000000e+02 -3.344682705139458978e-01
2.110000000000000000e+02 -3.343987021242026403e-01
2.100000000000000000e+02 -3.343073626995703429e-01
2.090000000000000000e+02 -3.341938972589558743e-01
2.080000000000000000e+02 -3.340579808020329722e-01
2.070000000000000000e+02 -3.338992375931545409e-01
2.060000000000000000e+02 -3.337173213750747602e-01
2.050000000000000000e+02 -3.335118829351892966e-01
2.040000000000000000e+02 -3.332825302999944950e-01
2.030000000000000000e+02 -3.330289876435799101e-01
2.020000000000000000e+02 -3.327508101331923540e-01
2.010000000000000000e+02 -3.324476730782635614e-01
2.000000000000000000e+02 -3.321192034369963575e-01
1.990000000000000000e+02 -3.317650542142742687e-01
1.980000000000000000e+02 -3.313848348293462198e-01
1.970000000000000000e+02 -3.309782026050085424e-01
1.960000000000000000e+02 -3.305447854870133262e-01
1.950000000000000000e+02 -3.300841421744891147e-01
1.940000000000000000e+02 -3.295960482869549346e-01
1.930000000000000000e+02 -3.290800206369696723e-01
1.920000000000000000e+02 -3.285357142419166321e-01
1.910000000000000000e+02 -3.279627705212001532e-01
1.900000000000000000e+02 -3.273607976650217410e-01
1.890000000000000000e+02 -3.267294530491340332e-01
1.880000000000000000e+02 -3.260683314404583810e-01
1.870000000000000000e+02 -3.253770975721023695e-01
1.860000000000000000e+02 -3.246553261553811742e-01
1.850000000000000000e+02 -3.239026984947465659e-01
1.840000000000000000e+02 -3.231188238046062700e-01
1.830000000000000000e+02 -3.223033342805908807e-01
1.820000000000000000e+02 -3.214558635075404625e-01
1.810000000000000000e+02 -3.205760447053372375e-01
1.800000000000000000e+02 -3.196635113991017074e-01
1.790000000000000000e+02 -3.187179008578974737e-01
1.780000000000000000e+02 -3.177388076497462688e-01
1.770000000000000000e+02 -3.167260032032913064e-01
1.760000000000000000e+02 -3.156790076973577941e-01
1.750000000000000000e+02 -3.145974970082501265e-01
1.740000000000000000e+02 -3.134811239383219483e-01
1.730000000000000000e+02 -3.123295435713142054e-01
1.720000000000000000e+02 -3.111423960681655165e-01
1.710000000000000000e+02 -3.099193221099967310e-01
1.700000000000000000e+02 -3.086600612339306382e-01
1.690000000000000000e+02 -3.073641861836743372e-01
1.680000000000000000e+02 -3.060313809887049707e-01
1.670000000000000000e+02 -3.046613004421236393e-01
1.660000000000000000e+02 -3.032537335285461766e-01
1.650000000000000000e+02 -3.018082136858925568e-01
1.640000000000000000e+02 -3.003244692566962026e-01
1.630000000000000000e+02 -2.988021464002548755e-01
1.620000000000000000e+02 -2.972409867260973892e-01
1.610000000000000000e+02 -2.956406321728142217e-01
1.600000000000000000e+02 -2.940007830469723582e-01
1.590000000000000000e+02 -2.923211242741960980e-01
1.580000000000000000e+02 -2.906013551405274287e-01
1.570000000000000000e+02 -2.888411513219326654e-01
1.560000000000000000e+02 -2.870402251335733013e-01
1.550000000000000000e+02 -2.851982630405481833e-01
1.540000000000000000e+02 -2.833149609320709250e-01
1.530000000000000000e+02 -2.813900154794488073e-01
1.520000000000000000e+02 -2.794231193875029717e-01
1.510000000000000000e+02 -2.774139785239416178e-01
1.500000000000000000e+02 -2.753622632942044346e-01
1.490000000000000000e+02 -2.732676829578230548e-01
1.480000000000000000e+02 -2.711299304275298638e-01
1.470000000000000000e+02 -2.689486868115680829e-01
1.460000000000000000e+02 -2.667236416100798313e-01
1.450000000000000000e+02 -2.644544755204819575e-01
1.440000000000000000e+02 -2.621408666526918729e-01
1.430000000000000000e+02 -2.597824864029791847e-01
1.420000000000000000e+02 -2.573790013564479229e-01
1.410000000000000000e+02 -2.549300710148915683e-01
1.400000000000000000e+02 -2.524353753655529387e-01
1.390000000000000000e+02 -2.498945391600193855e-01
1.380000000000000000e+02 -2.473072263846852747e-01
1.370000000000000000e+02 -2.446730632552243101e-01
1.360000000000000000e+02 -2.419916536998956980e-01
1.350000000000000000e+02 -2.392626672852382896e-01
1.340000000000000000e+02 -2.364856912971574077e-01
1.330000000000000000e+02 -2.336603388167802220e-01
1.320000000000000000e+02 -2.307861775373866442e-01
1.310000000000000000e+02 -2.278628119336175428e-01
1.300000000000000000e+02 -2.248898108198336410e-01
1.290000000000000000e+02 -2.218667321715520613e-01
1.280000000000000000e+02 -2.187931293391522924e-01
1.270000000000000000e+02 -2.156685274040352762e-01
1.260000000000000000e+02 -2.124924510472174788e-01
1.250000000000000000e+02 -2.092643858521362199e-01
1.240000000000000000e+02 -2.059838578709572154e-01
1.230000000000000000e+02 -2.026503110344311520e-01
1.220000000000000000e+02 -1.992632016581065424e-01
1.210000000000000000e+02 -1.958219652200766658e-01
1.200000000000000000e+02 -1.923260161677916857e-01
1.190000000000000000e+02 -1.887746834591654266e-01
1.180000000000000000e+02 -1.851673760012002568e-01
1.170000000000000000e+02 -1.815033922233575403e-01
1.160000000000000000e+02 -1.777819966627242343e-01
1.150000000000000000e+02 -1.740024458510511796e-01
1.140000000000000000e+02 -1.701639296468619444e-01
1.130000000000000000e+02 -1.662655965332072994e-01
1.120000000000000000e+02 -1.623065241149527771e-01
1.110000000000000000e+02 -1.582857382946671332e-01
1.100000000000000000e+02 -1.542021742037391618e-01
1.090000000000000000e+02 -1.500547333165756503e-01
1.080000000000000000e+02 -1.458421628680036386e-01
1.070000000000000000e+02 -1.415631588689481857e-01
1.060000000000000000e+02 -1.372162523483881624e-01
1.050000000000000000e+02 -1.327999726906834432e-01
1.040000000000000000e+02 -1.283125321459462342e-01
1.030000000000000000e+02 -1.237521392921177021e-01
1.020000000000000000e+02 -1.191167828381432953e-01
1.010000000000000000e+02 -1.144042763115996064e-01
1.000000000000000000e+02 -1.096122446882183271e-01
9.900000000000000000e+01 -1.047380944446141965e-01
9.800000000000000000e+01 -9.977901426926108486e-02
9.700000000000000000e+01 -9.473193106692866239e-02
9.600000000000000000e+01 -8.959353317620637192e-02
9.500000000000000000e+01 -8.436021252306014073e-02
9.400000000000000000e+01 -7.902807326585763181e-02
9.300000000000000000e+01 -7.359291323266181628e-02
9.200000000000000000e+01 -6.805019151427375845e-02
9.100000000000000000e+01 -6.239503478014870458e-02
9.000000000000000000e+01 -5.662221949723764136e-02
8.900000000000000000e+01 -5.072615096871939400e-02
8.800000000000000000e+01 -4.470086655290392286e-02
8.700000000000000000e+01 -3.854002223586421028e-02
8.600000000000000000e+01 -3.223686721461254540e-02
8.500000000000000000e+01 -2.578428577869198296e-02
8.400000000000000000e+01 -1.917473680614137366e-02
8.300000000000000000e+01 -1.240028435959852730e-02
8.200000000000000000e+01 -5.452632939627655856e-03
8.100000000000000000e+01 1.676959122362505980e-03
8.000000000000000000e+01 8.997604082129807487e-03
7.900000000000000000e+01 1.651880235386419746e-02
7.800000000000000000e+01 2.425048975202566751e-02
7.700000000000000000e+01 3.220292635242548440e-02
7.600000000000000000e+01 4.038679287047022143e-02
7.500000000000000000e+01 4.881316977894400999e-02
7.400000000000000000e+01 5.749352715479942588e-02
7.300000000000000000e+01 6.643970935380795473e-02
7.200000000000000000e+01 7.566397207426421578e-02
7.100000000000000000e+01 8.517897983181313415e-02
7.000000000000000000e+01 9.499779840032790412e-02
6.900000000000000000e+01 1.051338973794881532e-01
6.800000000000000000e+01 1.156011464948062534e-01
6.700000000000000000e+01 1.264138114706079286e-01
6.600000000000000000e+01 1.375864834635400769e-01
6.500000000000000000e+01 1.491340719132196735e-01
6.400000000000000000e+01 1.610717062683925394e-01
6.300000000000000000e+01 1.734146301698314407e-01
6.200000000000000000e+01 1.861780605963972712e-01
6.100000000000000000e+01 1.993770234737504421e-01
6.000000000000000000e+01 2.130261396294501341e-01
5.900000000000000000e+01 2.271395036565207748e-01
5.800000000000000000e+01 2.417306175769319276e-01
5.700000000000000000e+01 2.568127931441245293e-01
5.600000000000000000e+01 2.724005050472214085e-01
5.500000000000000000e+01 2.885132467251731447e-01
5.400000000000000000e+01 3.051854004912596396e-01
5.300000000000000000e+01 3.224905122714595285e-01
5.200000000000000000e+01 3.405557393884397488e-01
5.100000000000000000e+01 3.570724277686358472e-01
5.000000000000000000e+01 3.655733267329075442e-01
