4.000000000000000000e+02 -2.376089678918944514e-01
3.990000000000000000e+02 -2.379400972176594076e-01
3.980000000000000000e+02 -2.382747743137419438e-01
3.970000000000000000e+02 -2.386130332015668487e-01
3.960000000000000000e+02 -2.389548849691796595e-01
3.950000000000000000e+02 -2.393004143502946990e-01
3.940000000000000000e+02 -2.396496222727258762e-01
3.930000000000000000e+02 -2.400025570827854227e-01
3.920000000000000000e+02 -2.403592357630725540e-01
3.910000000000000000e+02 -2.407196971540501440e-01
3.900000000000000000e+02 -2.410839928548741962e-01
3.890000000000000000e+02 -2.414521399854794304e-01
3.880000000000000000e+02 -2.418242254328950847e-01
3.870000000000000000e+02 -2.422001397415295687e-01
3.860000000000000000e+02 -2.425800474232454040e-01
3.850000000000000000e+02 -2.429639444983268670e-01
3.840000000000000000e+02 -2.433518540083715875e-01
3.830000000000000000e+02 -2.437438446165740014e-01
3.820000000000000000e+02 -2.441398600732185009e-01
3.810000000000000000e+02 -2.445400224972484049e-01
3.800000000000000000e+02 -2.449443199580866870e-01
3.790000000000000000e+02 -2.453527711727561955e-01
3.780000000000000000e+02 -2.457654381719653336e-01
3.770000000000000000e+02 -2.461823188660763884e-01
3.760000000000000000e+02 -2.466034477119542767e-01
3.750000000000000000e+02 -2.470288519719022191e-01
3.740000000000000000e+02 -2.474585585488521533e-01
3.730000000000000000e+02 -2.478925888845990577e-01
3.720000000000000000e+02 -2.483309732670581915e-01
3.710000000000000000e+02 -2.487737265606463632e-01
3.700000000000000000e+02 -2.492208763555673889e-01
3.690000000000000000e+02 -2.496724396468603113e-01
3.680000000000000000e+02 -2.501284380941078411e-01
3.670000000000000000e+02 -2.505888902116472639e-01
3.660000000000000000e+02 -2.510538149379581419e-01
3.650000000000000000e+02 -2.515232309095754570e-01
3.640000000000000000e+02 -2.519971410738816031e-01
3.630000000000000000e+02 -2.524755753559467797e-01
3.620000000000000000e+02 -2.529585401085597263e-01
3.610000000000000000e+02 -2.534460431888938547e-01
3.600000000000000000e+02 -2.539381080389260803e-01
3.590000000000000000e+02 -2.544347346752095507e-01
3.580000000000000000e+02 -2.549359294743467341e-01
3.570000000000000000e+02 -2.554417043071887106e-01
3.560000000000000000e+02 -2.559520557248778361e-01
3.550000000000000000e+02 -2.564669960650600156e-01
3.540000000000000000e+02 -2.569865257566226191e-01
3.530000000000000000e+02 -2.575106410685097380e-01
3.520000000000000000e+02 -2.580393448209479801e-01
3.510000000000000000e+02 -2.585726271092176343e-01
3.500000000000000000e+02 -2.591104937712079836e-01
3.490000000000000000e+02 -2.596529294064896520e-01
3.480000000000000000e+02 -2.601999287287763418e-01
3.470000000000000000e+02 -2.607514811104377772e-01
3.460000000000000000e+02 -2.613075745958294838e-01
3.450000000000000000e+02 -2.618681945699984914e-01
3.440000000000000000e+02 -2.624333448200881214e-01
3.430000000000000000e+02 -2.630029377903306820e-01
3.420000000000000000e+02 -2.635770495893905441e-01
3.410000000000000000e+02 -2.641555967998365229e-01
3.400000000000000000e+02 -2.647385701049375095e-01
3.390000000000000000e+02 -2.653259443252014016e-01
3.380000000000000000e+02 -2.659176846759017110e-01
3.370000000000000000e+02 -2.665137635883988443e-01
3.360000000000000000e+02 -2.671141504554884749e-01
3.350000000000000000e+02 -2.677188054293629937e-01
3.340000000000000000e+02 -2.683276894215953501e-01
3.330000000000000000e+02 -2.689407625921804157e-01
3.320000000000000000e+02 -2.695579878867283008e-01
3.310000000000000000e+02 -2.701793145406868324e-01
3.300000000000000000e+02 -2.708046939409256559e-01
3.290000000000000000e+02 -2.714340502594205229e-01
3.280000000000000000e+02 -2.720673772051842576e-01
3.270000000000000000e+02 -2.727045894944591375e-01
3.260000000000000000e+02 -2.733456352718499072e-01
3.250000000000000000e+02 -2.739904483564066795e-01
3.240000000000000000e+02 -2.746389633324879398e-01
3.230000000000000000e+02 -2.752911170393854690e-01
3.220000000000000000e+02 -2.759468395852708311e-01
3.210000000000000000e+02 -2.766060540622318209e-01
3.200000000000000000e+02 -2.772686848517479929e-01
3.190000000000000000e+02 -2.779346465009274736e-01
3.180000000000000000e+02 -2.786038745251571136e-01
3.170000000000000000e+02 -2.792762688728254727e-01
3.160000000000000000e+02 -2.799517505952540120e-01
3.150000000000000000e+02 -2.806302128765381099e-01
3.140000000000000000e+02 -2.813115899030674272e-01
3.130000000000000000e+02 -2.819957411219549126e-01
3.120000000000000000e+02 -2.826825960220011313e-01
3.110000000000000000e+02 -2.833720703519074235e-01
3.100000000000000000e+02 -2.840639985930654143e-01
3.090000000000000000e+02 -2.847583088874454105e-01
3.080000000000000000e+02 -2.854548995882941753e-01
3.070000000000000000e+02 -2.861536356065582098e-01
3.060000000000000000e+02 -2.868543980073936517e-01
3.050000000000000000e+02 -2.875570796814900798e-01
3.040000000000000000e+02 -2.882615200357032670e-01
3.030000000000000000e+02 -2.889676190418133950e-01
3.020000000000000000e+02 -2.896752306589421289e-01
3.010000000000000000e+02 -2.903842268101089474e-01
3.000000000000000000e+02 -2.910944874694879614e-01
2.990000000000000000e+02 -2.918058053283097975e-01
2.980000000000000000e+02 -2.925181144403554701e-01
2.970000000000000000e+02 -2.932312211873015495e-01
2.960000000000000000e+02 -2.939449939767764253e-01
2.950000000000000000e+02 -2.946592489317841901e-01
2.940000000000000000e+02 -2.953738548186545798e-01
2.930000000000000000e+02 -2.960886447765003204e-01
2.920000000000000000e+02 -2.968034727808714357e-01
2.910000000000000000e+02 -2.975181129851692252e-01
2.900000000000000000e+02 -2.982324305119984920e-01
2.890000000000000000e+02 -2.989462455477924774e-01
2.880000000000000000e+02 -2.996594316164861160e-01
2.870000000000000000e+02 -3.003717371387830681e-01
2.860000000000000000e+02 -3.010830028729564734e-01
2.850000000000000000e+02 -3.017930663059941176e-01
2.840000000000000000e+02 -3.025016960807435651e-01
2.830000000000000000e+02 -3.032087322624947845e-01
2.820000000000000000e+02 -3.039139462173999218e-01
2.810000000000000000e+02 -3.046172026453348725e-01
2.800000000000000000e+02 -3.053182547692958049e-01
2.790000000000000000e+02 -3.060168570712442082e-01
2.780000000000000000e+02 -3.067129102459215106e-01
2.770000000000000000e+02 -3.074061109782804113e-01
2.760000000000000000e+02 -3.080962740587481763e-01
2.750000000000000000e+02 -3.087832168460658555e-01
2.740000000000000000e+02 -3.094666883501716592e-01
2.730000000000000000e+02 -3.101464669486342363e-01
2.720000000000000000e+02 -3.108223434679423525e-01
2.710000000000000000e+02 -3.114940858563722270e-01
2.700000000000000000e+02 -3.121614735058584333e-01
2.690000000000000000e+02 -3.128242531495207257e-01
2.680000000000000000e+02 -3.134822188118793207e-01
2.670000000000000000e+02 -3.141351153660461581e-01
2.660000000000000000e+02 -3.147827211351546528e-01
2.650000000000000000e+02 -3.154247638254749631e-01
2.640000000000000000e+02 -3.160611010086930017e-01
2.630000000000000000e+02 -3.166913127438744646e-01
2.620000000000000000e+02 -3.173152822655602168e-01
2.610000000000000000e+02 -3.179327935848620945e-01
2.600000000000000000e+02 -3.185434418973200899e-01
2.590000000000000000e+02 -3.191470961344506363e-01
2.580000000000000000e+02 -3.197434495118539610e-01
2.570000000000000000e+02 -3.203322212690600801e-01
2.560000000000000000e+02 -3.209132856986143256e-01
2.550000000000000000e+02 -3.214862306043007600e-01
2.540000000000000000e+02 -3.220508463446759007e-01
2.530000000000000000e+02 -3.226068708619634351e-01
2.520000000000000000e+02 -3.231540274952010572e-01
2.510000000000000000e+02 -3.236920525864516174e-01
2.500000000000000000e+02 -3.242206624510763913e-01
2.490000000000000000e+02 -3.247396198583932803e-01
2.480000000000000000e+02 -3.252485777365612396e-01
2.470000000000000000e+02 -3.257473132695657969e-01
2.460000000000000000e+02 -3.262355371141278937e-01
2.450000000000000000e+02 -3.267129754099098449e-01
2.440000000000000000e+02 -3.271793347594582624e-01
2.430000000000000000e+02 -3.276343160987431613e-01
2.420000000000000000e+02 -3.280776765410437501e-01
2.410000000000000000e+02 -3.285090828926068296e-01
2.400000000000000000e+02 -3.289282695818533386e-01
2.390000000000000000e+02 -3.293349347151877105e-01
2.380000000000000000e+02 -3.297287875567830318e-01
2.370000000000000000e+02 -3.301095417272446597e-01
2.360000000000000000e+02 -3.304768857005865867e-01
2.350000000000000000e+02 -3.308305416409325073e-01
2.340000000000000000e+02 -3.311701440607324742e-01
2.330000000000000000e+02 -3.314954809381048806e-01
2.320000000000000000e+02 -3.318061970788642734e-01
2.310000000000000000e+02 -3.321020479275597070e-01
2.300000000000000000e+02 -3.323825832015476767e-01
2.290000000000000000e+02 -3.326477116494578889e-01
2.280000000000000000e+02 -3.328968549299700652e-01
2.270000000000000000e+02 -3.331299013254014896e-01
2.260000000000000000e+02 -3.333464759401110755e-01
2.250000000000000000e+02 -3.335462790248199250e-01
2.240000000000000000e+02 -3.337289522542453146e-01
2.230000000000000000e+02 -3.338941997785745963e-01
2.220000000000000000e+02 -3.340417207249283815e-01
2.210000000000000000e+02 -3.341711503560862995e-01
2.200000000000000000e+02 -3.342821678542516883e-01
2.190000000000000000e+02 -3.343744853144011153e-01
2.180000000000000000e+02 -3.344477541431044587e-01
2.170000000000000000e+02 -3.345016021785359173e-01
2.160000000000000000e+02 -3.345357355148875222e-01
2.150000000000000000e+02 -3.345498012045943770e-01
2.140000000000000000e+02 -3.345434806167045805e-01
2.130000000000000000e+02 -3.345164156945518164e-01
2.120000000000000000e+02 -3.344682705139461754e-01
2.110000000000000000e+02 -3.343987021242026403e-01
2.100000000000000000e+02 -3.343073626995702319e-01
2.090000000000000000e+02 -3.341938972589554857e-01
2.080000000000000000e+02 -3.340579808020329167e-01
2.070000000000000000e+02 -3.338992375931553735e-01
2.060000000000000000e+02 -3.337173213750749823e-01
2.050000000000000000e+02 -3.335118829351896852e-01
2.040000000000000000e+02 -3.332825302999951056e-01
2.030000000000000000e+02 -3.330289876435797436e-01
2.020000000000000000e+02 -3.327508101331919099e-01
2.010000000000000000e+02 -3.324476730782641720e-01
2.000000000000000000e+02 -3.321192034369964685e-01
1.990000000000000000e+02 -3.317650542142741021e-01
1.980000000000000000e+02 -3.313848348293459423e-01
1.970000000000000000e+02 -3.309782026050085979e-01
1.960000000000000000e+02 -3.305447854870133817e-01
1.950000000000000000e+02 -3.300841421744897253e-01
1.940000000000000000e+02 -3.295960482869546015e-01
1.930000000000000000e+02 -3.290800206369694503e-01
1.920000000000000000e+02 -3.285357142419168541e-01
1.910000000000000000e+02 -3.279627705212003197e-01
1.900000000000000000e+02 -3.273607976650222406e-01
1.890000000000000000e+02 -3.267294530491334781e-01
1.880000000000000000e+02 -3.260683314404585476e-01
1.870000000000000000e+02 -3.253770975721020364e-01
1.860000000000000000e+02 -3.246553261553808967e-01
1.850000000000000000e+02 -3.239026984947459553e-01
1.840000000000000000e+02 -3.231188238046062700e-01
1.830000000000000000e+02 -3.223033342805914359e-01
1.820000000000000000e+02 -3.214558635075404069e-01
1.810000000000000000e+02 -3.205760447053374040e-01
1.800000000000000000e+02 -3.196635113991013188e-01
1.790000000000000000e+02 -3.187179008578968631e-01
1.780000000000000000e+02 -3.177388076497464908e-01
1.770000000000000000e+02 -3.167260032032916395e-01
1.760000000000000000e+02 -3.156790076973572390e-01
1.750000000000000000e+02 -3.145974970082496824e-01
1.740000000000000000e+02 -3.134811239383219483e-01
1.730000000000000000e+02 -3.123295435713148716e-01
1.720000000000000000e+02 -3.111423960681660716e-01
1.710000000000000000e+02 -3.099193221099973417e-01
1.700000000000000000e+02 -3.086600612339304717e-01
1.690000000000000000e+02 -3.073641861836743372e-01
1.680000000000000000e+02 -3.060313809887051928e-01
1.670000000000000000e+02 -3.046613004421241944e-01
1.660000000000000000e+02 -3.032537335285458990e-01
1.650000000000000000e+02 -3.018082136858930009e-01
1.640000000000000000e+02 -3.003244692566962026e-01
1.630000000000000000e+02 -2.988021464002547645e-01
1.620000000000000000e+02 -2.972409867260978888e-01
1.610000000000000000e+02 -2.956406321728142217e-01
1.600000000000000000e+02 -2.940007830469715255e-01
1.590000000000000000e+02 -2.923211242741962090e-01
1.580000000000000000e+02 -2.906013551405282613e-01
1.570000000000000000e+02 -2.888411513219332205e-01
1.560000000000000000e+02 -2.870402251335728572e-01
1.550000000000000000e+02 -2.851982630405487384e-01
1.540000000000000000e+02 -2.833149609320707585e-01
1.530000000000000000e+02 -2.813900154794473085e-01
1.520000000000000000e+02 -2.794231193875023611e-01
1.510000000000000000e+02 -2.774139785239412848e-01
1.500000000000000000e+02 -2.753622632942056003e-01
1.490000000000000000e+02 -2.732676829578220556e-01
1.480000000000000000e+02 -2.711299304275309185e-01
1.470000000000000000e+02 -2.689486868115685825e-01
1.460000000000000000e+02 -2.667236416100799423e-01
1.450000000000000000e+02 -2.644544755204819020e-01
1.440000000000000000e+02 -2.621408666526909848e-01
1.430000000000000000e+02 -2.597824864029795178e-01
1.420000000000000000e+02 -2.573790013564487000e-01
1.410000000000000000e+02 -2.549300710148927340e-01
1.400000000000000000e+02 -2.524353753655529387e-01
1.390000000000000000e+02 -2.498945391600193855e-01
1.380000000000000000e+02 -2.473072263846853858e-01
1.370000000000000000e+02 -2.446730632552239770e-01
1.360000000000000000e+02 -2.419916536998957535e-01
1.350000000000000000e+02 -2.392626672852380676e-01
1.340000000000000000e+02 -2.364856912971571579e-01
1.330000000000000000e+02 -2.336603388167799999e-01
1.320000000000000000e+02 -2.307861775373869495e-01
1.310000000000000000e+02 -2.278628119336166546e-01
1.300000000000000000e+02 -2.248898108198336132e-01
1.290000000000000000e+02 -2.218667321715521168e-01
1.280000000000000000e+02 -2.187931293391522369e-01
1.270000000000000000e+02 -2.156685274040356926e-01
1.260000000000000000e+02 -2.124924510472178951e-01
1.250000000000000000e+02 -2.092643858521360811e-01
1.240000000000000000e+02 -2.059838578709565216e-01
1.230000000000000000e+02 -2.026503110344309300e-01
1.220000000000000000e+02 -1.992632016581064314e-01
1.210000000000000000e+02 -1.958219652200763883e-01
1.200000000000000000e+02 -1.923260161677915470e-01
1.190000000000000000e+02 -1.887746834591668144e-01
1.180000000000000000e+02 -1.851673760012002012e-01
1.170000000000000000e+02 -1.815033922233575125e-01
1.160000000000000000e+02 -1.777819966627245674e-01
1.150000000000000000e+02 -1.740024458510511518e-01
1.140000000000000000e+02 -1.701639296468623053e-01
1.130000000000000000e+02 -1.662655965332075214e-01
1.120000000000000000e+02 -1.623065241149528604e-01
1.110000000000000000e+02 -1.582857382946670777e-01
1.100000000000000000e+02 -1.542021742037393284e-01
1.090000000000000000e+02 -1.500547333165756503e-01
1.080000000000000000e+02 -1.458421628680037219e-01
1.070000000000000000e+02 -1.415631588689477138e-01
1.060000000000000000e+02 -1.372162523483874130e-01
1.050000000000000000e+02 -1.327999726906833322e-01
1.040000000000000000e+02 -1.283125321459463453e-01
1.030000000000000000e+02 -1.237521392921172303e-01
1.020000000000000000e+02 -1.191167828381436006e-01
1.010000000000000000e+02 -1.144042763115998840e-01
1.000000000000000000e+02 -1.096122446882179940e-01
9.900000000000000000e+01 -1.047380944446139883e-01
9.800000000000000000e+01 -9.977901426926101547e-02
9.700000000000000000e+01 -9.473193106692874565e-02
9.600000000000000000e+01 -8.959353317620658008e-02
9.500000000000000000e+01 -8.436021252305994644e-02
9.400000000000000000e+01 -7.902807326585743752e-02
9.300000000000000000e+01 -7.359291323266163587e-02
9.200000000000000000e+01 -6.805019151427400825e-02
9.100000000000000000e+01 -6.239503478014851029e-02
9.000000000000000000e+01 -5.662221949723782177e-02
8.900000000000000000e+01 -5.072615096871951890e-02
8.800000000000000000e+01 -4.470086655290403388e-02
8.700000000000000000e+01 -3.854002223586430742e-02
8.600000000000000000e+01 -3.223686721461264948e-02
8.500000000000000000e+01 -2.578428577869183030e-02
8.400000000000000000e+01 -1.917473680614131121e-02
8.300000000000000000e+01 -1.240028435959870078e-02
8.200000000000000000e+01 -5.452632939627851880e-03
8.100000000000000000e+01 1.676959122362235363e-03
8.000000000000000000e+01 8.997604082129994837e-03
7.900000000000000000e+01 1.651880235386428072e-02
7.800000000000000000e+01 2.425048975202563975e-02
7.700000000000000000e+01 3.220292635242501950e-02
7.600000000000000000e+01 4.038679287047023531e-02
7.500000000000000000e+01 4.881316977894424591e-02
7.400000000000000000e+01 5.749352715479952303e-02
7.300000000000000000e+01 6.643970935380762166e-02
7.200000000000000000e+01 7.566397207426404925e-02
7.100000000000000000e+01 8.517897983181310639e-02
7.000000000000000000e+01 9.499779840032787637e-02
6.900000000000000000e+01 1.051338973794883752e-01
6.800000000000000000e+01 1.156011464948063089e-01
6.700000000000000000e+01 1.264138114706079286e-01
6.600000000000000000e+01 1.375864834635401601e-01
6.500000000000000000e+01 1.491340719132197012e-01
6.400000000000000000e+01 1.610717062683925949e-01
6.300000000000000000e+01 1.734146301698314963e-01
6.200000000000000000e+01 1.861780605963975210e-01
6.100000000000000000e+01 1.993770234737504421e-01
6.000000000000000000e+01 2.130261396294494403e-01
5.900000000000000000e+01 2.271395036565208025e-01
5.800000000000000000e+01 2.417306175769315946e-01
5.700000000000000000e+01 2.568127931441249179e-01
5.600000000000000000e+01 2.724005050472215750e-01
5.500000000000000000e+01 2.885132467251722010e-01
5.400000000000000000e+01 3.051854004912593621e-01
5.300000000000000000e+01 3.224905122714593619e-01
5.200000000000000000e+01 3.405557393884397488e-01
5.100000000000000000e+01 3.570724277686362358e-01
5.000000000000000000e+01 3.655733267329075997e-01
