4.000000000000000000e+02 -2.068775286080415388e-01
3.990000000000000000e+02 -2.070868494315980801e-01
3.980000000000000000e+02 -2.072967616241530586e-01
3.970000000000000000e+02 -2.075073000121348821e-01
3.960000000000000000e+02 -2.077184510976331222e-01
3.950000000000000000e+02 -2.079301762592583869e-01
3.940000000000000000e+02 -2.081425010533246023e-01
3.930000000000000000e+02 -2.083554165824310078e-01
3.920000000000000000e+02 -2.085689172311731843e-01
3.910000000000000000e+02 -2.087829833258242618e-01
3.900000000000000000e+02 -2.089976177305155058e-01
3.890000000000000000e+02 -2.092128029398845901e-01
3.880000000000000000e+02 -2.094285306126497381e-01
3.870000000000000000e+02 -2.096448104788835309e-01
3.860000000000000000e+02 -2.098616163702285708e-01
3.850000000000000000e+02 -2.100789402792268279e-01
3.840000000000000000e+02 -2.102967738872930925e-01
3.830000000000000000e+02 -2.105151127915747544e-01
3.820000000000000000e+02 -2.107339377233036493e-01
3.810000000000000000e+02 -2.109532377905503353e-01
3.800000000000000000e+02 -2.111730128196817602e-01
3.790000000000000000e+02 -2.113932347040094473e-01
3.780000000000000000e+02 -2.116139009384906122e-01
3.770000000000000000e+02 -2.118349941226331801e-01
3.760000000000000000e+02 -2.120565033329850635e-01
3.750000000000000000e+02 -2.122784078834167032e-01
3.740000000000000000e+02 -2.125006990252520100e-01
3.730000000000000000e+02 -2.127233611378143985e-01
3.720000000000000000e+02 -2.129463780707523402e-01
3.710000000000000000e+02 -2.131697242867755249e-01
3.700000000000000000e+02 -2.133933882643964386e-01
3.690000000000000000e+02 -2.136173562470650988e-01
3.680000000000000000e+02 -2.138416007967479660e-01
3.670000000000000000e+02 -2.140661144599792509e-01
3.660000000000000000e+02 -2.142908694168493000e-01
3.650000000000000000e+02 -2.145158508171140233e-01
3.640000000000000000e+02 -2.147410158385046064e-01
3.630000000000000000e+02 -2.149663676795221523e-01
3.620000000000000000e+02 -2.151918760909650452e-01
3.610000000000000000e+02 -2.154175125931877821e-01
3.600000000000000000e+02 -2.156432562615030746e-01
3.590000000000000000e+02 -2.158690862377461162e-01
3.580000000000000000e+02 -2.160949486246486750e-01
3.570000000000000000e+02 -2.163208529036911298e-01
3.560000000000000000e+02 -2.165467468295533549e-01
3.550000000000000000e+02 -2.167726313049988529e-01
3.540000000000000000e+02 -2.169984339444431531e-01
3.530000000000000000e+02 -2.172241508167384871e-01
3.520000000000000000e+02 -2.174497507338642999e-01
3.510000000000000000e+02 -2.176751949024546551e-01
3.500000000000000000e+02 -2.179004393880608625e-01
3.490000000000000000e+02 -2.181254658641260669e-01
3.480000000000000000e+02 -2.183502361636094624e-01
3.470000000000000000e+02 -2.185747125413379788e-01
3.460000000000000000e+02 -2.187988488121611619e-01
3.450000000000000000e+02 -2.190226128607784539e-01
3.440000000000000000e+02 -2.192459744878583749e-01
3.430000000000000000e+02 -2.194688682925975409e-01
3.420000000000000000e+02 -2.196912627138665197e-01
3.410000000000000000e+02 -2.199131303161772910e-01
3.400000000000000000e+02 -2.201344157285103353e-01
3.390000000000000000e+02 -2.203550540242941169e-01
3.380000000000000000e+02 -2.205750201748407913e-01
3.370000000000000000e+02 -2.207942750149922972e-01
3.360000000000000000e+02 -2.210127385321604965e-01
3.350000000000000000e+02 -2.212303824360271898e-01
3.340000000000000000e+02 -2.214471479372324136e-01
3.330000000000000000e+02 -2.216629846275695870e-01
3.320000000000000000e+02 -2.218778328077665729e-01
3.310000000000000000e+02 -2.220916435820747270e-01
3.300000000000000000e+02 -2.223043534166405377e-01
3.290000000000000000e+02 -2.225159067787372269e-01
3.280000000000000000e+02 -2.227262407796489208e-01
3.270000000000000000e+02 -2.229352935229943489e-01
3.260000000000000000e+02 -2.231430053594333218e-01
3.250000000000000000e+02 -2.233493215552589950e-01
3.240000000000000000e+02 -2.235541303953093306e-01
3.230000000000000000e+02 -2.237574338823569153e-01
3.220000000000000000e+02 -2.239591124966358593e-01
3.210000000000000000e+02 -2.241591105483484170e-01
3.200000000000000000e+02 -2.243573649961719263e-01
3.190000000000000000e+02 -2.245537907963111868e-01
3.180000000000000000e+02 -2.247483144719339965e-01
3.170000000000000000e+02 -2.249408642528167024e-01
3.160000000000000000e+02 -2.251313531029751069e-01
3.150000000000000000e+02 -2.253197113552928565e-01
3.140000000000000000e+02 -2.255058494220076315e-01
3.130000000000000000e+02 -2.256896918298687826e-01
3.120000000000000000e+02 -2.258711467219443048e-01
3.110000000000000000e+02 -2.260501285000569016e-01
3.100000000000000000e+02 -2.262265498511445982e-01
3.090000000000000000e+02 -2.264003319261377045e-01
3.080000000000000000e+02 -2.265713627062447832e-01
3.070000000000000000e+02 -2.267395644131744992e-01
3.060000000000000000e+02 -2.269048329277405518e-01
3.050000000000000000e+02 -2.270670793240628926e-01
3.040000000000000000e+02 -2.272261920102628674e-01
3.030000000000000000e+02 -2.273820902949491574e-01
3.020000000000000000e+02 -2.275346568087689147e-01
3.010000000000000000e+02 -2.276837899058875569e-01
3.000000000000000000e+02 -2.278293890715134828e-01
2.990000000000000000e+02 -2.279713440513499445e-01
2.980000000000000000e+02 -2.281095399562423631e-01
2.970000000000000000e+02 -2.282438726797418327e-01
2.960000000000000000e+02 -2.283742241181248855e-01
2.950000000000000000e+02 -2.285004919547606872e-01
2.940000000000000000e+02 -2.286225424569642284e-01
2.930000000000000000e+02 -2.287402495469360586e-01
2.920000000000000000e+02 -2.288535172139133100e-01
2.910000000000000000e+02 -2.289622112761522388e-01
2.900000000000000000e+02 -2.290662056118289436e-01
2.890000000000000000e+02 -2.291653759709839089e-01
2.880000000000000000e+02 -2.292595906871809364e-01
2.870000000000000000e+02 -2.293487216426470521e-01
2.860000000000000000e+02 -2.294326413637112483e-01
2.850000000000000000e+02 -2.295112015378398262e-01
2.840000000000000000e+02 -2.295842740364535950e-01
2.830000000000000000e+02 -2.296517239846354030e-01
2.820000000000000000e+02 -2.297134039928064586e-01
2.810000000000000000e+02 -2.297691725181889022e-01
2.800000000000000000e+02 -2.298188920712798677e-01
2.790000000000000000e+02 -2.298623993924175934e-01
2.780000000000000000e+02 -2.298995566004009561e-01
2.770000000000000000e+02 -2.299302133826057193e-01
2.760000000000000000e+02 -2.299542096908812616e-01
2.750000000000000000e+02 -2.299714012351916637e-01
2.740000000000000000e+02 -2.299816149113070307e-01
2.730000000000000000e+02 -2.299847021089661270e-01
2.720000000000000000e+02 -2.299804983220924970e-01
2.710000000000000000e+02 -2.299688369858088610e-01
2.700000000000000000e+02 -2.299495483561241338e-01
2.690000000000000000e+02 -2.299224830047683354e-01
2.680000000000000000e+02 -2.298874343151839084e-01
2.670000000000000000e+02 -2.298442564177121950e-01
2.660000000000000000e+02 -2.297927657356704234e-01
2.650000000000000000e+02 -2.297327801385020407e-01
2.640000000000000000e+02 -2.296641210228694552e-01
2.630000000000000000e+02 -2.295866223901279479e-01
2.620000000000000000e+02 -2.295000694180105438e-01
2.610000000000000000e+02 -2.294042901722894157e-01
2.600000000000000000e+02 -2.292991036463692955e-01
2.590000000000000000e+02 -2.291842877180396976e-01
2.580000000000000000e+02 -2.290596669264993446e-01
2.570000000000000000e+02 -2.289250542747495176e-01
2.560000000000000000e+02 -2.287802276783039712e-01
2.550000000000000000e+02 -2.286249938797987880e-01
2.540000000000000000e+02 -2.284591516600309458e-01
2.530000000000000000e+02 -2.282824841225992440e-01
2.520000000000000000e+02 -2.280947873275383231e-01
2.510000000000000000e+02 -2.278958460154888455e-01
2.500000000000000000e+02 -2.276854456304951146e-01
2.490000000000000000e+02 -2.274633674759717616e-01
2.480000000000000000e+02 -2.272293899727794442e-01
2.470000000000000000e+02 -2.269832913380085415e-01
2.460000000000000000e+02 -2.267248544367427288e-01
2.450000000000000000e+02 -2.264538259817698851e-01
2.440000000000000000e+02 -2.261699936937028310e-01
2.430000000000000000e+02 -2.258731243126176347e-01
2.420000000000000000e+02 -2.255629790325676121e-01
2.410000000000000000e+02 -2.252393183713033431e-01
2.400000000000000000e+02 -2.249019018002601789e-01
2.390000000000000000e+02 -2.245504892865610447e-01
2.380000000000000000e+02 -2.241848312523600228e-01
2.370000000000000000e+02 -2.238046797708679869e-01
2.360000000000000000e+02 -2.234097901855875701e-01
2.350000000000000000e+02 -2.229999028832338748e-01
2.340000000000000000e+02 -2.225747737157330597e-01
2.330000000000000000e+02 -2.221341328768505208e-01
2.320000000000000000e+02 -2.216777347284085431e-01
2.310000000000000000e+02 -2.212053095838447947e-01
2.300000000000000000e+02 -2.207166032915260090e-01
2.290000000000000000e+02 -2.202113430853842591e-01
2.280000000000000000e+02 -2.196892867396272875e-01
2.270000000000000000e+02 -2.191501468520935525e-01
2.260000000000000000e+02 -2.185936603643877096e-01
2.250000000000000000e+02 -2.180195664856857951e-01
2.240000000000000000e+02 -2.174275890595348815e-01
2.230000000000000000e+02 -2.168174629500684014e-01
2.220000000000000000e+02 -2.161889190740853839e-01
2.210000000000000000e+02 -2.155416871788304878e-01
2.200000000000000000e+02 -2.148755021963066336e-01
2.190000000000000000e+02 -2.141900835576018569e-01
2.180000000000000000e+02 -2.134851788082709756e-01
2.170000000000000000e+02 -2.127605097856500871e-01
2.160000000000000000e+02 -2.120158110046237443e-01
2.150000000000000000e+02 -2.112508244044481731e-01
2.140000000000000000e+02 -2.104652836540120975e-01
2.130000000000000000e+02 -2.096589259810621997e-01
2.120000000000000000e+02 -2.088314895478607380e-01
2.110000000000000000e+02 -2.079827348676240306e-01
2.100000000000000000e+02 -2.071123910925491141e-01
2.090000000000000000e+02 -2.062202274254434642e-01
2.080000000000000000e+02 -2.053059863283555053e-01
2.070000000000000000e+02 -2.043694346671104944e-01
2.060000000000000000e+02 -2.034103267574249863e-01
2.050000000000000000e+02 -2.024284536524089406e-01
2.040000000000000000e+02 -2.014235720094939563e-01
2.030000000000000000e+02 -2.003954715520984697e-01
2.020000000000000000e+02 -1.993439357824980107e-01
2.010000000000000000e+02 -1.982687706312707132e-01
2.000000000000000000e+02 -1.971697582763777268e-01
1.990000000000000000e+02 -1.960467385781048399e-01
1.980000000000000000e+02 -1.948994965318264772e-01
1.970000000000000000e+02 -1.937278927217330748e-01
1.960000000000000000e+02 -1.925317201914026610e-01
1.950000000000000000e+02 -1.913108744495808644e-01
1.940000000000000000e+02 -1.900651704859634417e-01
1.930000000000000000e+02 -1.887944863572770249e-01
1.920000000000000000e+02 -1.874986938745308584e-01
1.910000000000000000e+02 -1.861776796432839665e-01
1.900000000000000000e+02 -1.848313328867861038e-01
1.890000000000000000e+02 -1.834595778634456886e-01
1.880000000000000000e+02 -1.820623156873714676e-01
1.870000000000000000e+02 -1.806394787942302016e-01
1.860000000000000000e+02 -1.791910042240312251e-01
1.850000000000000000e+02 -1.777168493335955224e-01
1.840000000000000000e+02 -1.762169765886913153e-01
1.830000000000000000e+02 -1.746913553525165641e-01
1.820000000000000000e+02 -1.731399672145859103e-01
1.810000000000000000e+02 -1.715628356024477830e-01
1.800000000000000000e+02 -1.699599390988664749e-01
1.790000000000000000e+02 -1.683312975699141900e-01
1.780000000000000000e+02 -1.666769483820911835e-01
1.770000000000000000e+02 -1.649969313476415123e-01
1.760000000000000000e+02 -1.632912862398113174e-01
1.750000000000000000e+02 -1.615600635848245259e-01
1.740000000000000000e+02 -1.598033449232278691e-01
1.730000000000000000e+02 -1.580211863751689039e-01
1.720000000000000000e+02 -1.562136699792945616e-01
1.710000000000000000e+02 -1.543808684566053413e-01
1.700000000000000000e+02 -1.525228821162546433e-01
1.690000000000000000e+02 -1.506397913272476685e-01
1.680000000000000000e+02 -1.487316988161991316e-01
1.670000000000000000e+02 -1.467986985066319361e-01
1.660000000000000000e+02 -1.448408547472032071e-01
1.650000000000000000e+02 -1.428583153609169487e-01
1.640000000000000000e+02 -1.408511131876164779e-01
1.630000000000000000e+02 -1.388193566456204509e-01
1.620000000000000000e+02 -1.367631159028834531e-01
1.610000000000000000e+02 -1.346824587427668529e-01
1.600000000000000000e+02 -1.325774462939348641e-01
1.590000000000000000e+02 -1.304481187457825486e-01
1.580000000000000000e+02 -1.282945082194268671e-01
1.570000000000000000e+02 -1.261166295486021161e-01
1.560000000000000000e+02 -1.239144797487777838e-01
1.550000000000000000e+02 -1.216880127976389947e-01
1.540000000000000000e+02 -1.194372017806798747e-01
1.530000000000000000e+02 -1.171619526340940964e-01
1.520000000000000000e+02 -1.148621653520651986e-01
1.510000000000000000e+02 -1.125377025510145845e-01
1.500000000000000000e+02 -1.101883910761297658e-01
1.490000000000000000e+02 -1.078140142291948850e-01
1.480000000000000000e+02 -1.054143065915704169e-01
1.470000000000000000e+02 -1.029890008832699266e-01
1.460000000000000000e+02 -1.005377160975208101e-01
1.450000000000000000e+02 -9.806007794965275470e-02
1.440000000000000000e+02 -9.555561750177112013e-02
1.430000000000000000e+02 -9.302382344962259464e-02
1.420000000000000000e+02 -9.046412672123088639e-02
1.410000000000000000e+02 -8.787587584345413205e-02
1.400000000000000000e+02 -8.525835553513105847e-02
1.390000000000000000e+02 -8.261077498329923163e-02
1.380000000000000000e+02 -7.993225729661633527e-02
1.370000000000000000e+02 -7.722184401956966315e-02
1.360000000000000000e+02 -7.447847577375356354e-02
1.350000000000000000e+02 -7.170101814831660036e-02
1.340000000000000000e+02 -6.888822044257847388e-02
1.330000000000000000e+02 -6.603869810582486954e-02
1.320000000000000000e+02 -6.315100946490651013e-02
1.310000000000000000e+02 -6.022355992168880456e-02
1.300000000000000000e+02 -5.725462421685080516e-02
1.290000000000000000e+02 -5.424236605887131080e-02
1.280000000000000000e+02 -5.118479919301308079e-02
1.270000000000000000e+02 -4.807979190035767403e-02
1.260000000000000000e+02 -4.492507424188519477e-02
1.250000000000000000e+02 -4.171821956483885013e-02
1.240000000000000000e+02 -3.845661191373549170e-02
1.230000000000000000e+02 -3.513748973859380509e-02
1.220000000000000000e+02 -3.175792030966533008e-02
1.210000000000000000e+02 -2.831475801180412255e-02
1.200000000000000000e+02 -2.480470309317761926e-02
1.190000000000000000e+02 -2.122423792620521318e-02
1.180000000000000000e+02 -1.756966536245515784e-02
1.170000000000000000e+02 -1.383704185929826580e-02
1.160000000000000000e+02 -1.002224618327374542e-02
1.150000000000000000e+02 -6.120944037804432886e-03
1.140000000000000000e+02 -2.128548555509427592e-03
1.130000000000000000e+02 1.959739947000171262e-03
1.120000000000000000e+02 6.148946564035955714e-03
1.110000000000000000e+02 1.044434398951782361e-02
1.100000000000000000e+02 1.485145257665784757e-02
1.090000000000000000e+02 1.937600338723061144e-02
1.080000000000000000e+02 2.402403382269267113e-02
1.070000000000000000e+02 2.880178060484430563e-02
1.060000000000000000e+02 3.371577765567577989e-02
1.050000000000000000e+02 3.877280800775156910e-02
1.040000000000000000e+02 4.397992857920487997e-02
1.030000000000000000e+02 4.934448556090034743e-02
1.020000000000000000e+02 5.487409061274158006e-02
1.010000000000000000e+02 6.057669425338776947e-02
1.000000000000000000e+02 6.646054384114126468e-02
9.900000000000000000e+01 7.253421199735350655e-02
9.800000000000000000e+01 7.880665411706309909e-02
9.700000000000000000e+01 8.528719084396868544e-02
9.600000000000000000e+01 9.198555233468341807e-02
9.500000000000000000e+01 9.891193634082742769e-02
9.400000000000000000e+01 1.060770153685928474e-01
9.300000000000000000e+01 1.134920459450400043e-01
9.200000000000000000e+01 1.211688736364409102e-01
9.100000000000000000e+01 1.291200282017801182e-01
9.000000000000000000e+01 1.373588237773391008e-01
8.900000000000000000e+01 1.458994342433472813e-01
8.800000000000000000e+01 1.547570321031365159e-01
8.700000000000000000e+01 1.639478796511863179e-01
8.600000000000000000e+01 1.734895304009834160e-01
8.500000000000000000e+01 1.834009568276543101e-01
8.400000000000000000e+01 1.937028390883873963e-01
8.300000000000000000e+01 2.044176813301744888e-01
8.200000000000000000e+01 2.155702094455089202e-01
8.100000000000000000e+01 2.271876318710636111e-01
8.000000000000000000e+01 2.393000953763698979e-01
7.900000000000000000e+01 2.519410997265451035e-01
7.800000000000000000e+01 2.651481504729416017e-01
7.700000000000000000e+01 2.789634644868717039e-01
7.600000000000000000e+01 2.934349100295431945e-01
7.500000000000000000e+01 3.086171106684433840e-01
7.400000000000000000e+01 3.245730869916809702e-01
7.300000000000000000e+01 3.413761812556443953e-01
7.200000000000000000e+01 3.591128347588165015e-01
7.100000000000000000e+01 3.778862467954207105e-01
7.000000000000000000e+01 3.978216674200295566e-01
6.900000000000000000e+01 4.190735702532076834e-01
6.800000000000000000e+01 4.418361093703701559e-01
6.700000000000000000e+01 4.663574606905637188e-01
6.600000000000000000e+01 4.929582563773738935e-01
6.500000000000000000e+01 5.220491306619639005e-01
6.400000000000000000e+01 5.541239226155680875e-01
6.300000000000000000e+01 5.896554385819111621e-01
6.200000000000000000e+01 6.287518081167453587e-01
6.100000000000000000e+01 6.705621476790626367e-01
6.000000000000000000e+01 7.130490501205735132e-01
5.900000000000000000e+01 7.539276602297745322e-01
5.800000000000000000e+01 7.919964640413761359e-01
5.700000000000000000e+01 8.273063114146215202e-01
5.600000000000000000e+01 8.604787274814945652e-01
5.500000000000000000e+01 8.921979361531211516e-01
5.400000000000000000e+01 9.230408528944552549e-01
5.300000000000000000e+01 9.534610420065665615e-01
5.200000000000000000e+01 9.838126088350442888e-01
5.100000000000000000e+01 1.014377168159318110e+00
5.000000000000000000e+01 1.045385033476893044e+00
