4.000000000000000000e+02 7.677028509526758748e-01
3.990000000000000000e+02 7.672889962343982795e-01
3.980000000000000000e+02 7.668691223992025741e-01
3.970000000000000000e+02 7.664432060024870541e-01
3.960000000000000000e+02 7.660111495932417913e-01
3.950000000000000000e+02 7.655729074359314268e-01
3.940000000000000000e+02 7.651284066808952122e-01
3.930000000000000000e+02 7.646776015444187724e-01
3.920000000000000000e+02 7.642204312118506815e-01
3.910000000000000000e+02 7.637568284250746409e-01
3.900000000000000000e+02 7.632867405422893992e-01
3.890000000000000000e+02 7.628101133745202045e-01
3.880000000000000000e+02 7.623268865859367249e-01
3.870000000000000000e+02 7.618370134726734078e-01
3.860000000000000000e+02 7.613404385439831445e-01
3.850000000000000000e+02 7.608370978111569372e-01
3.840000000000000000e+02 7.603269693701197873e-01
3.830000000000000000e+02 7.598099835368404831e-01
3.820000000000000000e+02 7.592860978381895665e-01
3.810000000000000000e+02 7.587552792737635166e-01
3.800000000000000000e+02 7.582174773940597579e-01
3.790000000000000000e+02 7.576726571279354117e-01
3.780000000000000000e+02 7.571207644574534656e-01
3.770000000000000000e+02 7.565617803529220975e-01
3.760000000000000000e+02 7.559956597782682142e-01
3.750000000000000000e+02 7.554223717706064489e-01
3.740000000000000000e+02 7.548418951564922486e-01
3.730000000000000000e+02 7.542541778042060052e-01
3.720000000000000000e+02 7.536592209984488422e-01
3.710000000000000000e+02 7.530569934028141788e-01
3.700000000000000000e+02 7.524474808326110375e-01
3.690000000000000000e+02 7.518306566673287339e-01
3.680000000000000000e+02 7.512065205532569845e-01
3.670000000000000000e+02 7.505750393235949280e-01
3.660000000000000000e+02 7.499362269261463654e-01
3.650000000000000000e+02 7.492900743974655331e-01
3.640000000000000000e+02 7.486365683522901993e-01
3.630000000000000000e+02 7.479757426655614383e-01
3.620000000000000000e+02 7.473075788190034485e-01
3.610000000000000000e+02 7.466320824444514503e-01
3.600000000000000000e+02 7.459492955859801100e-01
3.590000000000000000e+02 7.452591810635047498e-01
3.580000000000000000e+02 7.445618272447721564e-01
3.570000000000000000e+02 7.438572164082583038e-01
3.560000000000000000e+02 7.431454047044454558e-01
3.550000000000000000e+02 7.424264040212363858e-01
3.540000000000000000e+02 7.417002740199583055e-01
3.530000000000000000e+02 7.409670416353426603e-01
3.520000000000000000e+02 7.402267676317616507e-01
3.510000000000000000e+02 7.394794991450337474e-01
3.500000000000000000e+02 7.387252965597363996e-01
3.490000000000000000e+02 7.379642140685559459e-01
3.480000000000000000e+02 7.371963449981910887e-01
3.470000000000000000e+02 7.364217275478518454e-01
3.460000000000000000e+02 7.356404647021075327e-01
3.450000000000000000e+02 7.348526326619695404e-01
3.440000000000000000e+02 7.340583280767987162e-01
3.430000000000000000e+02 7.332576376547623731e-01
3.420000000000000000e+02 7.324506646264974385e-01
3.410000000000000000e+02 7.316375193189381676e-01
3.400000000000000000e+02 7.308183130708073572e-01
3.390000000000000000e+02 7.299931572655534717e-01
3.380000000000000000e+02 7.291621874734174336e-01
3.370000000000000000e+02 7.283255234850621873e-01
3.360000000000000000e+02 7.274833035039904860e-01
3.350000000000000000e+02 7.266356809982533749e-01
3.340000000000000000e+02 7.257827919485247969e-01
3.330000000000000000e+02 7.249247947816301885e-01
3.320000000000000000e+02 7.240618438751100783e-01
3.310000000000000000e+02 7.231941283271061671e-01
3.300000000000000000e+02 7.223218196589574758e-01
3.290000000000000000e+02 7.214450514118987412e-01
3.280000000000000000e+02 7.205640644702173692e-01
3.270000000000000000e+02 7.196790326092582513e-01
3.260000000000000000e+02 7.187901557062630342e-01
3.250000000000000000e+02 7.178976373216225948e-01
3.240000000000000000e+02 7.170016863493913206e-01
3.230000000000000000e+02 7.161025425139651013e-01
3.220000000000000000e+02 7.152003991395460281e-01
3.210000000000000000e+02 7.142955172168474753e-01
3.200000000000000000e+02 7.133881195735921610e-01
3.190000000000000000e+02 7.124784485301205450e-01
3.180000000000000000e+02 7.115667610860642034e-01
3.170000000000000000e+02 7.106533121749324389e-01
3.160000000000000000e+02 7.097383628639422071e-01
3.150000000000000000e+02 7.088221808466222962e-01
3.140000000000000000e+02 7.079050354008014079e-01
3.130000000000000000e+02 7.069872234976484204e-01
3.120000000000000000e+02 7.060690218446018518e-01
3.110000000000000000e+02 7.051507239347605260e-01
3.100000000000000000e+02 7.042326247995307487e-01
3.090000000000000000e+02 7.033150348235254201e-01
3.080000000000000000e+02 7.023982411805170800e-01
3.070000000000000000e+02 7.014825787840722748e-01
3.060000000000000000e+02 7.005683606729651292e-01
3.050000000000000000e+02 6.996559077687133366e-01
3.040000000000000000e+02 6.987455607727742768e-01
3.030000000000000000e+02 6.978376295615484892e-01
3.020000000000000000e+02 6.969324660763778212e-01
3.010000000000000000e+02 6.960304085674619001e-01
3.000000000000000000e+02 6.951318107933992518e-01
2.990000000000000000e+02 6.942370179510056749e-01
2.980000000000000000e+02 6.933463888852876567e-01
2.970000000000000000e+02 6.924602571773333937e-01
2.960000000000000000e+02 6.915790135911694669e-01
2.950000000000000000e+02 6.907030177038584462e-01
2.940000000000000000e+02 6.898326063000683739e-01
2.930000000000000000e+02 6.889681813795174303e-01
2.920000000000000000e+02 6.881101153398794246e-01
2.910000000000000000e+02 6.872587617958879624e-01
2.900000000000000000e+02 6.864145218673687321e-01
2.890000000000000000e+02 6.855777679299013272e-01
2.880000000000000000e+02 6.847488751811671159e-01
2.870000000000000000e+02 6.839282331836833428e-01
2.860000000000000000e+02 6.831162164335135012e-01
2.850000000000000000e+02 6.823132410095965605e-01
2.840000000000000000e+02 6.815196733608472890e-01
2.830000000000000000e+02 6.807358846738708058e-01
2.820000000000000000e+02 6.799623074811202983e-01
2.810000000000000000e+02 6.791992928674627228e-01
2.800000000000000000e+02 6.784472614094235743e-01
2.790000000000000000e+02 6.777065975046356883e-01
2.780000000000000000e+02 6.769776852033634329e-01
2.770000000000000000e+02 6.762609274920701186e-01
2.760000000000000000e+02 6.755567132331170566e-01
2.750000000000000000e+02 6.748654361432639970e-01
2.740000000000000000e+02 6.741874916762162773e-01
2.730000000000000000e+02 6.735232713751773126e-01
2.720000000000000000e+02 6.728731672440084743e-01
2.710000000000000000e+02 6.722375876680884987e-01
2.700000000000000000e+02 6.716168877387472813e-01
2.690000000000000000e+02 6.710115018028391942e-01
2.680000000000000000e+02 6.704218091970183258e-01
2.670000000000000000e+02 6.698481828003022276e-01
2.660000000000000000e+02 6.692910416339380442e-01
2.650000000000000000e+02 6.687507678009715351e-01
2.640000000000000000e+02 6.682277558624634128e-01
2.630000000000000000e+02 6.677223960900294797e-01
2.620000000000000000e+02 6.672350820143582162e-01
2.610000000000000000e+02 6.667662149852445763e-01
2.600000000000000000e+02 6.663161722506611984e-01
2.590000000000000000e+02 6.658853666499996438e-01
2.580000000000000000e+02 6.654741880281997979e-01
2.570000000000000000e+02 6.650830285239355266e-01
2.560000000000000000e+02 6.647122868575653376e-01
2.550000000000000000e+02 6.643623681035759621e-01
2.540000000000000000e+02 6.640336770283667978e-01
2.530000000000000000e+02 6.637266109633773725e-01
2.520000000000000000e+02 6.634415838125766740e-01
2.510000000000000000e+02 6.631790193319755389e-01
2.500000000000000000e+02 6.629392938356010179e-01
2.490000000000000000e+02 6.627228495293681076e-01
2.480000000000000000e+02 6.625301121790670988e-01
2.470000000000000000e+02 6.623615066660807349e-01
2.460000000000000000e+02 6.622174673051014482e-01
2.450000000000000000e+02 6.620984322700452784e-01
2.440000000000000000e+02 6.620048294049203363e-01
2.430000000000000000e+02 6.619371469220932669e-01
2.420000000000000000e+02 6.618957902108228986e-01
2.410000000000000000e+02 6.618812876258857170e-01
2.400000000000000000e+02 6.618940701072628663e-01
2.390000000000000000e+02 6.619346348862322760e-01
2.380000000000000000e+02 6.620034838975983327e-01
2.370000000000000000e+02 6.621011198366012485e-01
2.360000000000000000e+02 6.622280516258838290e-01
2.350000000000000000e+02 6.623848053239649314e-01
2.340000000000000000e+02 6.625719192404408986e-01
2.330000000000000000e+02 6.627899523195751597e-01
2.320000000000000000e+02 6.630394645742530013e-01
2.310000000000000000e+02 6.633210284885427965e-01
2.300000000000000000e+02 6.636352277151184031e-01
2.290000000000000000e+02 6.639826773900584511e-01
2.280000000000000000e+02 6.643639902991301804e-01
2.270000000000000000e+02 6.647797964455056663e-01
2.260000000000000000e+02 6.652307422980811014e-01
2.250000000000000000e+02 6.657174904072999944e-01
2.240000000000000000e+02 6.662407143007395005e-01
2.230000000000000000e+02 6.668010947107159136e-01
2.220000000000000000e+02 6.673993391181693990e-01
2.210000000000000000e+02 6.680361803021918066e-01
2.200000000000000000e+02 6.687122918615504563e-01
2.190000000000000000e+02 6.694284582538015949e-01
2.180000000000000000e+02 6.701854119565145984e-01
2.170000000000000000e+02 6.709839085231193989e-01
2.160000000000000000e+02 6.718247324250254948e-01
2.150000000000000000e+02 6.727086022703054891e-01
2.140000000000000000e+02 6.736363329113116416e-01
2.130000000000000000e+02 6.746086965156291582e-01
2.120000000000000000e+02 6.756264364191091332e-01
2.110000000000000000e+02 6.766903345045005569e-01
2.100000000000000000e+02 6.778011583334272450e-01
2.090000000000000000e+02 6.789596067329769502e-01
2.080000000000000000e+02 6.801664547709413977e-01
2.070000000000000000e+02 6.814224127769656914e-01
2.060000000000000000e+02 6.827280986680117625e-01
2.050000000000000000e+02 6.840842189566117559e-01
2.040000000000000000e+02 6.854913646585583109e-01
2.030000000000000000e+02 6.869501009908587363e-01
2.020000000000000000e+02 6.884609511404817805e-01
2.010000000000000000e+02 6.900243526740924560e-01
2.000000000000000000e+02 6.916407114528791977e-01
1.990000000000000000e+02 6.933103316680341299e-01
1.980000000000000000e+02 6.950334680386445196e-01
1.970000000000000000e+02 6.968102415163212049e-01
1.960000000000000000e+02 6.986407054512854264e-01
1.950000000000000000e+02 7.005247743370449642e-01
1.940000000000000000e+02 7.024622753953450038e-01
1.930000000000000000e+02 7.044528820007943670e-01
1.920000000000000000e+02 7.064961382969452419e-01
1.910000000000000000e+02 7.085914341154393448e-01
1.900000000000000000e+02 7.107379857196395312e-01
1.890000000000000000e+02 7.129348855000990914e-01
1.880000000000000000e+02 7.151810151466405641e-01
1.870000000000000000e+02 7.174750359556026913e-01
1.860000000000000000e+02 7.198154780906262928e-01
1.850000000000000000e+02 7.222006213615691506e-01
1.840000000000000000e+02 7.246285688079067144e-01
1.830000000000000000e+02 7.270971602211360185e-01
1.820000000000000000e+02 7.296040711819847813e-01
1.810000000000000000e+02 7.321467084035270245e-01
1.800000000000000000e+02 7.347222760221544524e-01
1.790000000000000000e+02 7.373277292352815593e-01
1.780000000000000000e+02 7.399598283078512306e-01
1.770000000000000000e+02 7.426150605774226587e-01
1.760000000000000000e+02 7.452897224915484564e-01
1.750000000000000000e+02 7.479798837457830585e-01
1.740000000000000000e+02 7.506814062468085691e-01
1.730000000000000000e+02 7.533899410180113776e-01
1.720000000000000000e+02 7.561009492465015080e-01
1.710000000000000000e+02 7.588096942489581664e-01
1.700000000000000000e+02 7.615112951504344752e-01
1.690000000000000000e+02 7.642006660876230484e-01
1.680000000000000000e+02 7.668726096626662381e-01
1.670000000000000000e+02 7.695217706443803207e-01
1.660000000000000000e+02 7.721426887998492639e-01
1.650000000000000000e+02 7.747297675171000986e-01
1.640000000000000000e+02 7.772773402451004232e-01
1.630000000000000000e+02 7.797796440299973320e-01
1.620000000000000000e+02 7.822308545915057643e-01
1.610000000000000000e+02 7.846250705035374695e-01
1.600000000000000000e+02 7.869563827219537844e-01
1.590000000000000000e+02 7.892187518964801640e-01
1.580000000000000000e+02 7.914062267570572962e-01
1.570000000000000000e+02 7.935127088088871350e-01
1.560000000000000000e+02 7.955321845321572383e-01
1.550000000000000000e+02 7.974585508198919204e-01
1.540000000000000000e+02 7.992857167265124962e-01
1.530000000000000000e+02 8.010075635609884559e-01
1.520000000000000000e+02 8.026179691862846965e-01
1.510000000000000000e+02 8.041107844277582961e-01
1.500000000000000000e+02 8.054798575466927124e-01
1.490000000000000000e+02 8.067189732795378987e-01
1.480000000000000000e+02 8.078219221444213893e-01
1.470000000000000000e+02 8.087824663043108320e-01
1.460000000000000000e+02 8.095943274378701870e-01
1.450000000000000000e+02 8.102511846487825409e-01
1.440000000000000000e+02 8.107467099138812028e-01
1.430000000000000000e+02 8.110745140099496764e-01
1.420000000000000000e+02 8.112281773387918227e-01
1.410000000000000000e+02 8.112013099434507435e-01
1.400000000000000000e+02 8.109874759796285026e-01
1.390000000000000000e+02 8.105802650173301593e-01
1.380000000000000000e+02 8.099733330245300067e-01
1.370000000000000000e+02 8.091603997380816260e-01
1.360000000000000000e+02 8.081353206818749912e-01
1.350000000000000000e+02 8.068921330703575645e-01
1.340000000000000000e+02 8.054251358472812594e-01
1.330000000000000000e+02 8.037289626338385284e-01
1.320000000000000000e+02 8.017986897765305709e-01
1.310000000000000000e+02 7.996299398340550590e-01
1.300000000000000000e+02 7.972190257045030926e-01
1.290000000000000000e+02 7.945630992656652625e-01
1.280000000000000000e+02 7.916602930598996002e-01
1.270000000000000000e+02 7.885099258325122262e-01
1.260000000000000000e+02 7.851126693009421453e-01
1.250000000000000000e+02 7.814707426120276468e-01
1.240000000000000000e+02 7.775880965304614589e-01
1.230000000000000000e+02 7.734705841882123512e-01
1.220000000000000000e+02 7.691261404975974214e-01
1.210000000000000000e+02 7.645648515340502938e-01
1.200000000000000000e+02 7.597990471463124118e-01
1.190000000000000000e+02 7.548433132170124793e-01
1.180000000000000000e+02 7.497144266963300385e-01
1.170000000000000000e+02 7.444311552531114318e-01
1.160000000000000000e+02 7.390140684192493259e-01
1.150000000000000000e+02 7.334851742832043664e-01
1.140000000000000000e+02 7.278675196257518021e-01
1.130000000000000000e+02 7.221846359852326369e-01
1.120000000000000000e+02 7.164600748575378208e-01
1.110000000000000000e+02 7.107167487769804337e-01
1.100000000000000000e+02 7.049763896434387833e-01
1.090000000000000000e+02 6.992589564181470596e-01
1.080000000000000000e+02 6.935821349276921621e-01
1.070000000000000000e+02 6.879608808412337462e-01
1.060000000000000000e+02 6.824070719897408210e-01
1.050000000000000000e+02 6.769292802522628438e-01
1.040000000000000000e+02 6.715326348180071792e-01
1.030000000000000000e+02 6.662188238477697588e-01
1.020000000000000000e+02 6.609862355752704755e-01
1.010000000000000000e+02 6.558301616261793532e-01
1.000000000000000000e+02 6.507431485598477172e-01
9.900000000000000000e+01 6.457155101180322987e-01
9.800000000000000000e+01 6.407358780793729336e-01
9.700000000000000000e+01 6.357918492814100819e-01
9.600000000000000000e+01 6.308708255901772644e-01
9.500000000000000000e+01 6.259608848547192350e-01
9.400000000000000000e+01 6.210517771745317495e-01
9.300000000000000000e+01 6.161360242051732161e-01
9.200000000000000000e+01 6.112101409383585704e-01
9.100000000000000000e+01 6.062758780899712985e-01
9.000000000000000000e+01 6.013414712994149536e-01
8.900000000000000000e+01 5.964226973953427047e-01
8.800000000000000000e+01 5.915435893478878659e-01
8.700000000000000000e+01 5.867364852005675369e-01
8.600000000000000000e+01 5.820411214767325925e-01
8.500000000000000000e+01 5.775025365930014365e-01
8.400000000000000000e+01 5.731679040380213142e-01
8.300000000000000000e+01 5.690824263897987789e-01
8.200000000000000000e+01 5.652851268162120135e-01
8.100000000000000000e+01 5.618050371687154376e-01
8.000000000000000000e+01 5.586585597406195092e-01
7.900000000000000000e+01 5.558479298817640135e-01
7.800000000000000000e+01 5.533609285555216584e-01
7.700000000000000000e+01 5.511710827780789135e-01
7.600000000000000000e+01 5.492378533804679330e-01
7.500000000000000000e+01 5.475064592459889523e-01
7.400000000000000000e+01 5.459063571507433155e-01
7.300000000000000000e+01 5.443483339425078116e-01
7.200000000000000000e+01 5.427190131199894907e-01
7.100000000000000000e+01 5.408721897688923974e-01
7.000000000000000000e+01 5.386153610963700933e-01
6.900000000000000000e+01 5.356896704638949291e-01
6.800000000000000000e+01 5.317419590805169127e-01
6.700000000000000000e+01 5.262883939544589218e-01
6.600000000000000000e+01 5.186728801407808342e-01
6.500000000000000000e+01 5.080238304641446767e-01
6.400000000000000000e+01 4.932318278652229604e-01
6.300000000000000000e+01 4.731879571500698378e-01
6.200000000000000000e+01 4.485841521522668796e-01
6.100000000000000000e+01 4.261593605111830829e-01
6.000000000000000000e+01 4.145176582926674014e-01
5.900000000000000000e+01 4.144934395214811551e-01
5.800000000000000000e+01 4.231681771577856521e-01
5.700000000000000000e+01 4.380838196638660031e-01
5.600000000000000000e+01 4.577058359972513424e-01
5.500000000000000000e+01 4.811485172525963860e-01
5.400000000000000000e+01 5.079422110406817126e-01
5.300000000000000000e+01 5.378892604495413288e-01
5.200000000000000000e+01 5.709763865050416776e-01
5.100000000000000000e+01 6.073134273559454011e-01
5.000000000000000000e+01 6.470746182558971826e-01
