4.000000000000000000e+02 7.677028509526758748e-01
3.990000000000000000e+02 7.672889962343980574e-01
3.980000000000000000e+02 7.668691223992024630e-01
3.970000000000000000e+02 7.664432060024868321e-01
3.960000000000000000e+02 7.660111495932415693e-01
3.950000000000000000e+02 7.655729074359312047e-01
3.940000000000000000e+02 7.651284066808955453e-01
3.930000000000000000e+02 7.646776015444189945e-01
3.920000000000000000e+02 7.642204312118507925e-01
3.910000000000000000e+02 7.637568284250743078e-01
3.900000000000000000e+02 7.632867405422900653e-01
3.890000000000000000e+02 7.628101133745202045e-01
3.880000000000000000e+02 7.623268865859367249e-01
3.870000000000000000e+02 7.618370134726737408e-01
3.860000000000000000e+02 7.613404385439831445e-01
3.850000000000000000e+02 7.608370978111567151e-01
3.840000000000000000e+02 7.603269693701197873e-01
3.830000000000000000e+02 7.598099835368409272e-01
3.820000000000000000e+02 7.592860978381897885e-01
3.810000000000000000e+02 7.587552792737636276e-01
3.800000000000000000e+02 7.582174773940595358e-01
3.790000000000000000e+02 7.576726571279356337e-01
3.780000000000000000e+02 7.571207644574534656e-01
3.770000000000000000e+02 7.565617803529220975e-01
3.760000000000000000e+02 7.559956597782683252e-01
3.750000000000000000e+02 7.554223717706063379e-01
3.740000000000000000e+02 7.548418951564922486e-01
3.730000000000000000e+02 7.542541778042060052e-01
3.720000000000000000e+02 7.536592209984487312e-01
3.710000000000000000e+02 7.530569934028146228e-01
3.700000000000000000e+02 7.524474808326108155e-01
3.690000000000000000e+02 7.518306566673291780e-01
3.680000000000000000e+02 7.512065205532566514e-01
3.670000000000000000e+02 7.505750393235944840e-01
3.660000000000000000e+02 7.499362269261459213e-01
3.650000000000000000e+02 7.492900743974654221e-01
3.640000000000000000e+02 7.486365683522904213e-01
3.630000000000000000e+02 7.479757426655611052e-01
3.620000000000000000e+02 7.473075788190034485e-01
3.610000000000000000e+02 7.466320824444517834e-01
3.600000000000000000e+02 7.459492955859801100e-01
3.590000000000000000e+02 7.452591810635049718e-01
3.580000000000000000e+02 7.445618272447721564e-01
3.570000000000000000e+02 7.438572164082583038e-01
3.560000000000000000e+02 7.431454047044451228e-01
3.550000000000000000e+02 7.424264040212366078e-01
3.540000000000000000e+02 7.417002740199581945e-01
3.530000000000000000e+02 7.409670416353421052e-01
3.520000000000000000e+02 7.402267676317618728e-01
3.510000000000000000e+02 7.394794991450334143e-01
3.500000000000000000e+02 7.387252965597361776e-01
3.490000000000000000e+02 7.379642140685558349e-01
3.480000000000000000e+02 7.371963449981908667e-01
3.470000000000000000e+02 7.364217275478517344e-01
3.460000000000000000e+02 7.356404647021076437e-01
3.450000000000000000e+02 7.348526326619694293e-01
3.440000000000000000e+02 7.340583280767987162e-01
3.430000000000000000e+02 7.332576376547625951e-01
3.420000000000000000e+02 7.324506646264979937e-01
3.410000000000000000e+02 7.316375193189379456e-01
3.400000000000000000e+02 7.308183130708075792e-01
3.390000000000000000e+02 7.299931572655532497e-01
3.380000000000000000e+02 7.291621874734178776e-01
3.370000000000000000e+02 7.283255234850619653e-01
3.360000000000000000e+02 7.274833035039903750e-01
3.350000000000000000e+02 7.266356809982529308e-01
3.340000000000000000e+02 7.257827919485244639e-01
3.330000000000000000e+02 7.249247947816302995e-01
3.320000000000000000e+02 7.240618438751098562e-01
3.310000000000000000e+02 7.231941283271060561e-01
3.300000000000000000e+02 7.223218196589574758e-01
3.290000000000000000e+02 7.214450514118985192e-01
3.280000000000000000e+02 7.205640644702168141e-01
3.270000000000000000e+02 7.196790326092578072e-01
3.260000000000000000e+02 7.187901557062632563e-01
3.250000000000000000e+02 7.178976373216225948e-01
3.240000000000000000e+02 7.170016863493909876e-01
3.230000000000000000e+02 7.161025425139648792e-01
3.220000000000000000e+02 7.152003991395460281e-01
3.210000000000000000e+02 7.142955172168475864e-01
3.200000000000000000e+02 7.133881195735923830e-01
3.190000000000000000e+02 7.124784485301204340e-01
3.180000000000000000e+02 7.115667610860639813e-01
3.170000000000000000e+02 7.106533121749319948e-01
3.160000000000000000e+02 7.097383628639418740e-01
3.150000000000000000e+02 7.088221808466221852e-01
3.140000000000000000e+02 7.079050354008017409e-01
3.130000000000000000e+02 7.069872234976488645e-01
3.120000000000000000e+02 7.060690218446020738e-01
3.110000000000000000e+02 7.051507239347604150e-01
3.100000000000000000e+02 7.042326247995306376e-01
3.090000000000000000e+02 7.033150348235256422e-01
3.080000000000000000e+02 7.023982411805169690e-01
3.070000000000000000e+02 7.014825787840722748e-01
3.060000000000000000e+02 7.005683606729650181e-01
3.050000000000000000e+02 6.996559077687131145e-01
3.040000000000000000e+02 6.987455607727741658e-01
3.030000000000000000e+02 6.978376295615484892e-01
3.020000000000000000e+02 6.969324660763780432e-01
3.010000000000000000e+02 6.960304085674620111e-01
3.000000000000000000e+02 6.951318107933992518e-01
2.990000000000000000e+02 6.942370179510061190e-01
2.980000000000000000e+02 6.933463888852876567e-01
2.970000000000000000e+02 6.924602571773337267e-01
2.960000000000000000e+02 6.915790135911692449e-01
2.950000000000000000e+02 6.907030177038587793e-01
2.940000000000000000e+02 6.898326063000682629e-01
2.930000000000000000e+02 6.889681813795172083e-01
2.920000000000000000e+02 6.881101153398798687e-01
2.910000000000000000e+02 6.872587617958882955e-01
2.900000000000000000e+02 6.864145218673683990e-01
2.890000000000000000e+02 6.855777679299008831e-01
2.880000000000000000e+02 6.847488751811674490e-01
2.870000000000000000e+02 6.839282331836832318e-01
2.860000000000000000e+02 6.831162164335137232e-01
2.850000000000000000e+02 6.823132410095965605e-01
2.840000000000000000e+02 6.815196733608470669e-01
2.830000000000000000e+02 6.807358846738704727e-01
2.820000000000000000e+02 6.799623074811199652e-01
2.810000000000000000e+02 6.791992928674630559e-01
2.800000000000000000e+02 6.784472614094236853e-01
2.790000000000000000e+02 6.777065975046352442e-01
2.780000000000000000e+02 6.769776852033630998e-01
2.770000000000000000e+02 6.762609274920696745e-01
2.760000000000000000e+02 6.755567132331167235e-01
2.750000000000000000e+02 6.748654361432642190e-01
2.740000000000000000e+02 6.741874916762166103e-01
2.730000000000000000e+02 6.735232713751773126e-01
2.720000000000000000e+02 6.728731672440084743e-01
2.710000000000000000e+02 6.722375876680886098e-01
2.700000000000000000e+02 6.716168877387473923e-01
2.690000000000000000e+02 6.710115018028389722e-01
2.680000000000000000e+02 6.704218091970182147e-01
2.670000000000000000e+02 6.698481828003020055e-01
2.660000000000000000e+02 6.692910416339380442e-01
2.650000000000000000e+02 6.687507678009716461e-01
2.640000000000000000e+02 6.682277558624633018e-01
2.630000000000000000e+02 6.677223960900295907e-01
2.620000000000000000e+02 6.672350820143582162e-01
2.610000000000000000e+02 6.667662149852443543e-01
2.600000000000000000e+02 6.663161722506614204e-01
2.590000000000000000e+02 6.658853666499994217e-01
2.580000000000000000e+02 6.654741880282000199e-01
2.570000000000000000e+02 6.650830285239358597e-01
2.560000000000000000e+02 6.647122868575654486e-01
2.550000000000000000e+02 6.643623681035760731e-01
2.540000000000000000e+02 6.640336770283667978e-01
2.530000000000000000e+02 6.637266109633774835e-01
2.520000000000000000e+02 6.634415838125762299e-01
2.510000000000000000e+02 6.631790193319755389e-01
2.500000000000000000e+02 6.629392938356007958e-01
2.490000000000000000e+02 6.627228495293681076e-01
2.480000000000000000e+02 6.625301121790667658e-01
2.470000000000000000e+02 6.623615066660806239e-01
2.460000000000000000e+02 6.622174673051018923e-01
2.450000000000000000e+02 6.620984322700455005e-01
2.440000000000000000e+02 6.620048294049201143e-01
2.430000000000000000e+02 6.619371469220934889e-01
2.420000000000000000e+02 6.618957902108225655e-01
2.410000000000000000e+02 6.618812876258853839e-01
2.400000000000000000e+02 6.618940701072627553e-01
2.390000000000000000e+02 6.619346348862322760e-01
2.380000000000000000e+02 6.620034838975987768e-01
2.370000000000000000e+02 6.621011198366014705e-01
2.360000000000000000e+02 6.622280516258839400e-01
2.350000000000000000e+02 6.623848053239650424e-01
2.340000000000000000e+02 6.625719192404408986e-01
2.330000000000000000e+02 6.627899523195751597e-01
2.320000000000000000e+02 6.630394645742532234e-01
2.310000000000000000e+02 6.633210284885429076e-01
2.300000000000000000e+02 6.636352277151180701e-01
2.290000000000000000e+02 6.639826773900580070e-01
2.280000000000000000e+02 6.643639902991300694e-01
2.270000000000000000e+02 6.647797964455061104e-01
2.260000000000000000e+02 6.652307422980814344e-01
2.250000000000000000e+02 6.657174904072999944e-01
2.240000000000000000e+02 6.662407143007392785e-01
2.230000000000000000e+02 6.668010947107156916e-01
2.220000000000000000e+02 6.673993391181689550e-01
2.210000000000000000e+02 6.680361803021915845e-01
2.200000000000000000e+02 6.687122918615501233e-01
2.190000000000000000e+02 6.694284582538014838e-01
2.180000000000000000e+02 6.701854119565149315e-01
2.170000000000000000e+02 6.709839085231196210e-01
2.160000000000000000e+02 6.718247324250260499e-01
2.150000000000000000e+02 6.727086022703052670e-01
2.140000000000000000e+02 6.736363329113113085e-01
2.130000000000000000e+02 6.746086965156293802e-01
2.120000000000000000e+02 6.756264364191091332e-01
2.110000000000000000e+02 6.766903345045005569e-01
2.100000000000000000e+02 6.778011583334272450e-01
2.090000000000000000e+02 6.789596067329765061e-01
2.080000000000000000e+02 6.801664547709416198e-01
2.070000000000000000e+02 6.814224127769658024e-01
2.060000000000000000e+02 6.827280986680120956e-01
2.050000000000000000e+02 6.840842189566117559e-01
2.040000000000000000e+02 6.854913646585579778e-01
2.030000000000000000e+02 6.869501009908587363e-01
2.020000000000000000e+02 6.884609511404816695e-01
2.010000000000000000e+02 6.900243526740927891e-01
2.000000000000000000e+02 6.916407114528791977e-01
1.990000000000000000e+02 6.933103316680343520e-01
1.980000000000000000e+02 6.950334680386446307e-01
1.970000000000000000e+02 6.968102415163212049e-01
1.960000000000000000e+02 6.986407054512856485e-01
1.950000000000000000e+02 7.005247743370446312e-01
1.940000000000000000e+02 7.024622753953445597e-01
1.930000000000000000e+02 7.044528820007943670e-01
1.920000000000000000e+02 7.064961382969454640e-01
1.910000000000000000e+02 7.085914341154390117e-01
1.900000000000000000e+02 7.107379857196396422e-01
1.890000000000000000e+02 7.129348855000992025e-01
1.880000000000000000e+02 7.151810151466403420e-01
1.870000000000000000e+02 7.174750359556022472e-01
1.860000000000000000e+02 7.198154780906259598e-01
1.850000000000000000e+02 7.222006213615689285e-01
1.840000000000000000e+02 7.246285688079067144e-01
1.830000000000000000e+02 7.270971602211356855e-01
1.820000000000000000e+02 7.296040711819851143e-01
1.810000000000000000e+02 7.321467084035274686e-01
1.800000000000000000e+02 7.347222760221546745e-01
1.790000000000000000e+02 7.373277292352822254e-01
1.780000000000000000e+02 7.399598283078510086e-01
1.770000000000000000e+02 7.426150605774226587e-01
1.760000000000000000e+02 7.452897224915487895e-01
1.750000000000000000e+02 7.479798837457835026e-01
1.740000000000000000e+02 7.506814062468085691e-01
1.730000000000000000e+02 7.533899410180115996e-01
1.720000000000000000e+02 7.561009492465011750e-01
1.710000000000000000e+02 7.588096942489579444e-01
1.700000000000000000e+02 7.615112951504346972e-01
1.690000000000000000e+02 7.642006660876230484e-01
1.680000000000000000e+02 7.668726096626657940e-01
1.670000000000000000e+02 7.695217706443800987e-01
1.660000000000000000e+02 7.721426887998497079e-01
1.650000000000000000e+02 7.747297675170996545e-01
1.640000000000000000e+02 7.772773402450997571e-01
1.630000000000000000e+02 7.797796440299968879e-01
1.620000000000000000e+02 7.822308545915055422e-01
1.610000000000000000e+02 7.846250705035373585e-01
1.600000000000000000e+02 7.869563827219541174e-01
1.590000000000000000e+02 7.892187518964796089e-01
1.580000000000000000e+02 7.914062267570576292e-01
1.570000000000000000e+02 7.935127088088871350e-01
1.560000000000000000e+02 7.955321845321570162e-01
1.550000000000000000e+02 7.974585508198918093e-01
1.540000000000000000e+02 7.992857167265128293e-01
1.530000000000000000e+02 8.010075635609884559e-01
1.520000000000000000e+02 8.026179691862851406e-01
1.510000000000000000e+02 8.041107844277580741e-01
1.500000000000000000e+02 8.054798575466926014e-01
1.490000000000000000e+02 8.067189732795373436e-01
1.480000000000000000e+02 8.078219221444215004e-01
1.470000000000000000e+02 8.087824663043111650e-01
1.460000000000000000e+02 8.095943274378697430e-01
1.450000000000000000e+02 8.102511846487825409e-01
1.440000000000000000e+02 8.107467099138812028e-01
1.430000000000000000e+02 8.110745140099501205e-01
1.420000000000000000e+02 8.112281773387913786e-01
1.410000000000000000e+02 8.112013099434511876e-01
1.400000000000000000e+02 8.109874759796286137e-01
1.390000000000000000e+02 8.105802650173300483e-01
1.380000000000000000e+02 8.099733330245300067e-01
1.370000000000000000e+02 8.091603997380812929e-01
1.360000000000000000e+02 8.081353206818751023e-01
1.350000000000000000e+02 8.068921330703577866e-01
1.340000000000000000e+02 8.054251358472818145e-01
1.330000000000000000e+02 8.037289626338384174e-01
1.320000000000000000e+02 8.017986897765303489e-01
1.310000000000000000e+02 7.996299398340552811e-01
1.300000000000000000e+02 7.972190257045030926e-01
1.290000000000000000e+02 7.945630992656650404e-01
1.280000000000000000e+02 7.916602930598997112e-01
1.270000000000000000e+02 7.885099258325124483e-01
1.260000000000000000e+02 7.851126693009414792e-01
1.250000000000000000e+02 7.814707426120280909e-01
1.240000000000000000e+02 7.775880965304617920e-01
1.230000000000000000e+02 7.734705841882129063e-01
1.220000000000000000e+02 7.691261404975973104e-01
1.210000000000000000e+02 7.645648515340498497e-01
1.200000000000000000e+02 7.597990471463128559e-01
1.190000000000000000e+02 7.548433132170124793e-01
1.180000000000000000e+02 7.497144266963302606e-01
1.170000000000000000e+02 7.444311552531113207e-01
1.160000000000000000e+02 7.390140684192495479e-01
1.150000000000000000e+02 7.334851742832043664e-01
1.140000000000000000e+02 7.278675196257522462e-01
1.130000000000000000e+02 7.221846359852323038e-01
1.120000000000000000e+02 7.164600748575381539e-01
1.110000000000000000e+02 7.107167487769808778e-01
1.100000000000000000e+02 7.049763896434395605e-01
1.090000000000000000e+02 6.992589564181467265e-01
1.080000000000000000e+02 6.935821349276921621e-01
1.070000000000000000e+02 6.879608808412335241e-01
1.060000000000000000e+02 6.824070719897404880e-01
1.050000000000000000e+02 6.769292802522628438e-01
1.040000000000000000e+02 6.715326348180070681e-01
1.030000000000000000e+02 6.662188238477697588e-01
1.020000000000000000e+02 6.609862355752704755e-01
1.010000000000000000e+02 6.558301616261794642e-01
1.000000000000000000e+02 6.507431485598477172e-01
9.900000000000000000e+01 6.457155101180324097e-01
9.800000000000000000e+01 6.407358780793727115e-01
9.700000000000000000e+01 6.357918492814100819e-01
9.600000000000000000e+01 6.308708255901774864e-01
9.500000000000000000e+01 6.259608848547194571e-01
9.400000000000000000e+01 6.210517771745323046e-01
9.300000000000000000e+01 6.161360242051731051e-01
9.200000000000000000e+01 6.112101409383582373e-01
9.100000000000000000e+01 6.062758780899710764e-01
9.000000000000000000e+01 6.013414712994146205e-01
8.900000000000000000e+01 5.964226973953428157e-01
8.800000000000000000e+01 5.915435893478878659e-01
8.700000000000000000e+01 5.867364852005679809e-01
8.600000000000000000e+01 5.820411214767331476e-01
8.500000000000000000e+01 5.775025365930011034e-01
8.400000000000000000e+01 5.731679040380212031e-01
8.300000000000000000e+01 5.690824263897988899e-01
8.200000000000000000e+01 5.652851268162122356e-01
8.100000000000000000e+01 5.618050371687149935e-01
8.000000000000000000e+01 5.586585597406196202e-01
7.900000000000000000e+01 5.558479298817635694e-01
7.800000000000000000e+01 5.533609285555216584e-01
7.700000000000000000e+01 5.511710827780788025e-01
7.600000000000000000e+01 5.492378533804680441e-01
7.500000000000000000e+01 5.475064592459891744e-01
7.400000000000000000e+01 5.459063571507433155e-01
7.300000000000000000e+01 5.443483339425078116e-01
7.200000000000000000e+01 5.427190131199894907e-01
7.100000000000000000e+01 5.408721897688923974e-01
7.000000000000000000e+01 5.386153610963702043e-01
6.900000000000000000e+01 5.356896704638949291e-01
6.800000000000000000e+01 5.317419590805163576e-01
6.700000000000000000e+01 5.262883939544588108e-01
6.600000000000000000e+01 5.186728801407805012e-01
6.500000000000000000e+01 5.080238304641448988e-01
6.400000000000000000e+01 4.932318278652231824e-01
6.300000000000000000e+01 4.731879571500699488e-01
6.200000000000000000e+01 4.485841521522669906e-01
6.100000000000000000e+01 4.261593605111833050e-01
6.000000000000000000e+01 4.145176582926672904e-01
5.900000000000000000e+01 4.144934395214810996e-01
5.800000000000000000e+01 4.231681771577855411e-01
5.700000000000000000e+01 4.380838196638659476e-01
5.600000000000000000e+01 4.577058359972512314e-01
5.500000000000000000e+01 4.811485172525967191e-01
5.400000000000000000e+01 5.079422110406817126e-01
5.300000000000000000e+01 5.378892604495414398e-01
5.200000000000000000e+01 5.709763865050417886e-01
5.100000000000000000e+01 6.073134273559454011e-01
5.000000000000000000e+01 6.470746182558969606e-01
