4.000000000000000000e+02 6.735116214291662073e-01
3.990000000000000000e+02 6.732589107414957974e-01
3.980000000000000000e+02 6.730057369348714236e-01
3.970000000000000000e+02 6.727521025412405153e-01
3.960000000000000000e+02 6.724980275747849401e-01
3.950000000000000000e+02 6.722435178103376430e-01
3.940000000000000000e+02 6.719885903877009792e-01
3.930000000000000000e+02 6.717332410416293476e-01
3.920000000000000000e+02 6.714774959830397405e-01
3.910000000000000000e+02 6.712213618638316337e-01
3.900000000000000000e+02 6.709648488131354505e-01
3.890000000000000000e+02 6.707079706622001147e-01
3.880000000000000000e+02 6.704507375695160087e-01
3.870000000000000000e+02 6.701931600301485048e-01
3.860000000000000000e+02 6.699352528577021681e-01
3.850000000000000000e+02 6.696770330267949323e-01
3.840000000000000000e+02 6.694185042433878907e-01
3.830000000000000000e+02 6.691596789142314483e-01
3.820000000000000000e+02 6.689005758245786248e-01
3.810000000000000000e+02 6.686412038966449423e-01
3.800000000000000000e+02 6.683815812513824728e-01
3.790000000000000000e+02 6.681217103538643620e-01
3.780000000000000000e+02 6.678616116818483217e-01
3.770000000000000000e+02 6.676012966322490971e-01
3.760000000000000000e+02 6.673407829996735874e-01
3.750000000000000000e+02 6.670800775295402385e-01
3.740000000000000000e+02 6.668191949076871516e-01
3.730000000000000000e+02 6.665581495746942808e-01
3.720000000000000000e+02 6.662969568222331107e-01
3.710000000000000000e+02 6.660356215882541342e-01
3.700000000000000000e+02 6.657741664595568931e-01
3.690000000000000000e+02 6.655125988889831756e-01
3.680000000000000000e+02 6.652509324341435715e-01
3.670000000000000000e+02 6.649891830444113472e-01
3.660000000000000000e+02 6.647273595968792304e-01
3.650000000000000000e+02 6.644654758939514405e-01
3.640000000000000000e+02 6.642035433386537235e-01
3.630000000000000000e+02 6.639415766903447036e-01
3.620000000000000000e+02 6.636795838075859599e-01
3.610000000000000000e+02 6.634175798624831755e-01
3.600000000000000000e+02 6.631555728690569085e-01
3.590000000000000000e+02 6.628935797175116162e-01
3.580000000000000000e+02 6.626316036310635482e-01
3.570000000000000000e+02 6.623696566917273154e-01
3.560000000000000000e+02 6.621077489350930545e-01
3.550000000000000000e+02 6.618458942930954825e-01
3.540000000000000000e+02 6.615840952132825414e-01
3.530000000000000000e+02 6.613223620896103716e-01
3.520000000000000000e+02 6.610607023593279008e-01
3.510000000000000000e+02 6.607991248088793679e-01
3.500000000000000000e+02 6.605376310142252461e-01
3.490000000000000000e+02 6.602762317282860893e-01
3.480000000000000000e+02 6.600149294325714511e-01
3.470000000000000000e+02 6.597537281314086455e-01
3.460000000000000000e+02 6.594926324093158820e-01
3.450000000000000000e+02 6.592316420829317236e-01
3.440000000000000000e+02 6.589707609937623944e-01
3.430000000000000000e+02 6.587099891453804812e-01
3.420000000000000000e+02 6.584493215619574569e-01
3.410000000000000000e+02 6.581887681342062368e-01
3.400000000000000000e+02 6.579283092568590785e-01
3.390000000000000000e+02 6.576679516833267014e-01
3.380000000000000000e+02 6.574076877637151650e-01
3.370000000000000000e+02 6.571475100927389734e-01
3.360000000000000000e+02 6.568874104298375594e-01
3.350000000000000000e+02 6.566273796082084946e-01
3.340000000000000000e+02 6.563674047506875553e-01
3.330000000000000000e+02 6.561074761117280385e-01
3.320000000000000000e+02 6.558475759649509129e-01
3.310000000000000000e+02 6.555876881421394131e-01
3.300000000000000000e+02 6.553277946996818315e-01
3.290000000000000000e+02 6.550678787814776527e-01
3.280000000000000000e+02 6.548079158493912422e-01
3.270000000000000000e+02 6.545478884420210530e-01
3.260000000000000000e+02 6.542877534410781459e-01
3.250000000000000000e+02 6.540274994939873077e-01
3.240000000000000000e+02 6.537670884411672656e-01
3.230000000000000000e+02 6.535064899274047878e-01
3.220000000000000000e+02 6.532456686718999261e-01
3.210000000000000000e+02 6.529845832465954736e-01
3.200000000000000000e+02 6.527232011210728491e-01
3.190000000000000000e+02 6.524614723670005834e-01
3.180000000000000000e+02 6.521993535482604187e-01
3.170000000000000000e+02 6.519367952095318497e-01
3.160000000000000000e+02 6.516737506836962623e-01
3.150000000000000000e+02 6.514101601860771140e-01
3.140000000000000000e+02 6.511459692747507688e-01
3.130000000000000000e+02 6.508811167050307933e-01
3.120000000000000000e+02 6.506155371665666154e-01
3.110000000000000000e+02 6.503491643783204657e-01
3.100000000000000000e+02 6.500819361887308911e-01
3.090000000000000000e+02 6.498137663542744580e-01
3.080000000000000000e+02 6.495445819280962763e-01
3.070000000000000000e+02 6.492743084857824920e-01
3.060000000000000000e+02 6.490028502781789443e-01
3.050000000000000000e+02 6.487301249037382700e-01
3.040000000000000000e+02 6.484560417973387336e-01
3.030000000000000000e+02 6.481805041692395575e-01
3.020000000000000000e+02 6.479034100717339095e-01
3.010000000000000000e+02 6.476246593330650114e-01
3.000000000000000000e+02 6.473441410926370487e-01
2.990000000000000000e+02 6.470617410223428179e-01
2.980000000000000000e+02 6.467773475991243082e-01
2.970000000000000000e+02 6.464908362225859628e-01
2.960000000000000000e+02 6.462020856757549891e-01
2.950000000000000000e+02 6.459109673752844172e-01
2.940000000000000000e+02 6.456173437217592737e-01
2.930000000000000000e+02 6.453210753080329543e-01
2.920000000000000000e+02 6.450220254991942959e-01
2.910000000000000000e+02 6.447200466885183445e-01
2.900000000000000000e+02 6.444149891198436286e-01
2.890000000000000000e+02 6.441066883717909697e-01
2.880000000000000000e+02 6.437949914391521977e-01
2.870000000000000000e+02 6.434797310544599913e-01
2.860000000000000000e+02 6.431607398177788815e-01
2.850000000000000000e+02 6.428378391969473693e-01
2.840000000000000000e+02 6.425108613699697102e-01
2.830000000000000000e+02 6.421796126677707939e-01
2.820000000000000000e+02 6.418439107505368169e-01
2.810000000000000000e+02 6.415035681437918358e-01
2.800000000000000000e+02 6.411583838928036627e-01
2.790000000000000000e+02 6.408081608874606205e-01
2.780000000000000000e+02 6.404526967804314852e-01
2.770000000000000000e+02 6.400917825833236652e-01
2.760000000000000000e+02 6.397252047551276188e-01
2.750000000000000000e+02 6.393527540738680459e-01
2.740000000000000000e+02 6.389742031207914508e-01
2.730000000000000000e+02 6.385893357363293665e-01
2.720000000000000000e+02 6.381979274743637687e-01
2.710000000000000000e+02 6.377997468123809410e-01
2.700000000000000000e+02 6.373945623370158575e-01
2.690000000000000000e+02 6.369821434073247302e-01
2.680000000000000000e+02 6.365622487682935926e-01
2.670000000000000000e+02 6.361346415104580654e-01
2.660000000000000000e+02 6.356990820137266018e-01
2.650000000000000000e+02 6.352553225877868304e-01
2.640000000000000000e+02 6.348031308049243426e-01
2.630000000000000000e+02 6.343422514032555082e-01
2.620000000000000000e+02 6.338724410493464800e-01
2.610000000000000000e+02 6.333934548228097317e-01
2.600000000000000000e+02 6.329050498580641726e-01
2.590000000000000000e+02 6.324069745638335460e-01
2.580000000000000000e+02 6.318989890061361692e-01
2.570000000000000000e+02 6.313808481865113009e-01
2.560000000000000000e+02 6.308523089729936029e-01
2.550000000000000000e+02 6.303131352175007640e-01
2.540000000000000000e+02 6.297630858825885580e-01
2.530000000000000000e+02 6.292019333291631877e-01
2.520000000000000000e+02 6.286294456630272531e-01
2.510000000000000000e+02 6.280453970403183650e-01
2.500000000000000000e+02 6.274495690058929931e-01
2.490000000000000000e+02 6.268417448331465858e-01
2.480000000000000000e+02 6.262217212786647114e-01
2.470000000000000000e+02 6.255892903446946818e-01
2.460000000000000000e+02 6.249442643560014776e-01
2.450000000000000000e+02 6.242864585096417063e-01
2.440000000000000000e+02 6.236156975007601799e-01
2.430000000000000000e+02 6.229318134512302763e-01
2.420000000000000000e+02 6.222346535932938849e-01
2.410000000000000000e+02 6.215240781212086896e-01
2.400000000000000000e+02 6.207999528919165844e-01
2.390000000000000000e+02 6.200621625739570764e-01
2.380000000000000000e+02 6.193106083350981006e-01
2.370000000000000000e+02 6.185451934220957959e-01
2.360000000000000000e+02 6.177658532730346819e-01
2.350000000000000000e+02 6.169725356598870780e-01
2.340000000000000000e+02 6.161652044421341845e-01
2.330000000000000000e+02 6.153438429553654831e-01
2.320000000000000000e+02 6.145084549728417889e-01
2.310000000000000000e+02 6.136590693283757725e-01
2.300000000000000000e+02 6.127957264228353074e-01
2.290000000000000000e+02 6.119185071281997290e-01
2.280000000000000000e+02 6.110275025436315843e-01
2.270000000000000000e+02 6.101228353508463265e-01
2.260000000000000000e+02 6.092046575925035290e-01
2.250000000000000000e+02 6.082731454577130492e-01
2.240000000000000000e+02 6.073285061068547375e-01
2.230000000000000000e+02 6.063709735536706447e-01
2.220000000000000000e+02 6.054008235513611558e-01
2.210000000000000000e+02 6.044183535954955611e-01
2.200000000000000000e+02 6.034239007493472640e-01
2.190000000000000000e+02 6.024178410104752412e-01
2.180000000000000000e+02 6.014005781574387477e-01
2.170000000000000000e+02 6.003725592447444193e-01
2.160000000000000000e+02 5.993342699562580478e-01
2.150000000000000000e+02 5.982862369353212362e-01
2.140000000000000000e+02 5.972290278471392710e-01
2.130000000000000000e+02 5.961632483134802207e-01
2.120000000000000000e+02 5.950895575989876285e-01
2.110000000000000000e+02 5.940086470950307618e-01
2.100000000000000000e+02 5.929212662525243926e-01
2.090000000000000000e+02 5.918282051782487452e-01
2.080000000000000000e+02 5.907303024049124218e-01
2.070000000000000000e+02 5.896284508584422879e-01
2.060000000000000000e+02 5.885235828587513929e-01
2.050000000000000000e+02 5.874166886512703911e-01
2.040000000000000000e+02 5.863088185813876141e-01
2.030000000000000000e+02 5.852010570983950943e-01
2.020000000000000000e+02 5.840945540822508608e-01
2.010000000000000000e+02 5.829905079531316758e-01
2.000000000000000000e+02 5.818901865718691946e-01
1.990000000000000000e+02 5.807948882970763727e-01
1.980000000000000000e+02 5.797059850249033364e-01
1.970000000000000000e+02 5.786248973154453079e-01
1.960000000000000000e+02 5.775531001899850692e-01
1.950000000000000000e+02 5.764921319119469256e-01
1.940000000000000000e+02 5.754435801861259581e-01
1.930000000000000000e+02 5.744090857469122957e-01
1.920000000000000000e+02 5.733903518195825333e-01
1.910000000000000000e+02 5.723891319573930492e-01
1.900000000000000000e+02 5.714072304324573359e-01
1.890000000000000000e+02 5.704465140761388886e-01
1.880000000000000000e+02 5.695088872775674327e-01
1.870000000000000000e+02 5.685963157368908449e-01
1.860000000000000000e+02 5.677108148186297276e-01
1.850000000000000000e+02 5.668544399225877717e-01
1.840000000000000000e+02 5.660292985917153574e-01
1.830000000000000000e+02 5.652375374561321442e-01
1.820000000000000000e+02 5.644813470995833082e-01
1.810000000000000000e+02 5.637629596236249929e-01
1.800000000000000000e+02 5.630846436106277109e-01
1.790000000000000000e+02 5.624486926066923909e-01
1.780000000000000000e+02 5.618574423147475461e-01
1.770000000000000000e+02 5.613132600660734051e-01
1.760000000000000000e+02 5.608185248676514911e-01
1.750000000000000000e+02 5.603756492005985690e-01
1.740000000000000000e+02 5.599870598245002551e-01
1.730000000000000000e+02 5.596552033652949509e-01
1.720000000000000000e+02 5.593825374403644801e-01
1.710000000000000000e+02 5.591715294125264579e-01
1.700000000000000000e+02 5.590246511679074493e-01
1.690000000000000000e+02 5.589443814195528271e-01
1.680000000000000000e+02 5.589332024061529625e-01
1.670000000000000000e+02 5.589935901902872706e-01
1.660000000000000000e+02 5.591280132821501159e-01
1.650000000000000000e+02 5.593389405737544395e-01
1.640000000000000000e+02 5.596288234124408012e-01
1.630000000000000000e+02 5.600001100402167697e-01
1.620000000000000000e+02 5.604552268066231857e-01
1.610000000000000000e+02 5.609965951380576632e-01
1.600000000000000000e+02 5.616266116226740213e-01
1.590000000000000000e+02 5.623476645086149528e-01
1.580000000000000000e+02 5.631621153396726420e-01
1.570000000000000000e+02 5.640723122126085620e-01
1.560000000000000000e+02 5.650805850033949751e-01
1.550000000000000000e+02 5.661892508991970274e-01
1.540000000000000000e+02 5.674005862633419994e-01
1.530000000000000000e+02 5.687168767902125444e-01
1.520000000000000000e+02 5.701403761369973067e-01
1.510000000000000000e+02 5.716733187250037096e-01
1.500000000000000000e+02 5.733179376597835608e-01
1.490000000000000000e+02 5.750764205046260402e-01
1.480000000000000000e+02 5.769509647762049998e-01
1.470000000000000000e+02 5.789437397246089967e-01
1.460000000000000000e+02 5.810568962166740015e-01
1.450000000000000000e+02 5.832925734358220815e-01
1.440000000000000000e+02 5.856528817485262550e-01
1.430000000000000000e+02 5.881399252700261204e-01
1.420000000000000000e+02 5.907557785496460045e-01
1.410000000000000000e+02 5.935024915305607829e-01
1.400000000000000000e+02 5.963820826521932794e-01
1.390000000000000000e+02 5.993965543208512603e-01
1.380000000000000000e+02 6.025478456670764205e-01
1.370000000000000000e+02 6.058378744660692927e-01
1.360000000000000000e+02 6.092684965115516826e-01
1.350000000000000000e+02 6.128415065489893898e-01
1.340000000000000000e+02 6.165586432946250639e-01
1.330000000000000000e+02 6.204215489358815283e-01
1.320000000000000000e+02 6.244317789949836994e-01
1.310000000000000000e+02 6.285907812940256800e-01
1.300000000000000000e+02 6.328998847020482765e-01
1.290000000000000000e+02 6.373602704715545242e-01
1.280000000000000000e+02 6.419729651576959739e-01
1.270000000000000000e+02 6.467388140645219385e-01
1.260000000000000000e+02 6.516584645093482786e-01
1.250000000000000000e+02 6.567323448111026529e-01
1.240000000000000000e+02 6.619606240303124167e-01
1.230000000000000000e+02 6.673432370425387283e-01
1.220000000000000000e+02 6.728797920635477547e-01
1.210000000000000000e+02 6.785696280948072534e-01
1.200000000000000000e+02 6.844117444928727867e-01
1.190000000000000000e+02 6.904048035713599152e-01
1.180000000000000000e+02 6.965471392470785617e-01
1.170000000000000000e+02 7.028367391184647817e-01
1.160000000000000000e+02 7.092712603375238567e-01
1.150000000000000000e+02 7.158480429698581560e-01
1.140000000000000000e+02 7.225641514827079170e-01
1.130000000000000000e+02 7.294163990655526675e-01
1.120000000000000000e+02 7.364014167398271749e-01
1.110000000000000000e+02 7.435156842940713329e-01
1.100000000000000000e+02 7.507556713053072928e-01
1.090000000000000000e+02 7.581178439365338084e-01
1.080000000000000000e+02 7.655988112347082986e-01
1.070000000000000000e+02 7.731953959611107541e-01
1.060000000000000000e+02 7.809047207661575785e-01
1.050000000000000000e+02 7.887243349827797179e-01
1.040000000000000000e+02 7.966522653997142323e-01
1.030000000000000000e+02 8.046870932322993664e-01
1.020000000000000000e+02 8.128280377091345876e-01
1.010000000000000000e+02 8.210749737265639059e-01
1.000000000000000000e+02 8.294284977162105221e-01
9.900000000000000000e+01 8.378899204260215061e-01
9.800000000000000000e+01 8.464612880006889828e-01
9.700000000000000000e+01 8.551453646796656205e-01
9.600000000000000000e+01 8.639456534715047598e-01
9.500000000000000000e+01 8.728663161783516422e-01
9.400000000000000000e+01 8.819122293627306153e-01
9.300000000000000000e+01 8.910888814096242783e-01
9.200000000000000000e+01 9.004023824517182195e-01
9.100000000000000000e+01 9.098594759484187611e-01
9.000000000000000000e+01 9.194674357963220634e-01
8.900000000000000000e+01 9.292341289553066597e-01
8.800000000000000000e+01 9.391679637796369606e-01
8.700000000000000000e+01 9.492778620903287168e-01
8.600000000000000000e+01 9.595733357866216284e-01
8.500000000000000000e+01 9.700644095108921228e-01
8.400000000000000000e+01 9.807616772045529840e-01
8.300000000000000000e+01 9.916763068137903758e-01
8.200000000000000000e+01 1.002820049202588493e+00
8.100000000000000000e+01 1.014205291987804847e+00
8.000000000000000000e+01 1.025845088503905211e+00
7.900000000000000000e+01 1.037753172176025362e+00
7.800000000000000000e+01 1.049944024444277035e+00
7.700000000000000000e+01 1.062432900012453274e+00
7.600000000000000000e+01 1.075235923385911230e+00
7.500000000000000000e+01 1.088370096054431135e+00
7.400000000000000000e+01 1.101853382161979367e+00
7.300000000000000000e+01 1.115704768546499803e+00
7.200000000000000000e+01 1.129944337554654510e+00
7.100000000000000000e+01 1.144593328716650094e+00
7.000000000000000000e+01 1.159674211551835254e+00
6.900000000000000000e+01 1.175210768677679152e+00
6.800000000000000000e+01 1.191228156142124295e+00
6.700000000000000000e+01 1.207753009530893706e+00
6.600000000000000000e+01 1.224813467486994156e+00
6.500000000000000000e+01 1.242439308927759889e+00
6.400000000000000000e+01 1.260661994667445107e+00
6.300000000000000000e+01 1.279514747328494018e+00
6.200000000000000000e+01 1.299032630885003980e+00
6.100000000000000000e+01 1.319252623043352557e+00
6.000000000000000000e+01 1.340213711250439088e+00
5.900000000000000000e+01 1.361956920199353549e+00
5.800000000000000000e+01 1.384525439445672745e+00
5.700000000000000000e+01 1.407964679339036795e+00
5.600000000000000000e+01 1.432322343374388351e+00
5.500000000000000000e+01 1.457648556251353256e+00
5.400000000000000000e+01 1.483995929943416892e+00
5.300000000000000000e+01 1.511419677799428651e+00
5.200000000000000000e+01 1.539977759129687263e+00
5.100000000000000000e+01 1.569731017985409149e+00
5.000000000000000000e+01 1.600743358518773363e+00
