4.000000000000000000e+02 7.937440460335903891e-01
3.990000000000000000e+02 7.939217974300312175e-01
3.980000000000000000e+02 7.941046819318527961e-01
3.970000000000000000e+02 7.942927549089712214e-01
3.960000000000000000e+02 7.944861171683764711e-01
3.950000000000000000e+02 7.946848408518886187e-01
3.940000000000000000e+02 7.948890052459222089e-01
3.930000000000000000e+02 7.950986902383052612e-01
3.920000000000000000e+02 7.953139620210163407e-01
3.910000000000000000e+02 7.955349098527122464e-01
3.900000000000000000e+02 7.957616091561651173e-01
3.890000000000000000e+02 7.959941448709428879e-01
3.880000000000000000e+02 7.962325862711184810e-01
3.870000000000000000e+02 7.964770103784133415e-01
3.860000000000000000e+02 7.967275010800960455e-01
3.850000000000000000e+02 7.969841455824120402e-01
3.840000000000000000e+02 7.972470070988925128e-01
3.830000000000000000e+02 7.975161494122434691e-01
3.820000000000000000e+02 7.977916652467073044e-01
3.810000000000000000e+02 7.980736508226293768e-01
3.800000000000000000e+02 7.983621531272165894e-01
3.790000000000000000e+02 7.986572501609029429e-01
3.780000000000000000e+02 7.989590363051873867e-01
3.770000000000000000e+02 7.992675690557594637e-01
3.760000000000000000e+02 7.995829259624457341e-01
3.750000000000000000e+02 7.999051803864422050e-01
3.740000000000000000e+02 8.002343991155099756e-01
3.730000000000000000e+02 8.005706606715619067e-01
3.720000000000000000e+02 8.009140402809611370e-01
3.710000000000000000e+02 8.012645960054011196e-01
3.700000000000000000e+02 8.016223802155677536e-01
3.690000000000000000e+02 8.019874976671836908e-01
3.680000000000000000e+02 8.023599839419957025e-01
3.670000000000000000e+02 8.027399136516722988e-01
3.660000000000000000e+02 8.031273508211905776e-01
3.650000000000000000e+02 8.035223424456625629e-01
3.640000000000000000e+02 8.039249798611817210e-01
3.630000000000000000e+02 8.043352953946806272e-01
3.620000000000000000e+02 8.047533365961856422e-01
3.610000000000000000e+02 8.051791801586246633e-01
3.600000000000000000e+02 8.056128655907773828e-01
3.590000000000000000e+02 8.060544526733490756e-01
3.580000000000000000e+02 8.065039538525440310e-01
3.570000000000000000e+02 8.069614773451817547e-01
3.560000000000000000e+02 8.074270143395236854e-01
3.550000000000000000e+02 8.079006335119240934e-01
3.540000000000000000e+02 8.083823498386184525e-01
3.530000000000000000e+02 8.088722107195100985e-01
3.520000000000000000e+02 8.093702545073473420e-01
3.510000000000000000e+02 8.098764951943087098e-01
3.500000000000000000e+02 8.103909796924417819e-01
3.490000000000000000e+02 8.109137143711281359e-01
3.480000000000000000e+02 8.114447301406708668e-01
3.470000000000000000e+02 8.119840367551409699e-01
3.460000000000000000e+02 8.125316501657343649e-01
3.450000000000000000e+02 8.130875795999552569e-01
3.440000000000000000e+02 8.136518380666697414e-01
3.430000000000000000e+02 8.142244189445450031e-01
3.420000000000000000e+02 8.148053231813207065e-01
3.410000000000000000e+02 8.153945461656548765e-01
3.400000000000000000e+02 8.159920752283498224e-01
3.390000000000000000e+02 8.165978993050290180e-01
3.380000000000000000e+02 8.172120058544932730e-01
3.370000000000000000e+02 8.178343731077263312e-01
3.360000000000000000e+02 8.184649512076098699e-01
3.350000000000000000e+02 8.191037329909720555e-01
3.340000000000000000e+02 8.197506632167107510e-01
3.330000000000000000e+02 8.204057147675274386e-01
3.320000000000000000e+02 8.210688185535520711e-01
3.310000000000000000e+02 8.217399707612486059e-01
3.300000000000000000e+02 8.224190615003339477e-01
3.290000000000000000e+02 8.231060556249599758e-01
3.280000000000000000e+02 8.238008715327056475e-01
3.270000000000000000e+02 8.245034509185286131e-01
3.260000000000000000e+02 8.252136946892059122e-01
3.250000000000000000e+02 8.259315325824352350e-01
3.240000000000000000e+02 8.266568729286069006e-01
3.230000000000000000e+02 8.273895853137891443e-01
3.220000000000000000e+02 8.281296391575141413e-01
3.210000000000000000e+02 8.288768510738169226e-01
3.200000000000000000e+02 8.296311422861735174e-01
3.190000000000000000e+02 8.303923858762433108e-01
3.180000000000000000e+02 8.311604485165233758e-01
3.170000000000000000e+02 8.319352051152610894e-01
3.160000000000000000e+02 8.327164947667068384e-01
3.150000000000000000e+02 8.335041870325852198e-01
3.140000000000000000e+02 8.342981225837067250e-01
3.130000000000000000e+02 8.350981333065169432e-01
3.120000000000000000e+02 8.359040581120908975e-01
3.110000000000000000e+02 8.367157247614939175e-01
3.100000000000000000e+02 8.375329432122282647e-01
3.090000000000000000e+02 8.383555245892141405e-01
3.080000000000000000e+02 8.391832716652423141e-01
3.070000000000000000e+02 8.400159815135607166e-01
3.060000000000000000e+02 8.408534729595216195e-01
3.050000000000000000e+02 8.416954725598773113e-01
3.040000000000000000e+02 8.425418000133607643e-01
3.030000000000000000e+02 8.433921919663462941e-01
3.020000000000000000e+02 8.442464405351159940e-01
3.010000000000000000e+02 8.451042685406783272e-01
3.000000000000000000e+02 8.459654433103150906e-01
2.990000000000000000e+02 8.468296990773597210e-01
2.980000000000000000e+02 8.476967674106176132e-01
2.970000000000000000e+02 8.485663664005386186e-01
2.960000000000000000e+02 8.494382183364256322e-01
2.950000000000000000e+02 8.503120318702590552e-01
2.940000000000000000e+02 8.511875067100305170e-01
2.930000000000000000e+02 8.520643388226426529e-01
2.920000000000000000e+02 8.529422200531653342e-01
2.910000000000000000e+02 8.538208196372842895e-01
2.900000000000000000e+02 8.546998262213802988e-01
2.890000000000000000e+02 8.555788905665948629e-01
2.880000000000000000e+02 8.564576710574549612e-01
2.870000000000000000e+02 8.573358193944483618e-01
2.860000000000000000e+02 8.582129827512032794e-01
2.850000000000000000e+02 8.590887892494616374e-01
2.840000000000000000e+02 8.599628738476572387e-01
2.830000000000000000e+02 8.608348548282533930e-01
2.820000000000000000e+02 8.617043370460498730e-01
2.810000000000000000e+02 8.625709320819801018e-01
2.800000000000000000e+02 8.634342388761099274e-01
2.790000000000000000e+02 8.642938448103211213e-01
2.780000000000000000e+02 8.651493286518381343e-01
2.770000000000000000e+02 8.660002571640872393e-01
2.760000000000000000e+02 8.668462288749133604e-01
2.750000000000000000e+02 8.676867752141435020e-01
2.740000000000000000e+02 8.685214530525885435e-01
2.730000000000000000e+02 8.693497948789066232e-01
2.720000000000000000e+02 8.701713393234112859e-01
2.710000000000000000e+02 8.709856419013539686e-01
2.700000000000000000e+02 8.717921880635901566e-01
2.690000000000000000e+02 8.725905016568782369e-01
2.680000000000000000e+02 8.733800794721230387e-01
2.670000000000000000e+02 8.741604196147380046e-01
2.660000000000000000e+02 8.749310137895361938e-01
2.650000000000000000e+02 8.756913180626400006e-01
2.640000000000000000e+02 8.764408253939124371e-01
2.630000000000000000e+02 8.771789821045260505e-01
2.620000000000000000e+02 8.779052466183633330e-01
2.610000000000000000e+02 8.786190440314592953e-01
2.600000000000000000e+02 8.793198359446258161e-01
2.590000000000000000e+02 8.800070312211344392e-01
2.580000000000000000e+02 8.806800225716802100e-01
2.570000000000000000e+02 8.813382418665165474e-01
2.560000000000000000e+02 8.819810784652125646e-01
2.550000000000000000e+02 8.826079193329777750e-01
2.540000000000000000e+02 8.832181309591061735e-01
2.530000000000000000e+02 8.838110822652658349e-01
2.520000000000000000e+02 8.843861297563152535e-01
2.510000000000000000e+02 8.849426223603057418e-01
2.500000000000000000e+02 8.854798958390714958e-01
2.490000000000000000e+02 8.859972733353904673e-01
2.480000000000000000e+02 8.864940702124899374e-01
2.470000000000000000e+02 8.869695899023770647e-01
2.460000000000000000e+02 8.874231188954979643e-01
2.450000000000000000e+02 8.878539532946947421e-01
2.440000000000000000e+02 8.882613616842105486e-01
2.430000000000000000e+02 8.886446001550494245e-01
2.420000000000000000e+02 8.890029259211851276e-01
2.410000000000000000e+02 8.893355713350928893e-01
2.400000000000000000e+02 8.896417894020347550e-01
2.390000000000000000e+02 8.899207772607466982e-01
2.380000000000000000e+02 8.901717586997197618e-01
2.370000000000000000e+02 8.903939351717228279e-01
2.360000000000000000e+02 8.905864818633673075e-01
2.350000000000000000e+02 8.907486035972121963e-01
2.340000000000000000e+02 8.908794562101363113e-01
2.330000000000000000e+02 8.909782119738446360e-01
2.320000000000000000e+02 8.910440333293411230e-01
2.310000000000000000e+02 8.910760723269848249e-01
2.300000000000000000e+02 8.910734625458271996e-01
2.290000000000000000e+02 8.910353487962101582e-01
2.280000000000000000e+02 8.909608659090417770e-01
2.270000000000000000e+02 8.908491403846074963e-01
2.260000000000000000e+02 8.906993014918472840e-01
2.250000000000000000e+02 8.905104705831319301e-01
2.240000000000000000e+02 8.902817954165922476e-01
2.230000000000000000e+02 8.900123687217333934e-01
2.220000000000000000e+02 8.897013477182085239e-01
2.210000000000000000e+02 8.893478592505812408e-01
2.200000000000000000e+02 8.889510598082448478e-01
2.190000000000000000e+02 8.885100879677136909e-01
2.180000000000000000e+02 8.880241167390784396e-01
2.170000000000000000e+02 8.874923219304362565e-01
2.160000000000000000e+02 8.869139078721736125e-01
2.150000000000000000e+02 8.862880926102892909e-01
2.140000000000000000e+02 8.856141251368996326e-01
2.130000000000000000e+02 8.848912583335919457e-01
2.120000000000000000e+02 8.841188101722869952e-01
2.110000000000000000e+02 8.832961010348951980e-01
2.100000000000000000e+02 8.824225328118430189e-01
2.090000000000000000e+02 8.814975175847659106e-01
2.080000000000000000e+02 8.805205461582439330e-01
2.070000000000000000e+02 8.794911070412514409e-01
2.060000000000000000e+02 8.784088248200135896e-01
2.050000000000000000e+02 8.772733534309784531e-01
2.040000000000000000e+02 8.760844148658450958e-01
2.030000000000000000e+02 8.748418219938984830e-01
2.020000000000000000e+02 8.735454646274667390e-01
2.010000000000000000e+02 8.721953285252486143e-01
2.000000000000000000e+02 8.707915028404181745e-01
1.990000000000000000e+02 8.693341699210792584e-01
1.980000000000000000e+02 8.678236598054788198e-01
1.970000000000000000e+02 8.662603748954933458e-01
1.960000000000000000e+02 8.646448543201211701e-01
1.950000000000000000e+02 8.629778332154615095e-01
1.940000000000000000e+02 8.612600888415611333e-01
1.930000000000000000e+02 8.594926172109438323e-01
1.920000000000000000e+02 8.576765233330347904e-01
1.910000000000000000e+02 8.558131255398209181e-01
1.900000000000000000e+02 8.539038518605094330e-01
1.890000000000000000e+02 8.519503123757652396e-01
1.880000000000000000e+02 8.499543216697160730e-01
1.870000000000000000e+02 8.479178071667012873e-01
1.860000000000000000e+02 8.458429343364490816e-01
1.850000000000000000e+02 8.437319974579047255e-01
1.840000000000000000e+02 8.415875195619108018e-01
1.830000000000000000e+02 8.394121455773362328e-01
1.820000000000000000e+02 8.372087227671918264e-01
1.810000000000000000e+02 8.349802514761563987e-01
1.800000000000000000e+02 8.327299296570128684e-01
1.790000000000000000e+02 8.304610702877369688e-01
1.780000000000000000e+02 8.281771428949568081e-01
1.770000000000000000e+02 8.258817929397811453e-01
1.760000000000000000e+02 8.235787579731081998e-01
1.750000000000000000e+02 8.212719125557118582e-01
1.740000000000000000e+02 8.189652390085596645e-01
1.730000000000000000e+02 8.166628060586225146e-01
1.720000000000000000e+02 8.143687694846609704e-01
1.710000000000000000e+02 8.120873447852049454e-01
1.700000000000000000e+02 8.098228427983370503e-01
1.690000000000000000e+02 8.075795626185805487e-01
1.680000000000000000e+02 8.053618677664114989e-01
1.670000000000000000e+02 8.031741205086692093e-01
1.660000000000000000e+02 8.010207205954803511e-01
1.650000000000000000e+02 7.989060027893600813e-01
1.640000000000000000e+02 7.968343799960300178e-01
1.630000000000000000e+02 7.948101457419475269e-01
1.620000000000000000e+02 7.928376446690393875e-01
1.610000000000000000e+02 7.909211536892217786e-01
1.600000000000000000e+02 7.890649429920997271e-01
1.590000000000000000e+02 7.872732265797370843e-01
1.580000000000000000e+02 7.855502176816774318e-01
1.570000000000000000e+02 7.839000957325273911e-01
1.560000000000000000e+02 7.823270190205368069e-01
1.550000000000000000e+02 7.808351666941253377e-01
1.540000000000000000e+02 7.794286901491136454e-01
1.530000000000000000e+02 7.781117731034418172e-01
1.520000000000000000e+02 7.768886449151820583e-01
1.510000000000000000e+02 7.757635785246150828e-01
1.500000000000000000e+02 7.747409108031995117e-01
1.490000000000000000e+02 7.738250762374336844e-01
1.480000000000000000e+02 7.730206136807070694e-01
1.470000000000000000e+02 7.723321983720875528e-01
1.460000000000000000e+02 7.717646361882939399e-01
1.450000000000000000e+02 7.713229267490954166e-01
1.440000000000000000e+02 7.710122456362575871e-01
1.430000000000000000e+02 7.708379740431968719e-01
1.420000000000000000e+02 7.708057239584804599e-01
1.410000000000000000e+02 7.709213262378428189e-01
1.400000000000000000e+02 7.711908604738524353e-01
1.390000000000000000e+02 7.716206403708532058e-01
1.380000000000000000e+02 7.722172134032354585e-01
1.370000000000000000e+02 7.729873431525122740e-01
1.360000000000000000e+02 7.739379875688022770e-01
1.350000000000000000e+02 7.750762418305887635e-01
1.340000000000000000e+02 7.764093198748149849e-01
1.330000000000000000e+02 7.779444531204087188e-01
1.320000000000000000e+02 7.796887800866930673e-01
1.310000000000000000e+02 7.816493035041683912e-01
1.300000000000000000e+02 7.838326896789877818e-01
1.290000000000000000e+02 7.862450821749874530e-01
1.280000000000000000e+02 7.888919978821383738e-01
1.270000000000000000e+02 7.917780224641015607e-01
1.260000000000000000e+02 7.949065864870042963e-01
1.250000000000000000e+02 7.982796972169373673e-01
1.240000000000000000e+02 8.018976074606126714e-01
1.230000000000000000e+02 8.057585855772138039e-01
1.220000000000000000e+02 8.098584804935585746e-01
1.210000000000000000e+02 8.141904834599758001e-01
1.200000000000000000e+02 8.187449169153824258e-01
1.190000000000000000e+02 8.235088376146794120e-01
1.180000000000000000e+02 8.284659846550552764e-01
1.170000000000000000e+02 8.335966753235638516e-01
1.160000000000000000e+02 8.388777802654590054e-01
1.150000000000000000e+02 8.442828196390043116e-01
1.140000000000000000e+02 8.497823681211418290e-01
1.130000000000000000e+02 8.553442750763067259e-01
1.120000000000000000e+02 8.609342474287856595e-01
1.110000000000000000e+02 8.665164634991788795e-01
1.100000000000000000e+02 8.720542740425681894e-01
1.090000000000000000e+02 8.775110231428713270e-01
1.080000000000000000e+02 8.828508220837096854e-01
1.070000000000000000e+02 8.880393995945387031e-01
1.060000000000000000e+02 8.930449095713147711e-01
1.050000000000000000e+02 8.978387015378607172e-01
1.040000000000000000e+02 9.023959501212295287e-01
1.030000000000000000e+02 9.066963522678849197e-01
1.020000000000000000e+02 9.107246586003665545e-01
1.010000000000000000e+02 9.144709873079036599e-01
1.000000000000000000e+02 9.179313518903096103e-01
9.900000000000000000e+01 9.211078187096040093e-01
9.800000000000000000e+01 9.240088005558657613e-01
9.700000000000000000e+01 9.266492382904438774e-01
9.600000000000000000e+01 9.290507954514808375e-01
9.500000000000000000e+01 9.312421024666355240e-01
9.400000000000000000e+01 9.332589617326385589e-01
9.300000000000000000e+01 9.351445355103263912e-01
9.200000000000000000e+01 9.369493107571336132e-01
9.100000000000000000e+01 9.387304939499968581e-01
9.000000000000000000e+01 9.405502798029341527e-01
8.900000000000000000e+01 9.424720655520719692e-01
8.800000000000000000e+01 9.445539130571352082e-01
8.700000000000000000e+01 9.468391375035920543e-01
8.600000000000000000e+01 9.493458648288352064e-01
8.500000000000000000e+01 9.520597088972266864e-01
8.400000000000000000e+01 9.549339899708748636e-01
8.300000000000000000e+01 9.578987797897401402e-01
8.200000000000000000e+01 9.608746993546990467e-01
8.100000000000000000e+01 9.637858504042891017e-01
8.000000000000000000e+01 9.665674457923041363e-01
7.900000000000000000e+01 9.691680012859302806e-01
7.800000000000000000e+01 9.715474619324321326e-01
7.700000000000000000e+01 9.736736145793083441e-01
7.600000000000000000e+01 9.755176053260017355e-01
7.500000000000000000e+01 9.770494619469165531e-01
7.400000000000000000e+01 9.782335356134035376e-01
7.300000000000000000e+01 9.790233595038811965e-01
7.200000000000000000e+01 9.793560954900095705e-01
7.100000000000000000e+01 9.791448304323634444e-01
7.000000000000000000e+01 9.782685342680110807e-01
6.900000000000000000e+01 9.765574475837404123e-01
6.800000000000000000e+01 9.737713220034144301e-01
6.700000000000000000e+01 9.695662280849104420e-01
6.600000000000000000e+01 9.634443167968861355e-01
6.500000000000000000e+01 9.546910613658454725e-01
6.400000000000000000e+01 9.424136073483458942e-01
6.300000000000000000e+01 9.269141461453386244e-01
6.200000000000000000e+01 9.211314421083286463e-01
6.100000000000000000e+01 9.385432314669904796e-01
6.000000000000000000e+01 9.587971342136940578e-01
5.900000000000000000e+01 9.772314245762938612e-01
5.800000000000000000e+01 9.944081949488792205e-01
5.700000000000000000e+01 1.010932823195837882e+00
5.600000000000000000e+01 1.027169318633141648e+00
5.500000000000000000e+01 1.043343109824308002e+00
5.400000000000000000e+01 1.059612461472049016e+00
5.300000000000000000e+01 1.076101089817955492e+00
5.200000000000000000e+01 1.092912658313522467e+00
5.100000000000000000e+01 1.110138281128615789e+00
5.000000000000000000e+01 1.127861298998199091e+00
