1.058234000000000030e+01 -1.411956933856399088e+00
1.057175766000000117e+01 -1.412006216954637239e+00
1.056117532000000203e+01 -1.412055611046366899e+00
1.055059298000000290e+01 -1.412105060274351676e+00
1.054001064000000376e+01 -1.412154614524405050e+00
1.052942830000000463e+01 -1.412204279436001908e+00
1.051884596000000549e+01 -1.412254040147228329e+00
1.050826362000000636e+01 -1.412303904173910052e+00
1.049768128000000722e+01 -1.412353864276299831e+00
1.048709894000000808e+01 -1.412403929053249518e+00
1.047651660000000895e+01 -1.412454090006310281e+00
1.046593426000000981e+01 -1.412504355361548392e+00
1.045535192000001068e+01 -1.412554719832934236e+00
1.044476958000001154e+01 -1.412605185418978504e+00
1.043418724000001241e+01 -1.412655752487056882e+00
1.042360490000001327e+01 -1.412706421453546302e+00
1.041302256000001414e+01 -1.412757192439281217e+00
1.040244022000001500e+01 -1.412808070794927984e+00
1.039185788000001587e+01 -1.412859046641552929e+00
1.038127554000001673e+01 -1.412910124277293011e+00
1.037069320000001760e+01 -1.412961308486524903e+00
1.036011086000001846e+01 -1.413012594945863842e+00
1.034952852000001933e+01 -1.413063985096310482e+00
1.033894618000002019e+01 -1.413115479662967022e+00
1.032836384000002106e+01 -1.413167078867820337e+00
1.031778150000002192e+01 -1.413218781060649798e+00
1.030719916000002279e+01 -1.413270592535983194e+00
1.029661682000002365e+01 -1.413322507353178104e+00
1.028603448000002452e+01 -1.413374528224236037e+00
1.027545214000002538e+01 -1.413426655355959127e+00
1.026486980000002625e+01 -1.413478888961436031e+00
1.025428746000002711e+01 -1.413531227888709330e+00
1.024370512000002797e+01 -1.413583677184572451e+00
1.023312278000002884e+01 -1.413636232500220302e+00
1.022254044000002970e+01 -1.413688895576274751e+00
1.021195810000003057e+01 -1.413741667250066891e+00
1.020137576000003143e+01 -1.413794546905858152e+00
1.019079342000003230e+01 -1.413847535787656318e+00
1.018021108000003316e+01 -1.413900633701364207e+00
1.016962874000003403e+01 -1.413953841240706666e+00
1.015904640000003489e+01 -1.414007157001708315e+00
1.014846406000003576e+01 -1.414060586207726455e+00
1.013788172000003662e+01 -1.414114122795496753e+00
1.012729938000003749e+01 -1.414167773482301493e+00
1.011671704000003835e+01 -1.414221534073745623e+00
1.010613470000003922e+01 -1.414275405892900794e+00
1.009555236000004008e+01 -1.414329389836327389e+00
1.008497002000004095e+01 -1.414383486068534701e+00
1.007438768000004181e+01 -1.414437694893954101e+00
1.006380534000004268e+01 -1.414492015173958617e+00
1.005322300000004354e+01 -1.414546456852956879e+00
1.004264066000004441e+01 -1.414601004142061580e+00
1.003205832000004527e+01 -1.414655668832713653e+00
1.002147598000004614e+01 -1.414710446405927913e+00
1.001089364000004700e+01 -1.414765338562862906e+00
1.000031130000004786e+01 -1.414820345896024234e+00
9.989728960000048730e+00 -1.414875468846171991e+00
9.979146620000049595e+00 -1.414930707503681884e+00
9.968564280000050459e+00 -1.414986060953858038e+00
9.957981940000051324e+00 -1.415041534013046443e+00
9.947399600000052189e+00 -1.415097121062920849e+00
9.936817260000053054e+00 -1.415152828460900736e+00
9.926234920000053918e+00 -1.415208652396466871e+00
9.915652580000054783e+00 -1.415264593887877620e+00
9.905070240000055648e+00 -1.415320654152124158e+00
9.894487900000056513e+00 -1.415376833151901881e+00
9.883905560000057378e+00 -1.415433131378656562e+00
9.873323220000058242e+00 -1.415489549519199475e+00
9.862740880000059107e+00 -1.415546086988124674e+00
9.852158540000059972e+00 -1.415602743521397811e+00
9.841576200000060837e+00 -1.415659524097588884e+00
9.830993860000061701e+00 -1.415716424347011282e+00
9.820411520000062566e+00 -1.415773445828849786e+00
9.809829180000063431e+00 -1.415830589319824639e+00
9.799246840000064296e+00 -1.415887855189056577e+00
9.788664500000065161e+00 -1.415945241677374344e+00
9.778082160000066025e+00 -1.416002755483383391e+00
9.767499820000066890e+00 -1.416060390275336811e+00
9.756917480000067755e+00 -1.416118149332744380e+00
9.746335140000068620e+00 -1.416176032557892484e+00
9.735752800000069485e+00 -1.416234040471147981e+00
9.725170460000070349e+00 -1.416292171933531296e+00
9.714588120000071214e+00 -1.416350431912490437e+00
9.704005780000072079e+00 -1.416408816456261821e+00
9.693423440000072944e+00 -1.416467332264107704e+00
9.682841100000073808e+00 -1.416525970100693588e+00
9.672258760000074673e+00 -1.416584734394652045e+00
9.661676420000075538e+00 -1.416643626651137744e+00
9.651094080000076403e+00 -1.416702646687247436e+00
9.640511740000077268e+00 -1.416761795164901638e+00
9.629929400000078132e+00 -1.416821070864775711e+00
9.619347060000078997e+00 -1.416880478812747590e+00
9.608764720000079862e+00 -1.416940013459548897e+00
9.598182380000080727e+00 -1.416999681066818173e+00
9.587600040000081592e+00 -1.417059478149253815e+00
9.577017700000082456e+00 -1.417119405408540089e+00
9.566435360000083321e+00 -1.417179464537583922e+00
9.555853020000084186e+00 -1.417239655163397671e+00
9.545270680000085051e+00 -1.417299978168420571e+00
9.534688340000085915e+00 -1.417360432180287066e+00
9.524106000000086780e+00 -1.417421022360687566e+00
9.513523660000087645e+00 -1.417481743103181868e+00
9.502941320000088510e+00 -1.417542600716349632e+00
9.492358980000089375e+00 -1.417603591745408176e+00
9.481776640000090239e+00 -1.417664716854767581e+00
9.471194300000091104e+00 -1.417725977836073348e+00
9.460611960000091969e+00 -1.417787374245565557e+00
9.450029620000092834e+00 -1.417848907071635134e+00
9.439447280000093699e+00 -1.417910574889816644e+00
9.428864940000094563e+00 -1.417972382912520590e+00
9.418282600000095428e+00 -1.418034325555880493e+00
9.407700260000096293e+00 -1.418096409101958333e+00
9.397117920000097158e+00 -1.418158630199541026e+00
9.386535580000098022e+00 -1.418220989400728937e+00
9.375953240000098887e+00 -1.418283488678365956e+00
9.365370900000099752e+00 -1.418346127432861259e+00
9.354788560000100617e+00 -1.418408906850722406e+00
9.344206220000101482e+00 -1.418471833006352600e+00
9.333623880000102346e+00 -1.418534893990700319e+00
9.323041540000103211e+00 -1.418598095796360425e+00
9.312459200000104076e+00 -1.418661442691974806e+00
9.301876860000104941e+00 -1.418724931442326920e+00
9.291294520000105805e+00 -1.418788562492172556e+00
9.280712180000106670e+00 -1.418852337991669987e+00
9.270129840000107535e+00 -1.418916257178345575e+00
9.259547500000108400e+00 -1.418980319524207889e+00
9.248965160000109265e+00 -1.419044530910392510e+00
9.238382820000110129e+00 -1.419108885770533401e+00
9.227800480000110994e+00 -1.419173386865377751e+00
9.217218140000111859e+00 -1.419238034879739097e+00
9.206635800000112724e+00 -1.419302829656936327e+00
9.196053460000113589e+00 -1.419367771124323108e+00
9.185471120000114453e+00 -1.419432863062783934e+00
9.174888780000115318e+00 -1.419498103241002562e+00
9.164306440000116183e+00 -1.419563491306900849e+00
9.153724100000117048e+00 -1.419629031021076626e+00
9.143141760000117912e+00 -1.419694718343559092e+00
9.132559420000118777e+00 -1.419760558976099096e+00
9.121977080000119642e+00 -1.419826548354198970e+00
9.111394740000120507e+00 -1.419892692082089791e+00
9.100812400000121372e+00 -1.419958983982739342e+00
9.090230060000122236e+00 -1.420025434256440011e+00
9.079647720000123101e+00 -1.420092032317082476e+00
9.069065380000123966e+00 -1.420158790105470192e+00
9.058483040000124831e+00 -1.420225698320747520e+00
9.047900700000125696e+00 -1.420292764012351494e+00
9.037318360000126560e+00 -1.420359982252067610e+00
9.026736020000127425e+00 -1.420427360083389656e+00
9.016153680000128290e+00 -1.420494890505138441e+00
9.005571340000129155e+00 -1.420562581115337508e+00
8.994989000000130019e+00 -1.420630433203133869e+00
8.984406660000130884e+00 -1.420698440279435815e+00
8.973824320000131749e+00 -1.420766602941561985e+00
8.963241980000132614e+00 -1.420834930810282781e+00
8.952659640000133479e+00 -1.420903412018511336e+00
8.942077300000134343e+00 -1.420972056529559380e+00
8.931494960000135208e+00 -1.421040861679969236e+00
8.920912620000136073e+00 -1.421109829085226650e+00
8.910330280000136938e+00 -1.421178956559532525e+00
8.899747940000137802e+00 -1.421248250707195293e+00
8.889165600000138667e+00 -1.421317704593144438e+00
8.878583260000139532e+00 -1.421387326141321461e+00
8.868000920000140397e+00 -1.421457110699958282e+00
8.857418580000141262e+00 -1.421527060052052427e+00
8.846836240000142126e+00 -1.421597175023629145e+00
8.836253900000142991e+00 -1.421667456389294815e+00
8.825671560000143856e+00 -1.421737905176095884e+00
8.815089220000144721e+00 -1.421808520689251232e+00
8.804506880000145586e+00 -1.421879304749135819e+00
8.793924540000146450e+00 -1.421950254219521703e+00
8.783342200000147315e+00 -1.422021377411025966e+00
8.772759860000148180e+00 -1.422092667029265067e+00
8.762177520000149045e+00 -1.422164127697740366e+00
8.751595180000149909e+00 -1.422235758276640727e+00
8.741012840000150774e+00 -1.422307561342097237e+00
8.730430500000151639e+00 -1.422379535394796335e+00
8.719848160000152504e+00 -1.422451682899091185e+00
8.709265820000153369e+00 -1.422524002932937570e+00
8.698683480000154233e+00 -1.422596497516924741e+00
8.688101140000155098e+00 -1.422669166725633705e+00
8.677518800000155963e+00 -1.422742011493819847e+00
8.666936460000156828e+00 -1.422815031057626856e+00
8.656354120000157693e+00 -1.422888230434532275e+00
8.645771780000158557e+00 -1.422961605914444094e+00
8.635189440000159422e+00 -1.423035165858647755e+00
8.624607100000160287e+00 -1.423108898124028077e+00
8.614024760000161152e+00 -1.423182809266561932e+00
8.603442420000162016e+00 -1.423256901068513436e+00
8.592860080000162881e+00 -1.423331172974881431e+00
8.582277740000163746e+00 -1.423405626812795033e+00
8.571695400000164611e+00 -1.423480260437677947e+00
8.561113060000165476e+00 -1.423555080080793900e+00
8.550530720000166340e+00 -1.423630079692206563e+00
8.539948380000167205e+00 -1.423705266739383912e+00
8.529366040000168070e+00 -1.423780636973234870e+00
8.518783700000168935e+00 -1.423856192079888894e+00
8.508201360000169799e+00 -1.423931933260328409e+00
8.497619020000170664e+00 -1.424007860974376483e+00
8.487036680000171529e+00 -1.424083976524869843e+00
8.476454340000172394e+00 -1.424160277929031881e+00
8.465872000000173259e+00 -1.424236771683642822e+00
8.455289660000174123e+00 -1.424313451003088815e+00
8.444707320000174988e+00 -1.424390324258184126e+00
8.434124980000175853e+00 -1.424467386837582117e+00
8.423542640000176718e+00 -1.424544640507098947e+00
8.412960300000177583e+00 -1.424622086794519182e+00
8.402377960000178447e+00 -1.424699725433526964e+00
8.391795620000179312e+00 -1.424777558529006560e+00
8.381213280000180177e+00 -1.424855584028948075e+00
8.370630940000181042e+00 -1.424933808287629278e+00
8.360048600000181906e+00 -1.425012224960067186e+00
8.349466260000182771e+00 -1.425090841273238818e+00
8.338883920000183636e+00 -1.425169653984320384e+00
8.328301580000184501e+00 -1.425248664308317981e+00
8.317719240000185366e+00 -1.425327873960045233e+00
8.307136900000186230e+00 -1.425407282448622581e+00
8.296554560000187095e+00 -1.425486891938279044e+00
8.285972220000187960e+00 -1.425566727568439607e+00
8.275389880000188825e+00 -1.425646743605749389e+00
8.264807540000189690e+00 -1.425726942370932004e+00
8.254225200000190554e+00 -1.425807345644951596e+00
8.243642860000191419e+00 -1.425888017885152292e+00
8.233060520000192284e+00 -1.425968838872468281e+00
8.222478180000193149e+00 -1.426049864980286630e+00
8.211895840000194013e+00 -1.426131092038045445e+00
8.201313500000194878e+00 -1.426212523697043100e+00
8.190731160000195743e+00 -1.426294249946372883e+00
8.180148820000196608e+00 -1.426376056961701000e+00
8.169566480000197473e+00 -1.426458147918300723e+00
8.158984140000198337e+00 -1.426540429015536127e+00
8.148401800000199202e+00 -1.426622905492578086e+00
8.137819460000200067e+00 -1.426705697944350870e+00
8.127237120000200932e+00 -1.426788558716932886e+00
8.116654780000201796e+00 -1.426871760199760253e+00
8.106072440000202661e+00 -1.426955086881200208e+00
8.095490100000203526e+00 -1.427038666451333260e+00
8.084907760000204391e+00 -1.427122407467862564e+00
8.074325420000205256e+00 -1.427206433521820861e+00
8.063743080000206120e+00 -1.427290669404457812e+00
8.053160740000206985e+00 -1.427375085232240659e+00
8.042578400000207850e+00 -1.427459702496234106e+00
8.031996060000208715e+00 -1.427544582811899110e+00
8.021413720000209580e+00 -1.427629741212992576e+00
8.010831380000210444e+00 -1.427714999150560438e+00
8.000249040000211309e+00 -1.427800550365960319e+00
7.915590320000218227e+00 -1.428493150929841971e+00
7.905007980000219092e+00 -1.428580656040935315e+00
7.894425640000219957e+00 -1.428668603218698374e+00
7.852096280000223416e+00 -1.429022134145528256e+00
7.841513940000224281e+00 -1.429111259428440750e+00
7.830931600000225146e+00 -1.429200472538113997e+00
7.820349260000226010e+00 -1.429290147429616464e+00
7.809766920000226875e+00 -1.429379679869821285e+00
7.799184580000227740e+00 -1.429469657726561760e+00
7.735690540000232929e+00 -1.430014513063202708e+00
7.725108200000233794e+00 -1.430106159164907798e+00
7.714525860000234658e+00 -1.430198035244316435e+00
7.672196500000238117e+00 -1.430568425799938703e+00
7.661614160000238982e+00 -1.430661430991662542e+00
7.651031820000239847e+00 -1.430755008320698352e+00
7.640449480000240712e+00 -1.430848747871241722e+00
7.513461400000251089e+00 -1.431993278271039394e+00
7.502879060000251954e+00 -1.432090653601263863e+00
7.492296720000252819e+00 -1.432188003325699288e+00
7.481714380000253684e+00 -1.432285475173095346e+00
7.418220340000258872e+00 -1.432877293526764628e+00
7.407638000000259737e+00 -1.432976970546308459e+00
7.397055660000260602e+00 -1.433077184540617388e+00
7.386473320000261467e+00 -1.433176957242760841e+00
7.375890980000262331e+00 -1.433277850033971346e+00
7.365308640000263196e+00 -1.433378553843451586e+00
7.322979280000266655e+00 -1.433784083511957963e+00
7.312396940000267520e+00 -1.433886797726792617e+00
7.301814600000268385e+00 -1.433989301085826451e+00
7.291232260000269250e+00 -1.434091568839133357e+00
7.280649920000270114e+00 -1.434195258957623231e+00
7.270067580000270979e+00 -1.434298604177617342e+00
7.259485240000271844e+00 -1.434401655401449815e+00
7.248902900000272709e+00 -1.434505663621743698e+00
7.238320560000273574e+00 -1.434610018330426007e+00
7.206573540000276168e+00 -1.434925442937393658e+00
7.195991200000277033e+00 -1.435030958201626072e+00
7.174826520000278762e+00 -1.435242959302450938e+00
7.164244180000279627e+00 -1.435348576257300168e+00
7.153661840000280492e+00 -1.435456156195716426e+00
7.143079500000281357e+00 -1.435563266963852724e+00
7.132497160000282221e+00 -1.435670714184283492e+00
7.121914820000283086e+00 -1.435777487764259508e+00
7.111332480000283951e+00 -1.435886569459154938e+00
7.100750140000284816e+00 -1.435993901610035151e+00
7.079585460000286545e+00 -1.436211576998395412e+00
7.069003120000287410e+00 -1.436320784698082109e+00
7.058420780000288275e+00 -1.436431642032347078e+00
7.047838440000289140e+00 -1.436541650768250689e+00
7.016091420000291734e+00 -1.436873673907657301e+00
7.005509080000292599e+00 -1.436985019263063545e+00
6.994926740000293464e+00 -1.437096702124087910e+00
6.984344400000294328e+00 -1.437208716859589286e+00
6.973762060000295193e+00 -1.437321090209933372e+00
6.963179720000296058e+00 -1.437433800117387195e+00
6.952597380000296923e+00 -1.437546846112665255e+00
6.920850360000299517e+00 -1.437888125910197656e+00
6.878521000000302976e+00 -1.438347993196298802e+00
6.867938660000303841e+00 -1.438463880940347162e+00
6.857356320000304706e+00 -1.438580030307608837e+00
6.846773980000305571e+00 -1.438696652807586407e+00
6.836191640000306435e+00 -1.438813680647585747e+00
6.825609300000307300e+00 -1.438931072535041711e+00
6.815026960000308165e+00 -1.439048702738794816e+00
6.772697600000311624e+00 -1.439523237173131909e+00
6.751532920000313354e+00 -1.439762742966372855e+00
6.730368240000315083e+00 -1.440003807268523950e+00
6.719785900000315948e+00 -1.440124946439566678e+00
6.709203560000316813e+00 -1.440246418516233362e+00
6.698621220000317678e+00 -1.440368294735149712e+00
6.688038880000318542e+00 -1.440490563807355295e+00
6.677456540000319407e+00 -1.440613224886262866e+00
6.666874200000320272e+00 -1.440736293614949926e+00
6.656291860000321137e+00 -1.440860004680115880e+00
6.645709520000322001e+00 -1.440983853198912312e+00
6.635127180000322866e+00 -1.441108069791482649e+00
6.624544840000323731e+00 -1.441232726495845995e+00
6.613962500000324596e+00 -1.441357813602014870e+00
6.603380160000325461e+00 -1.441483336839876950e+00
6.592797820000326325e+00 -1.441609278733394728e+00
6.582215480000327190e+00 -1.441735649888190363e+00
6.571633140000328055e+00 -1.441862336645297615e+00
6.561050800000328920e+00 -1.441989522666421886e+00
6.550468460000329785e+00 -1.442117143429038517e+00
6.539886120000330649e+00 -1.442245177104229503e+00
6.529303780000331514e+00 -1.442373651313495930e+00
6.518721440000332379e+00 -1.442502567337021535e+00
6.508139100000333244e+00 -1.442631906774461514e+00
6.497556760000334108e+00 -1.442761688506478013e+00
6.486974420000334973e+00 -1.442891903366833484e+00
6.476392080000335838e+00 -1.443022566753686009e+00
6.465809740000336703e+00 -1.443153676200368718e+00
6.455227400000337568e+00 -1.443285232557411923e+00
6.444645060000338432e+00 -1.443417244393342624e+00
6.434062720000339297e+00 -1.443549706703915581e+00
6.423480380000340162e+00 -1.443682633466315979e+00
6.412898040000341027e+00 -1.443816018664832557e+00
6.402315700000341891e+00 -1.443949866008592320e+00
6.391733360000342756e+00 -1.444084181811298606e+00
6.381151020000343621e+00 -1.444218966747620403e+00
6.370568680000344486e+00 -1.444354225934155078e+00
6.359986340000345351e+00 -1.444489960051176913e+00
6.349404000000346215e+00 -1.444626163197252788e+00
6.338821660000347080e+00 -1.444762862432235506e+00
6.328239320000347945e+00 -1.444900057003740024e+00
6.317656980000348810e+00 -1.445037730915351037e+00
6.307074640000349675e+00 -1.445175896507880697e+00
6.296492300000350539e+00 -1.445314559383787500e+00
6.285909960000351404e+00 -1.445453721198424857e+00
6.275327620000352269e+00 -1.445593387293430565e+00
6.264745280000353134e+00 -1.445733558712190003e+00
6.254162940000353998e+00 -1.445874241685127348e+00
6.243580600000354863e+00 -1.446015436500714735e+00
6.232998260000355728e+00 -1.446157152077744756e+00
6.222415920000356593e+00 -1.446299393000600508e+00
6.211833580000357458e+00 -1.446442152129183700e+00
6.201251240000358322e+00 -1.446585432316292108e+00
6.190668900000359187e+00 -1.446729264307277996e+00
6.180086560000360052e+00 -1.446873624482895693e+00
6.169504220000360917e+00 -1.447018544746335955e+00
6.158921880000361782e+00 -1.447163991700187058e+00
6.148339540000362646e+00 -1.447309985712931013e+00
6.137757200000363511e+00 -1.447456538032124040e+00
6.127174860000364376e+00 -1.447603647411276118e+00
6.116592520000365241e+00 -1.447751316493667284e+00
6.106010180000366105e+00 -1.447899553164451625e+00
6.095427840000366970e+00 -1.448048359729644741e+00
6.084845500000367835e+00 -1.448197742413544375e+00
6.074263160000368700e+00 -1.448347698314003562e+00
6.063680820000369565e+00 -1.448498248225189133e+00
6.053098480000370429e+00 -1.448649386412592888e+00
6.042516140000371294e+00 -1.448801115130654793e+00
6.031933800000372159e+00 -1.448953443148800480e+00
6.021351460000373024e+00 -1.449106369436593544e+00
6.010769120000373889e+00 -1.449259914061111321e+00
6.000186780000374753e+00 -1.449414068479810025e+00
5.989604440000375618e+00 -1.449568837502754226e+00
5.979022100000376483e+00 -1.449724236321697557e+00
5.968439760000377348e+00 -1.449880258898123664e+00
5.957857420000378212e+00 -1.450036916576930013e+00
5.947275080000379077e+00 -1.450194213281416955e+00
5.936692740000379942e+00 -1.450352155366342100e+00
5.926110400000380807e+00 -1.450510742761788263e+00
5.915528060000381672e+00 -1.450670000609450616e+00
5.904945720000382536e+00 -1.450829892517012887e+00
5.894363380000383401e+00 -1.450990486620776343e+00
5.883781040000384266e+00 -1.451151730328924305e+00
5.873198700000385131e+00 -1.451313664349448196e+00
5.862616360000385995e+00 -1.451476277914690360e+00
5.852034020000386860e+00 -1.451639583195769578e+00
5.841451680000387725e+00 -1.451803586909975463e+00
5.830869340000388590e+00 -1.451968293948761923e+00
5.820287000000389455e+00 -1.452133708612378893e+00
5.809704660000390319e+00 -1.452299862593793733e+00
5.799122320000391184e+00 -1.452466709542862944e+00
5.788539980000392049e+00 -1.452634307000453484e+00
5.777957640000392914e+00 -1.452802624523326536e+00
5.767375300000393779e+00 -1.452971691895614592e+00
5.756792960000394643e+00 -1.453141505794829147e+00
5.746210620000395508e+00 -1.453312077387912460e+00
5.735628280000396373e+00 -1.453483416582346699e+00
5.725045940000397238e+00 -1.453655532304598985e+00
5.714463600000398102e+00 -1.453828406388730343e+00
5.703881260000398967e+00 -1.454002087336795590e+00
5.693298920000399832e+00 -1.454176556007757082e+00
5.682716580000400697e+00 -1.454351823776742103e+00
5.672134240000401562e+00 -1.454527851796333815e+00
5.661551900000402426e+00 -1.454704751502109428e+00
5.650969560000403291e+00 -1.454882486181436896e+00
5.640387220000404156e+00 -1.455061042108506397e+00
5.629804880000405021e+00 -1.455240431301063619e+00
5.619222540000405886e+00 -1.455420671512670516e+00
5.608640200000406750e+00 -1.455601769078024521e+00
5.598057860000407615e+00 -1.455783743583881407e+00
5.587475520000408480e+00 -1.455966583842427386e+00
5.576893180000409345e+00 -1.456150317730133148e+00
5.566310840000410209e+00 -1.456334932359323986e+00
5.555728500000411074e+00 -1.456520456164270616e+00
5.545146160000411939e+00 -1.456706894926014240e+00
5.534563820000412804e+00 -1.456894247818781185e+00
5.523981480000413669e+00 -1.457082530741526050e+00
5.513399140000414533e+00 -1.457271751633354873e+00
5.502816800000415398e+00 -1.457461933019876366e+00
5.492234460000416263e+00 -1.457653068478210301e+00
5.481652120000417128e+00 -1.457845161877608930e+00
5.471069780000417992e+00 -1.458038246165960228e+00
5.460487440000418857e+00 -1.458232341303254964e+00
5.449905100000419722e+00 -1.458427416966198376e+00
5.439322760000420587e+00 -1.458623494053071123e+00
5.428740420000421452e+00 -1.458820597021747822e+00
5.418158080000422316e+00 -1.459018743504177040e+00
5.407575740000423181e+00 -1.459217912028529573e+00
5.396993400000424046e+00 -1.459418152147003767e+00
5.386411060000424911e+00 -1.459619458486822952e+00
5.375828720000425776e+00 -1.459821821213379556e+00
5.365246380000426640e+00 -1.460025308081698059e+00
5.354664040000427505e+00 -1.460229875920814102e+00
5.344081700000428370e+00 -1.460435564427286170e+00
5.333499360000429235e+00 -1.460642359671123991e+00
5.322917020000430099e+00 -1.460850315137095512e+00
5.312334680000430964e+00 -1.461059396315599113e+00
5.301752340000431829e+00 -1.461269660571896001e+00
5.291170000000432694e+00 -1.461481091838691793e+00
5.280587660000433559e+00 -1.461693706867017717e+00
5.270005320000434423e+00 -1.461907527150017705e+00
5.259422980000435288e+00 -1.462122581085370188e+00
5.248840640000436153e+00 -1.462338816884216186e+00
5.238258300000437018e+00 -1.462556355873110503e+00
5.227675960000437883e+00 -1.462775086875190533e+00
5.217093620000438747e+00 -1.462995149916562543e+00
5.206511280000439612e+00 -1.463216391335221411e+00
5.195928940000440477e+00 -1.463439057762063511e+00
5.185346600000441342e+00 -1.463663048205039896e+00
5.174764260000442206e+00 -1.463888311590014979e+00
5.164181920000443071e+00 -1.464114869523132079e+00
5.153599580000443936e+00 -1.464342839644540817e+00
5.143017240000444801e+00 -1.464572144824370037e+00
5.132434900000445666e+00 -1.464802870120669676e+00
5.121852560000446530e+00 -1.465034984036791332e+00
5.111270220000447395e+00 -1.465268544459953137e+00
5.100687880000448260e+00 -1.465503551356654333e+00
5.090105540000449125e+00 -1.465739974097642229e+00
5.079523200000449989e+00 -1.465977884189624048e+00
5.068940860000450854e+00 -1.466217289922653766e+00
5.058358520000451719e+00 -1.466458194538371673e+00
5.047776180000452584e+00 -1.466700617463184031e+00
5.037193840000453449e+00 -1.466944587039886727e+00
5.026611500000454313e+00 -1.467190103739732576e+00
5.016029160000455178e+00 -1.467437209004520682e+00
5.005446820000456043e+00 -1.467685893086868809e+00
4.994864480000456908e+00 -1.467936198861159669e+00
4.984282140000457773e+00 -1.468188126832103979e+00
4.973699800000458637e+00 -1.468441713505865831e+00
4.963117460000459502e+00 -1.468696956923493335e+00
4.952535120000460367e+00 -1.468953899155090781e+00
4.941952780000461232e+00 -1.469212541943288874e+00
4.931370440000462096e+00 -1.469472916900062209e+00
4.920788100000462961e+00 -1.469735045133136797e+00
4.910205760000463826e+00 -1.469998923232639587e+00
4.899623420000464691e+00 -1.470264609773687559e+00
4.889041080000465556e+00 -1.470532090253281243e+00
4.878458740000466420e+00 -1.470801409664792558e+00
4.867876400000467285e+00 -1.471072572810156576e+00
4.857294060000468150e+00 -1.471345620356177442e+00
4.846711720000469015e+00 -1.471620540559250401e+00
4.836129380000469880e+00 -1.471897409869949103e+00
4.825547040000470744e+00 -1.472176194468173938e+00
4.814964700000471609e+00 -1.472456950099304107e+00
4.804382360000472474e+00 -1.472739691021678121e+00
4.793800020000473339e+00 -1.473024433886377826e+00
4.783217680000474203e+00 -1.473311224273343267e+00
4.772635340000475068e+00 -1.473600045276297843e+00
4.762053000000475933e+00 -1.473890976834856481e+00
4.751470660000476798e+00 -1.474184007618971393e+00
4.740888320000477663e+00 -1.474479146023963017e+00
4.730305980000478527e+00 -1.474776444800241837e+00
4.719723640000479392e+00 -1.475075920333201118e+00
4.709141300000480257e+00 -1.475377595404684161e+00
4.698558960000481122e+00 -1.475681501392503980e+00
4.687976620000481986e+00 -1.475987657312217705e+00
4.677394280000482851e+00 -1.476296114323260023e+00
4.666811940000483716e+00 -1.476606837794849802e+00
4.656229600000484581e+00 -1.476919937830666996e+00
4.645647260000485446e+00 -1.477235372982423689e+00
4.635064920000486310e+00 -1.477553204769115780e+00
4.624482580000487175e+00 -1.477873472041006941e+00
4.613900240000488040e+00 -1.478196142652297818e+00
4.603317900000488905e+00 -1.478521327820206510e+00
4.592735560000489770e+00 -1.478848975825674206e+00
4.582153220000490634e+00 -1.479179195964809512e+00
4.571570880000491499e+00 -1.479511931009066306e+00
4.560988540000492364e+00 -1.479847249448209112e+00
4.550406200000493229e+00 -1.480185233334504025e+00
4.539823860000494093e+00 -1.480525845257488315e+00
4.529241520000494958e+00 -1.480869133894344269e+00
4.518659180000495823e+00 -1.481215133511783799e+00
4.508076840000496688e+00 -1.481563870268133520e+00
4.497494500000497553e+00 -1.481915387087833436e+00
4.486912160000498417e+00 -1.482269692054267951e+00
4.476329820000499282e+00 -1.482626847260764436e+00
4.465747480000500147e+00 -1.482986864224745682e+00
4.455165140000501012e+00 -1.483349781753202867e+00
4.444582800000501877e+00 -1.483715632745207902e+00
4.434000460000502741e+00 -1.484084447330843881e+00
4.423418120000503606e+00 -1.484456269841895937e+00
4.412835780000504471e+00 -1.484831120510946123e+00
4.402253440000505336e+00 -1.485209071727485730e+00
4.391671100000506200e+00 -1.485590099081483428e+00
4.381088760000507065e+00 -1.485974256581287234e+00
4.370506420000507930e+00 -1.486361594210330761e+00
4.359924080000508795e+00 -1.486752129823216029e+00
4.349341740000509660e+00 -1.487145923423336624e+00
4.338759400000510524e+00 -1.487542985558613751e+00
4.328177060000511389e+00 -1.487943358990998499e+00
4.317594720000512254e+00 -1.488347109918283451e+00
4.307012380000513119e+00 -1.488754223046606429e+00
4.296430040000513984e+00 -1.489164800389387366e+00
4.285847700000514848e+00 -1.489578804199695350e+00
4.275265360000515713e+00 -1.489996335752928447e+00
4.264683020000516578e+00 -1.490417408916722364e+00
4.254100680000517443e+00 -1.490842056696692675e+00
4.243518340000518307e+00 -1.491270314249919071e+00
4.232936000000519172e+00 -1.491702264355232455e+00
4.222353660000520037e+00 -1.492137874668451492e+00
4.211771320000520902e+00 -1.492577257734621909e+00
4.201188980000521767e+00 -1.493020400705713957e+00
4.190606640000522631e+00 -1.493467377263872020e+00
4.180024300000523496e+00 -1.493918203779455167e+00
4.169441960000524361e+00 -1.494372960565664821e+00
4.158859620000525226e+00 -1.494831661192467465e+00
4.148277280000526090e+00 -1.495294317533719441e+00
4.137694940000526955e+00 -1.495761011439829424e+00
4.127112600000527820e+00 -1.496231775094257976e+00
4.116530260000528685e+00 -1.496706652536138771e+00
4.105947920000529550e+00 -1.497185747434103487e+00
4.095365580000530414e+00 -1.497668963323839364e+00
4.084783240000531279e+00 -1.498156379506830671e+00
4.074200900000532144e+00 -1.498648186685743511e+00
4.063618560000533009e+00 -1.499144295315007369e+00
4.053036220000533874e+00 -1.499644859272520003e+00
4.042453880000534738e+00 -1.500149725979949000e+00
4.031871540000535603e+00 -1.500659096779348944e+00
4.021289200000536468e+00 -1.501172935174570178e+00
4.010706860000537333e+00 -1.501691388654586623e+00
4.000124520000538197e+00 -1.502214456664914488e+00
3.989542180000539062e+00 -1.502742150359529294e+00
3.978959840000539927e+00 -1.503274527075723732e+00
3.968377500000540792e+00 -1.503811695785840508e+00
3.957795160000541657e+00 -1.504353576811670479e+00
3.947212820000542521e+00 -1.504900341342946257e+00
3.936630480000543386e+00 -1.505451981079027446e+00
3.926048140000544251e+00 -1.506008542866083433e+00
3.915465800000545116e+00 -1.506570088822870357e+00
3.904883460000545981e+00 -1.507136689423018039e+00
3.894301120000546845e+00 -1.507708305603747689e+00
3.883718780000547710e+00 -1.508285070079898871e+00
3.873136440000548575e+00 -1.508867008281474575e+00
3.862554100000549440e+00 -1.509454162595692983e+00
3.851971760000550304e+00 -1.510046588337714102e+00
3.841389420000551169e+00 -1.510644336747225314e+00
3.830807080000552034e+00 -1.511247417813657679e+00
3.820224740000552899e+00 -1.511855941747599630e+00
3.809642400000553764e+00 -1.512469900874669371e+00
3.799060060000554628e+00 -1.513089394380431774e+00
3.788477720000555493e+00 -1.513714439044610227e+00
3.777895380000556358e+00 -1.514345090561767471e+00
3.767313040000557223e+00 -1.514981396328908714e+00
3.756730700000558087e+00 -1.515623418137821865e+00
3.746148360000558952e+00 -1.516271192991849981e+00
3.735566020000559817e+00 -1.516924783489790540e+00
3.724983680000560682e+00 -1.517584185003119535e+00
3.714401340000561547e+00 -1.518249517109018676e+00
3.703819000000562411e+00 -1.518920858797365048e+00
3.693236660000563276e+00 -1.519598138780945629e+00
3.682654320000564141e+00 -1.520281464206141075e+00
3.672071980000565006e+00 -1.520970897825558943e+00
3.661489640000565871e+00 -1.521666459416494366e+00
3.650907300000566735e+00 -1.522368202376305879e+00
3.640324960000567600e+00 -1.523076219724421199e+00
3.629742620000568465e+00 -1.523790518155111240e+00
3.619160280000569330e+00 -1.524511140016413746e+00
3.608577940000570194e+00 -1.525238149708614932e+00
3.597995600000571059e+00 -1.525971586988830841e+00
3.587413260000571924e+00 -1.526711502403974130e+00
3.576830920000572789e+00 -1.527457959342406024e+00
3.566248580000573654e+00 -1.528210950814856917e+00
3.555666240000574518e+00 -1.528970567031038064e+00
3.545083900000575383e+00 -1.529736844390281458e+00
3.534501560000576248e+00 -1.530509829338732031e+00
3.523919220000577113e+00 -1.531289563302590251e+00
3.513336880000577978e+00 -1.532076098127805208e+00
3.502754540000578842e+00 -1.532869436645931227e+00
3.492172200000579707e+00 -1.533669667927874292e+00
3.481589860000580572e+00 -1.534476825791854626e+00
3.471007520000581437e+00 -1.535290934375242777e+00
3.460425180000582301e+00 -1.536112055613348959e+00
3.449842840000583166e+00 -1.536940285110419468e+00
3.439260500000584031e+00 -1.537775451807601668e+00
3.428678160000584896e+00 -1.538617814161462594e+00
3.418095820000585761e+00 -1.539467320148987906e+00
3.407513480000586625e+00 -1.540324044153964067e+00
3.396931140000587490e+00 -1.541188032343029368e+00
3.386348800000588355e+00 -1.542059203186417093e+00
3.375766460000589220e+00 -1.542937705591013398e+00
3.365184120000590084e+00 -1.543823559658624278e+00
3.354601780000590949e+00 -1.544716795104251750e+00
3.344019440000591814e+00 -1.545617452155783056e+00
3.333437100000592679e+00 -1.546525501560940707e+00
3.322854760000593544e+00 -1.547440997411399399e+00
3.312272420000594408e+00 -1.548364026458259879e+00
3.301690080000595273e+00 -1.549294545133983236e+00
3.291107740000596138e+00 -1.550232589385118320e+00
3.280525400000597003e+00 -1.551178222551755859e+00
3.269943060000597868e+00 -1.552131446465956355e+00
3.259360720000598732e+00 -1.553092281917967998e+00
3.248778380000599597e+00 -1.554060753933538042e+00
3.238196040000600462e+00 -1.555036917476114500e+00
3.227613700000601327e+00 -1.556020720087737175e+00
3.217031360000602191e+00 -1.557012227564678941e+00
3.206449020000603056e+00 -1.558011440356747102e+00
3.195866680000603921e+00 -1.559018398269591321e+00
3.185284340000604786e+00 -1.560033073591279962e+00
3.174702000000605651e+00 -1.561055507929208330e+00
3.164119660000606515e+00 -1.562085715486404291e+00
3.153537320000607380e+00 -1.563123669937338089e+00
3.142954980000608245e+00 -1.564169437399811846e+00
3.132372640000609110e+00 -1.565222935342307942e+00
3.121790300000609975e+00 -1.566284265673560272e+00
3.111207960000610839e+00 -1.567353364653310877e+00
3.100625620000611704e+00 -1.568430231471812153e+00
3.090043280000612569e+00 -1.569514954204022095e+00
3.079460940000613434e+00 -1.570607429994044235e+00
3.068878600000614298e+00 -1.571707697133029935e+00
3.058296260000615163e+00 -1.572815713292303519e+00
3.047713920000616028e+00 -1.573931527037581546e+00
3.037131580000616893e+00 -1.575055082018700814e+00
3.026549240000617758e+00 -1.576186390475442733e+00
3.015966900000618622e+00 -1.577325483454408372e+00
3.005384560000619487e+00 -1.578472186517122511e+00
2.994802220000620352e+00 -1.579626684467684949e+00
2.984219880000621217e+00 -1.580788870911477684e+00
2.973637540000622081e+00 -1.581958669224969416e+00
2.963055200000622946e+00 -1.583136090654336803e+00
2.952472860000623811e+00 -1.584321126298713134e+00
2.941890520000624676e+00 -1.585513782622889334e+00
2.931308180000625541e+00 -1.586713946983115520e+00
2.920725840000626405e+00 -1.587921638391182277e+00
2.910143500000627270e+00 -1.589136784308596617e+00
2.899561160000628135e+00 -1.590359495876065621e+00
2.888978820000629000e+00 -1.591589541778623218e+00
2.878396480000629865e+00 -1.592826982694358628e+00
2.867814140000630729e+00 -1.594071752719698365e+00
2.857231800000631594e+00 -1.595323830671466769e+00
2.846649460000632459e+00 -1.596583190933515972e+00
2.836067120000633324e+00 -1.597849658148811525e+00
2.825484780000634188e+00 -1.599123321379584350e+00
2.814902440000635053e+00 -1.600404078487889237e+00
2.804320100000635918e+00 -1.601691906131014420e+00
2.793737760000636783e+00 -1.602986699956899130e+00
2.783155420000637648e+00 -1.604288425148818753e+00
2.772573080000638512e+00 -1.605597027236949970e+00
2.761990740000639377e+00 -1.606912446636188374e+00
2.751408400000640242e+00 -1.608234579666355746e+00
2.740826060000641107e+00 -1.609563408272913998e+00
2.730243720000641972e+00 -1.610898841302945694e+00
2.719661380000642836e+00 -1.612240886778901761e+00
2.709079040000643701e+00 -1.613589302018283655e+00
2.698496700000644566e+00 -1.614944093379085954e+00
2.687914360000645431e+00 -1.616305249957565637e+00
2.677332020000646295e+00 -1.617672621154794710e+00
2.666749680000647160e+00 -1.619046176496096834e+00
2.656167340000648025e+00 -1.620425777802906087e+00
2.645585000000648890e+00 -1.621811379061021352e+00
2.635002660000649755e+00 -1.623202985782451258e+00
2.624420320000650619e+00 -1.624600282747351798e+00
2.613837980000651484e+00 -1.626003332129761558e+00
2.603255640000652349e+00 -1.627411945288224526e+00
2.592673300000653214e+00 -1.628826132136375504e+00
2.582090960000654078e+00 -1.630245738587974502e+00
2.571508620000654943e+00 -1.631670672262439004e+00
2.560926280000655808e+00 -1.633100829128160125e+00
2.550343940000656673e+00 -1.634536131163148331e+00
2.539761600000657538e+00 -1.635976433591099122e+00
2.529179260000658402e+00 -1.637421600685190715e+00
2.518596920000659267e+00 -1.638871595358919908e+00
2.508014580000660132e+00 -1.640326276217078494e+00
2.497432240000660997e+00 -1.641785516773758280e+00
2.486849900000661862e+00 -1.643249211603839077e+00
2.476267560000662726e+00 -1.644717210200937751e+00
2.465685220000663591e+00 -1.646189412756193793e+00
2.455102880000664456e+00 -1.647665693703723955e+00
2.444520540000665321e+00 -1.649145909084926309e+00
2.433938200000666185e+00 -1.650629964732097665e+00
2.423355860000667050e+00 -1.652117680169034930e+00
2.412773520000667915e+00 -1.653608982834134045e+00
2.402191180000668780e+00 -1.655103595359648017e+00
2.391608840000669645e+00 -1.656601505308057387e+00
2.381026500000670509e+00 -1.658102517566728107e+00
2.370444160000671374e+00 -1.659606505800423237e+00
2.359861820000672239e+00 -1.661113291995171881e+00
2.349279480000673104e+00 -1.662622774467227726e+00
2.338697140000673969e+00 -1.664134702303169622e+00
2.328114800000674833e+00 -1.665648972883711831e+00
2.317532460000675698e+00 -1.667165443329097663e+00
2.306950120000676563e+00 -1.668683814539773325e+00
2.296367780000677428e+00 -1.670204067368971534e+00
2.285785440000678292e+00 -1.671726062582959305e+00
2.275203100000679157e+00 -1.673249407767764207e+00
2.264620760000680022e+00 -1.674773999092998844e+00
2.254038420000680887e+00 -1.676299676251894688e+00
2.243456080000681752e+00 -1.677826221163046361e+00
2.232873740000682616e+00 -1.679353405866877536e+00
2.222291400000683481e+00 -1.680881098712308619e+00
2.211709060000684346e+00 -1.682409016292054638e+00
2.201126720000685211e+00 -1.683936992999546467e+00
2.190544380000686076e+00 -1.685464760279465013e+00
2.179962040000686940e+00 -1.686992110113701981e+00
2.169379700000687805e+00 -1.688518806885298096e+00
2.158797360000688670e+00 -1.690044608126401560e+00
2.148215020000689535e+00 -1.691569276890759532e+00
2.137632680000690399e+00 -1.693092463854861451e+00
2.127050340000691264e+00 -1.694613998287484824e+00
2.116468000000692129e+00 -1.696133626480965217e+00
2.105885660000692994e+00 -1.697650990618585931e+00
2.095303320000693859e+00 -1.699165840927094884e+00
2.084720980000694723e+00 -1.700677899903346502e+00
2.074138640000695588e+00 -1.702186874026658359e+00
2.063556300000696453e+00 -1.703692339409556666e+00
2.052973960000697318e+00 -1.705194097122957109e+00
2.042391620000698182e+00 -1.706691739152814469e+00
2.031809280000699047e+00 -1.708184991608438619e+00
2.021226940000699912e+00 -1.709673430804699912e+00
2.010644600000700777e+00 -1.711156742861220437e+00
2.000062260000701642e+00 -1.712634492969179689e+00
1.989479920000702506e+00 -1.714106325582462453e+00
1.978897580000703371e+00 -1.715571918361650461e+00
1.968315240000704236e+00 -1.717030727857953742e+00
1.957732900000705101e+00 -1.718482393891644033e+00
1.947150560000705966e+00 -1.719926470026438059e+00
1.936568220000706830e+00 -1.721362634627210619e+00
1.925985880000707695e+00 -1.722790155730276052e+00
1.915403540000708560e+00 -1.724208679422131851e+00
1.904821200000709425e+00 -1.725617701932525172e+00
1.894238860000710289e+00 -1.727016730584344240e+00
1.883656520000711154e+00 -1.728405213754750092e+00
1.873074180000712019e+00 -1.729782610638288531e+00
1.862491840000712884e+00 -1.731148358697514045e+00
1.851909500000713749e+00 -1.732501873492491296e+00
1.841327160000714613e+00 -1.733842550231490032e+00
1.830744820000715478e+00 -1.735169771044811293e+00
1.820162480000716343e+00 -1.736482861618314999e+00
1.809580140000717208e+00 -1.737781185083379309e+00
1.798997800000718073e+00 -1.739064118983979723e+00
1.788415460000718937e+00 -1.740330786564312060e+00
1.777833120000719802e+00 -1.741580561292839668e+00
1.767250780000720667e+00 -1.742812712194733216e+00
1.756668440000721532e+00 -1.744026380707959678e+00
1.746086100000722396e+00 -1.745220785645207107e+00
1.735503760000723261e+00 -1.746395103654275305e+00
1.724921420000724126e+00 -1.747548437304869973e+00
1.714339080000724991e+00 -1.748679863558873837e+00
1.703756740000725856e+00 -1.749788504473544171e+00
1.693174400000726720e+00 -1.750873341515063908e+00
1.682592060000727585e+00 -1.751933415593160737e+00
1.672009720000728450e+00 -1.752967686479701470e+00
1.661427380000729315e+00 -1.753975063015645874e+00
1.650845040000730179e+00 -1.754954491535562600e+00
1.640262700000731044e+00 -1.755904738333827320e+00
1.629680360000731909e+00 -1.756824651811332183e+00
1.619098020000732774e+00 -1.757713017756195928e+00
1.608515680000733639e+00 -1.758568506516676733e+00
1.597933340000734503e+00 -1.759389820447710084e+00
1.587351000000735368e+00 -1.760175572074664130e+00
1.576768660000736233e+00 -1.760924444066595651e+00
1.566186320000737098e+00 -1.761634725241654431e+00
1.555603980000737963e+00 -1.762304979889578460e+00
1.545021640000738827e+00 -1.762933653704967130e+00
1.534439300000739692e+00 -1.763518993455820860e+00
1.523856960000740557e+00 -1.764059368198823918e+00
1.513274620000741422e+00 -1.764552946284028589e+00
1.502692280000742286e+00 -1.764997821772936515e+00
1.492109940000743151e+00 -1.765392115638819037e+00
1.481527600000744016e+00 -1.765733785920070353e+00
1.470945260000744881e+00 -1.766020726766466709e+00
1.460362920000745746e+00 -1.766250786679221418e+00
1.449780580000746610e+00 -1.766421703141056954e+00
1.439198240000747475e+00 -1.766531042123191897e+00
1.428615900000748340e+00 -1.766576446743332474e+00
1.418033560000749205e+00 -1.766555274441954149e+00
1.407451220000750070e+00 -1.766464867967935559e+00
1.396868880000750934e+00 -1.766302540052502978e+00
1.386286540000751799e+00 -1.766065228798178621e+00
1.375704200000752664e+00 -1.765750039059462484e+00
1.365121860000753529e+00 -1.765353751522953596e+00
1.354539520000754393e+00 -1.764873197022226892e+00
1.343957180000755258e+00 -1.764304775735754616e+00
1.333374840000756123e+00 -1.763645054342299456e+00
1.322792500000756988e+00 -1.762890210721530293e+00
1.312210160000757853e+00 -1.762036323081971334e+00
1.301627820000758717e+00 -1.761079416978123424e+00
1.291045480000759582e+00 -1.760015120813362310e+00
1.280463140000760447e+00 -1.758839104170686563e+00
1.269880800000761312e+00 -1.757546588658418729e+00
1.259298460000762176e+00 -1.756132770354574157e+00
1.248716120000763041e+00 -1.754592548618312486e+00
1.238133780000763906e+00 -1.752920595455966790e+00
1.227551440000764771e+00 -1.751111136021384462e+00
1.216969100000765636e+00 -1.749158622108858863e+00
1.206386760000766500e+00 -1.747056856919797951e+00
1.195804420000767365e+00 -1.744799256076513760e+00
1.185222080000768230e+00 -1.742379309013129429e+00
1.174639740000769095e+00 -1.739789781503653820e+00
1.164057400000769960e+00 -1.737023347457529621e+00
1.153475060000770824e+00 -1.734072271353143124e+00
1.142892720000771689e+00 -1.730928362148715705e+00
1.132310380000772554e+00 -1.727583075663028378e+00
1.121728040000773419e+00 -1.724027388697570329e+00
1.111145700000774283e+00 -1.720252010932775688e+00
1.100563360000775148e+00 -1.716246774948596565e+00
1.089981020000776013e+00 -1.712001570125121441e+00
1.079398680000776878e+00 -1.707505132194096387e+00
1.068816340000777743e+00 -1.702746125752945483e+00
1.058234000000778607e+00 -1.697712405383908552e+00
