1.058234000000000030e+01 -1.214026675215333473e+00
1.057175766000000117e+01 -1.214087697836085944e+00
1.056117532000000203e+01 -1.214148846872092236e+00
1.055059298000000290e+01 -1.214210121412058863e+00
1.054001064000000376e+01 -1.214271516819949381e+00
1.052942830000000463e+01 -1.214333040006119191e+00
1.051884596000000549e+01 -1.214394685944046648e+00
1.050826362000000636e+01 -1.214456461580515567e+00
1.049768128000000722e+01 -1.214518358550884747e+00
1.048709894000000808e+01 -1.214580387045043564e+00
1.047651660000000895e+01 -1.214642539042064096e+00
1.046593426000000981e+01 -1.214704820539915353e+00
1.045535192000001068e+01 -1.214767231250399426e+00
1.044476958000001154e+01 -1.214829766247907950e+00
1.043418724000001241e+01 -1.214892432685046320e+00
1.042360490000001327e+01 -1.214955225235303304e+00
1.041302256000001414e+01 -1.215018151088814946e+00
1.040244022000001500e+01 -1.215081208693209014e+00
1.039185788000001587e+01 -1.215144390581009981e+00
1.038127554000001673e+01 -1.215207703455860822e+00
1.037069320000001760e+01 -1.215271149397435302e+00
1.036011086000001846e+01 -1.215334728217459359e+00
1.034952852000001933e+01 -1.215398434873316447e+00
1.033894618000002019e+01 -1.215462276658729746e+00
1.032836384000002106e+01 -1.215526248155388567e+00
1.031778150000002192e+01 -1.215590353125552081e+00
1.030719916000002279e+01 -1.215654597628831324e+00
1.029661682000002365e+01 -1.215718969502912028e+00
1.028603448000002452e+01 -1.215783478616624169e+00
1.027545214000002538e+01 -1.215848119499671531e+00
1.026486980000002625e+01 -1.215912899565330552e+00
1.025428746000002711e+01 -1.215977810148493266e+00
1.024370512000002797e+01 -1.216042861697087085e+00
1.023312278000002884e+01 -1.216108045689928474e+00
1.022254044000002970e+01 -1.216173369513192659e+00
1.021195810000003057e+01 -1.216238831723420288e+00
1.020137576000003143e+01 -1.216304427563074553e+00
1.019079342000003230e+01 -1.216370164552287747e+00
1.018021108000003316e+01 -1.216436037126193748e+00
1.016962874000003403e+01 -1.216502052847137083e+00
1.015904640000003489e+01 -1.216568202926987530e+00
1.014846406000003576e+01 -1.216634497920313196e+00
1.013788172000003662e+01 -1.216700929767297712e+00
1.012729938000003749e+01 -1.216767504426033764e+00
1.011671704000003835e+01 -1.216834221978005282e+00
1.010613470000003922e+01 -1.216901077067571446e+00
1.009555236000004008e+01 -1.216968077369084300e+00
1.008497002000004095e+01 -1.217035217218960685e+00
1.007438768000004181e+01 -1.217102504333266388e+00
1.006380534000004268e+01 -1.217169929797648376e+00
1.005322300000004354e+01 -1.217237507514699946e+00
1.004264066000004441e+01 -1.217305222944672582e+00
1.003205832000004527e+01 -1.217373085265462951e+00
1.002147598000004614e+01 -1.217441094670195900e+00
1.001089364000004700e+01 -1.217509245674959661e+00
1.000031130000004786e+01 -1.217577546111322739e+00
9.989728960000048730e+00 -1.217645990215417529e+00
9.979146620000049595e+00 -1.217714585861789489e+00
9.968564280000050459e+00 -1.217783324006542323e+00
9.957981940000051324e+00 -1.217852215427870810e+00
9.947399600000052189e+00 -1.217921252044108282e+00
9.936817260000053054e+00 -1.217990439791052815e+00
9.926234920000053918e+00 -1.218059778976875451e+00
9.915652580000054783e+00 -1.218129263986133193e+00
9.905070240000055648e+00 -1.218198902812563933e+00
9.894487900000056513e+00 -1.218268689589361298e+00
9.883905560000057378e+00 -1.218338632354666107e+00
9.873323220000058242e+00 -1.218408726077227389e+00
9.862740880000059107e+00 -1.218478969215434304e+00
9.852158540000059972e+00 -1.218549366113926169e+00
9.841576200000060837e+00 -1.218619918551670400e+00
9.830993860000061701e+00 -1.218690626955803991e+00
9.820411520000062566e+00 -1.218761485575761139e+00
9.809829180000063431e+00 -1.218832502572599008e+00
9.799246840000064296e+00 -1.218903671974036484e+00
9.788664500000065161e+00 -1.218974998211310723e+00
9.778082160000066025e+00 -1.219046487490509367e+00
9.767499820000066890e+00 -1.219118126923076639e+00
9.756917480000067755e+00 -1.219189927344163982e+00
9.746335140000068620e+00 -1.219261882721678347e+00
9.735752800000069485e+00 -1.219334001358545860e+00
9.725170460000070349e+00 -1.219406273863871126e+00
9.714588120000071214e+00 -1.219478711323295439e+00
9.704005780000072079e+00 -1.219551304904405331e+00
9.693423440000072944e+00 -1.219624066172457555e+00
9.682841100000073808e+00 -1.219696986609858591e+00
9.672258760000074673e+00 -1.219770064451889846e+00
9.661676420000075538e+00 -1.219843308130732940e+00
9.651094080000076403e+00 -1.219916711504452023e+00
9.640511740000077268e+00 -1.219990283053355773e+00
9.629929400000078132e+00 -1.220064013244187118e+00
9.619347060000078997e+00 -1.220137913290131770e+00
9.608764720000079862e+00 -1.220211975071507027e+00
9.598182380000080727e+00 -1.220286204485067083e+00
9.587600040000081592e+00 -1.220360602280151419e+00
9.577017700000082456e+00 -1.220435162344147173e+00
9.566435360000083321e+00 -1.220509893290905090e+00
9.555853020000084186e+00 -1.220584788865712644e+00
9.545270680000085051e+00 -1.220659857732021791e+00
9.534688340000085915e+00 -1.220735090210534945e+00
9.524106000000086780e+00 -1.220810497646126036e+00
9.513523660000087645e+00 -1.220886071908791948e+00
9.502941320000088510e+00 -1.220961818884565009e+00
9.492358980000089375e+00 -1.221037739456511284e+00
9.481776640000090239e+00 -1.221113827363455195e+00
9.471194300000091104e+00 -1.221190091406927580e+00
9.460611960000091969e+00 -1.221266525216467391e+00
9.450029620000092834e+00 -1.221343137644881782e+00
9.439447280000093699e+00 -1.221419918862639786e+00
9.428864940000094563e+00 -1.221496880351004899e+00
9.418282600000095428e+00 -1.221574013969762174e+00
9.407700260000096293e+00 -1.221651325594377502e+00
9.397117920000097158e+00 -1.221728816246298255e+00
9.386535580000098022e+00 -1.221806479511684751e+00
9.375953240000098887e+00 -1.221884324386033116e+00
9.365370900000099752e+00 -1.221962344380089549e+00
9.354788560000100617e+00 -1.222040548542405736e+00
9.344206220000101482e+00 -1.222118935074160362e+00
9.333623880000102346e+00 -1.222197494809952545e+00
9.323041540000103211e+00 -1.222276236628539570e+00
9.312459200000104076e+00 -1.222355161968854631e+00
9.301876860000104941e+00 -1.222434271995449517e+00
9.291294520000105805e+00 -1.222513560137602706e+00
9.280712180000106670e+00 -1.222593035591433841e+00
9.270129840000107535e+00 -1.222672691745713136e+00
9.259547500000108400e+00 -1.222752533833419086e+00
9.248965160000109265e+00 -1.222832568247882667e+00
9.238382820000110129e+00 -1.222912781257583958e+00
9.227800480000110994e+00 -1.222993184851117521e+00
9.217218140000111859e+00 -1.223073772348007182e+00
9.206635800000112724e+00 -1.223154553114673027e+00
9.196053460000113589e+00 -1.223235516918544263e+00
9.185471120000114453e+00 -1.223316675611297422e+00
9.174888780000115318e+00 -1.223398020008410025e+00
9.164306440000116183e+00 -1.223479559017734086e+00
9.153724100000117048e+00 -1.223561290978474769e+00
9.143141760000117912e+00 -1.223643210086481581e+00
9.132559420000118777e+00 -1.223725325863814106e+00
9.121977080000119642e+00 -1.223807631502838333e+00
9.111394740000120507e+00 -1.223890136583411170e+00
9.100812400000121372e+00 -1.223972830707315884e+00
9.090230060000122236e+00 -1.224055725880570211e+00
9.079647720000123101e+00 -1.224138813928695280e+00
9.069065380000123966e+00 -1.224222100691805926e+00
9.058483040000124831e+00 -1.224305587723912403e+00
9.047900700000125696e+00 -1.224389268033034828e+00
9.037318360000126560e+00 -1.224473151360153445e+00
9.026736020000127425e+00 -1.224557230767076010e+00
9.016153680000128290e+00 -1.224641516054597368e+00
9.005571340000129155e+00 -1.224725996654158600e+00
8.994989000000130019e+00 -1.224810688794423008e+00
8.984406660000130884e+00 -1.224895576176268541e+00
8.973824320000131749e+00 -1.224980668683585572e+00
8.963241980000132614e+00 -1.225065968032762909e+00
8.952659640000133479e+00 -1.225151467058560595e+00
8.942077300000134343e+00 -1.225237175728759675e+00
8.931494960000135208e+00 -1.225323086970879549e+00
8.920912620000136073e+00 -1.225409210814595973e+00
8.910330280000136938e+00 -1.225495536516241435e+00
8.899747940000137802e+00 -1.225582076407310650e+00
8.889165600000138667e+00 -1.225668822296088756e+00
8.878583260000139532e+00 -1.225755780004710305e+00
8.868000920000140397e+00 -1.225842951417768223e+00
8.857418580000141262e+00 -1.225930329191938117e+00
8.846836240000142126e+00 -1.226017923529763465e+00
8.836253900000142991e+00 -1.226105727221023178e+00
8.825671560000143856e+00 -1.226193750532446725e+00
8.815089220000144721e+00 -1.226281987299469911e+00
8.804506880000145586e+00 -1.226370435747551335e+00
8.793924540000146450e+00 -1.226459101955023279e+00
8.783342200000147315e+00 -1.226547986976342930e+00
8.772759860000148180e+00 -1.226637092870730861e+00
8.762177520000149045e+00 -1.226726412111541098e+00
8.751595180000149909e+00 -1.226815955144789694e+00
8.741012840000150774e+00 -1.226905714618599985e+00
8.730430500000151639e+00 -1.226995701045418663e+00
8.719848160000152504e+00 -1.227085908141887671e+00
8.709265820000153369e+00 -1.227176334112166423e+00
8.698683480000154233e+00 -1.227266988031028072e+00
8.688101140000155098e+00 -1.227357862466171401e+00
8.677518800000155963e+00 -1.227448968070496083e+00
8.666936460000156828e+00 -1.227540293629455270e+00
8.656354120000157693e+00 -1.227631851926836548e+00
8.645771780000158557e+00 -1.227723633379859125e+00
8.635189440000159422e+00 -1.227815652322794326e+00
8.624607100000160287e+00 -1.227907898162159395e+00
8.614024760000161152e+00 -1.228000368852820046e+00
8.603442420000162016e+00 -1.228093075237527643e+00
8.592860080000162881e+00 -1.228186009736184525e+00
8.582277740000163746e+00 -1.228279183261875129e+00
8.571695400000164611e+00 -1.228372584406094647e+00
8.561113060000165476e+00 -1.228466226141850637e+00
8.550530720000166340e+00 -1.228560100251943954e+00
8.539948380000167205e+00 -1.228654212531527401e+00
8.529366040000168070e+00 -1.228748565517087332e+00
8.518783700000168935e+00 -1.228843151188758309e+00
8.508201360000169799e+00 -1.228937980656740425e+00
8.497619020000170664e+00 -1.229033046188878986e+00
8.487036680000171529e+00 -1.229128358968278878e+00
8.476454340000172394e+00 -1.229223907386823411e+00
8.465872000000173259e+00 -1.229319704614107334e+00
8.455289660000174123e+00 -1.229415742427358404e+00
8.444707320000174988e+00 -1.229512026615630305e+00
8.434124980000175853e+00 -1.229608559915268629e+00
8.423542640000176718e+00 -1.229705334103283532e+00
8.412960300000177583e+00 -1.229802360567371800e+00
8.402377960000178447e+00 -1.229899631419214323e+00
8.391795620000179312e+00 -1.229997158122217105e+00
8.381213280000180177e+00 -1.230094928862813797e+00
8.370630940000181042e+00 -1.230192957014848432e+00
8.360048600000181906e+00 -1.230291234350858076e+00
8.349466260000182771e+00 -1.230389766654721884e+00
8.338883920000183636e+00 -1.230488556870581451e+00
8.328301580000184501e+00 -1.230587596566191433e+00
8.317719240000185366e+00 -1.230686897417652137e+00
8.307136900000186230e+00 -1.230786451375931678e+00
8.296554560000187095e+00 -1.230886257919324489e+00
8.285972220000187960e+00 -1.230986339032053234e+00
8.275389880000188825e+00 -1.231086671356964368e+00
8.264807540000189690e+00 -1.231187267050008360e+00
8.254225200000190554e+00 -1.231288127367415441e+00
8.243642860000191419e+00 -1.231389253393732286e+00
8.233060520000192284e+00 -1.231490639252355024e+00
8.222478180000193149e+00 -1.231592294055726899e+00
8.211895840000194013e+00 -1.231694212369731423e+00
8.201313500000194878e+00 -1.231796399433332745e+00
8.190731160000195743e+00 -1.231898843348367745e+00
8.180148820000196608e+00 -1.232001580923014927e+00
8.169566480000197473e+00 -1.232104568424836177e+00
8.158984140000198337e+00 -1.232207833698120147e+00
8.148401800000199202e+00 -1.232311388852735501e+00
8.137819460000200067e+00 -1.232415181678308880e+00
8.127237120000200932e+00 -1.232519294057953463e+00
8.116654780000201796e+00 -1.232623642683848386e+00
8.106072440000202661e+00 -1.232728292234072986e+00
8.095490100000203526e+00 -1.232833222301715548e+00
8.084907760000204391e+00 -1.232938446519011633e+00
8.074325420000205256e+00 -1.233043912593999591e+00
8.063743080000206120e+00 -1.233149704635087440e+00
8.053160740000206985e+00 -1.233255760425189917e+00
8.042578400000207850e+00 -1.233362077803721757e+00
8.031996060000208715e+00 -1.233468703995376003e+00
8.021413720000209580e+00 -1.233575614288901390e+00
8.010831380000210444e+00 -1.233682806804912824e+00
8.000249040000211309e+00 -1.233790295287711780e+00
7.989666700000212174e+00 -1.233898065397923016e+00
7.979084360000213039e+00 -1.234006133394254245e+00
7.968502020000213903e+00 -1.234114488915245111e+00
7.957919680000214768e+00 -1.234223144842040432e+00
7.947337340000215633e+00 -1.234332087680249712e+00
7.936755000000216498e+00 -1.234441333808575569e+00
7.926172660000217363e+00 -1.234550883247706343e+00
7.915590320000218227e+00 -1.234660717000276575e+00
7.905007980000219092e+00 -1.234770861734149516e+00
7.894425640000219957e+00 -1.234881295461771611e+00
7.883843300000220822e+00 -1.234992041599875634e+00
7.873260960000221687e+00 -1.235103083423995773e+00
7.862678620000222551e+00 -1.235214436786844061e+00
7.852096280000223416e+00 -1.235326085527997053e+00
7.841513940000224281e+00 -1.235438050285851963e+00
7.830931600000225146e+00 -1.235550325004604488e+00
7.820349260000226010e+00 -1.235662900261593311e+00
7.809766920000226875e+00 -1.235775795456878212e+00
7.799184580000227740e+00 -1.235888995815018321e+00
7.788602240000228605e+00 -1.236002514826419985e+00
7.778019900000229470e+00 -1.236116347660296766e+00
7.767437560000230334e+00 -1.236230499667587468e+00
7.756855220000231199e+00 -1.236344962605799624e+00
7.746272880000232064e+00 -1.236459748221241162e+00
7.735690540000232929e+00 -1.236574851602610048e+00
7.725108200000233794e+00 -1.236690277001649019e+00
7.714525860000234658e+00 -1.236806029394466711e+00
7.703943520000235523e+00 -1.236922092982275956e+00
7.693361180000236388e+00 -1.237038492706831638e+00
7.682778840000237253e+00 -1.237155213901640849e+00
7.672196500000238117e+00 -1.237272270658174245e+00
7.661614160000238982e+00 -1.237389661425352116e+00
7.651031820000239847e+00 -1.237507364477140381e+00
7.640449480000240712e+00 -1.237625411882429916e+00
7.629867140000241577e+00 -1.237743787592794797e+00
7.619284800000242441e+00 -1.237862505783818845e+00
7.608702460000243306e+00 -1.237981557336635730e+00
7.598120120000244171e+00 -1.238100952314014735e+00
7.587537780000245036e+00 -1.238220677220195354e+00
7.576955440000245900e+00 -1.238340744809056426e+00
7.566373100000246765e+00 -1.238461159863680994e+00
7.555790760000247630e+00 -1.238581911081600984e+00
7.545208420000248495e+00 -1.238703012928681346e+00
7.534626080000249360e+00 -1.238824455844754979e+00
7.524043740000250224e+00 -1.238946265878857256e+00
7.513461400000251089e+00 -1.239068402742320441e+00
7.502879060000251954e+00 -1.239190892005941569e+00
7.492296720000252819e+00 -1.239313743901982123e+00
7.481714380000253684e+00 -1.239436953211678460e+00
7.471132040000254548e+00 -1.239560515053890866e+00
7.460549700000255413e+00 -1.239684411607643311e+00
7.449967360000256278e+00 -1.239808686459761944e+00
7.439385020000257143e+00 -1.239933331654507365e+00
7.428802680000258007e+00 -1.240058314485154467e+00
7.418220340000258872e+00 -1.240183681612978095e+00
7.407638000000259737e+00 -1.240309411171617526e+00
7.397055660000260602e+00 -1.240435486537595722e+00
7.386473320000261467e+00 -1.240561956710392044e+00
7.375890980000262331e+00 -1.240688767726338959e+00
7.365308640000263196e+00 -1.240815961348865848e+00
7.354726300000264061e+00 -1.240943533429316181e+00
7.344143960000264926e+00 -1.241071496785246753e+00
7.333561620000265791e+00 -1.241199798365935969e+00
7.322979280000266655e+00 -1.241328512623109281e+00
7.312396940000267520e+00 -1.241457571173115060e+00
7.301814600000268385e+00 -1.241587033341194024e+00
7.291232260000269250e+00 -1.241716894897610501e+00
7.280649920000270114e+00 -1.241847095442248472e+00
7.270067580000270979e+00 -1.241977701434597625e+00
7.259485240000271844e+00 -1.242108732108023084e+00
7.248902900000272709e+00 -1.242240115819685853e+00
7.238320560000273574e+00 -1.242371898548068732e+00
7.227738220000274438e+00 -1.242504077954324160e+00
7.217155880000275303e+00 -1.242636639216386785e+00
7.206573540000276168e+00 -1.242769566942527160e+00
7.195991200000277033e+00 -1.242902917650680061e+00
7.185408860000277897e+00 -1.243036678611032064e+00
7.174826520000278762e+00 -1.243170832295081407e+00
7.164244180000279627e+00 -1.243305439413724178e+00
7.153661840000280492e+00 -1.243440355923271179e+00
7.143079500000281357e+00 -1.243575732106370735e+00
7.132497160000282221e+00 -1.243711513303374039e+00
7.121914820000283086e+00 -1.243847750543367603e+00
7.111332480000283951e+00 -1.243984301734045506e+00
7.100750140000284816e+00 -1.244121368198664923e+00
7.090167800000285681e+00 -1.244258804555950393e+00
7.079585460000286545e+00 -1.244396644829604437e+00
7.069003120000287410e+00 -1.244534919655883698e+00
7.058420780000288275e+00 -1.244673538957963510e+00
7.047838440000289140e+00 -1.244812650031552392e+00
7.037256100000290004e+00 -1.244952187855547843e+00
7.026673760000290869e+00 -1.245092143214625358e+00
7.016091420000291734e+00 -1.245232533039573708e+00
7.005509080000292599e+00 -1.245373346430459272e+00
6.994926740000293464e+00 -1.245514600448944131e+00
6.984344400000294328e+00 -1.245656272978854950e+00
6.973762060000295193e+00 -1.245798400375076387e+00
6.963179720000296058e+00 -1.245940961847589623e+00
6.952597380000296923e+00 -1.246083950346928981e+00
6.942015040000297788e+00 -1.246227392057383421e+00
6.931432700000298652e+00 -1.246371268081428951e+00
6.920850360000299517e+00 -1.246515595843258994e+00
6.910268020000300382e+00 -1.246660364158704626e+00
6.899685680000301247e+00 -1.246805590587100943e+00
6.889103340000302111e+00 -1.246951252432509483e+00
6.878521000000302976e+00 -1.247097394042228302e+00
6.867938660000303841e+00 -1.247243980159389087e+00
6.857356320000304706e+00 -1.247391010341424300e+00
6.846773980000305571e+00 -1.247538511722970700e+00
6.836191640000306435e+00 -1.247686464817131968e+00
6.825609300000307300e+00 -1.247834887555329342e+00
6.815026960000308165e+00 -1.247983768451068176e+00
6.804444620000309030e+00 -1.248133125575078051e+00
6.793862280000309894e+00 -1.248282935620244949e+00
6.783279940000310759e+00 -1.248433236886884012e+00
6.772697600000311624e+00 -1.248584007724230061e+00
6.762115260000312489e+00 -1.248735240242776046e+00
6.751532920000313354e+00 -1.248886962562292036e+00
6.740950580000314218e+00 -1.249039154571557120e+00
6.730368240000315083e+00 -1.249191834721644412e+00
6.719785900000315948e+00 -1.249344991203173549e+00
6.709203560000316813e+00 -1.249498642610496812e+00
6.698621220000317678e+00 -1.249652778882409221e+00
6.688038880000318542e+00 -1.249807397659474351e+00
6.677456540000319407e+00 -1.249962518502357955e+00
6.666874200000320272e+00 -1.250118119162707986e+00
6.656291860000321137e+00 -1.250274228780122288e+00
6.645709520000322001e+00 -1.250430826579794985e+00
6.635127180000322866e+00 -1.250587931543263753e+00
6.624544840000323731e+00 -1.250745531514730224e+00
6.613962500000324596e+00 -1.250903646470270303e+00
6.603380160000325461e+00 -1.251062244878667240e+00
6.592797820000326325e+00 -1.251221362957948502e+00
6.582215480000327190e+00 -1.251380998899641828e+00
6.571633140000328055e+00 -1.251541140340640679e+00
6.561050800000328920e+00 -1.251701806706031705e+00
6.550468460000329785e+00 -1.251862972950162467e+00
6.539886120000330649e+00 -1.252024680031877946e+00
6.529303780000331514e+00 -1.252186893975312465e+00
6.518721440000332379e+00 -1.252349646665457783e+00
6.508139100000333244e+00 -1.252512920032370580e+00
6.497556760000334108e+00 -1.252676711057433723e+00
6.486974420000334973e+00 -1.252841039558072689e+00
6.476392080000335838e+00 -1.253005892779382346e+00
6.465809740000336703e+00 -1.253171290690296313e+00
6.455227400000337568e+00 -1.253337207481550530e+00
6.444645060000338432e+00 -1.253503685209412133e+00
6.434062720000339297e+00 -1.253670700405006055e+00
6.423480380000340162e+00 -1.253838243346433234e+00
6.412898040000341027e+00 -1.254006345921275356e+00
6.402315700000341891e+00 -1.254174985439430623e+00
6.391733360000342756e+00 -1.254344182262791207e+00
6.381151020000343621e+00 -1.254513923210871518e+00
6.370568680000344486e+00 -1.254684228799553658e+00
6.359986340000345351e+00 -1.254855072397530247e+00
6.349404000000346215e+00 -1.255026497194161594e+00
6.338821660000347080e+00 -1.255198479111730769e+00
6.328239320000347945e+00 -1.255371007807799755e+00
6.317656980000348810e+00 -1.255544116309485148e+00
6.307074640000349675e+00 -1.255717781074399131e+00
6.296492300000350539e+00 -1.255892023008639224e+00
6.285909960000351404e+00 -1.256066828467928165e+00
6.275327620000352269e+00 -1.256242218514216136e+00
6.264745280000353134e+00 -1.256418165631105754e+00
6.254162940000353998e+00 -1.256594714168258964e+00
6.243580600000354863e+00 -1.256771839387406775e+00
6.232998260000355728e+00 -1.256949530271247673e+00
6.222415920000356593e+00 -1.257127821014115909e+00
6.211833580000357458e+00 -1.257306687153795233e+00
6.201251240000358322e+00 -1.257486150136275072e+00
6.190668900000359187e+00 -1.257666195810113408e+00
6.180086560000360052e+00 -1.257846845778495037e+00
6.169504220000360917e+00 -1.258028096496305093e+00
6.158921880000361782e+00 -1.258209927484813528e+00
6.148339540000362646e+00 -1.258392370562591456e+00
6.137757200000363511e+00 -1.258575397783267436e+00
6.127174860000364376e+00 -1.258759044539323746e+00
6.116592520000365241e+00 -1.258943285371077803e+00
6.106010180000366105e+00 -1.259128142255309779e+00
6.095427840000366970e+00 -1.259313600484967655e+00
6.084845500000367835e+00 -1.259499682194546111e+00
6.074263160000368700e+00 -1.259686374535817777e+00
6.063680820000369565e+00 -1.259873674271067223e+00
6.053098480000370429e+00 -1.260061600412854865e+00
6.042516140000371294e+00 -1.260250137922457991e+00
6.031933800000372159e+00 -1.260439309223467363e+00
6.021351460000373024e+00 -1.260629082179454130e+00
6.010769120000373889e+00 -1.260819508120765597e+00
6.000186780000374753e+00 -1.261010544889803242e+00
5.989604440000375618e+00 -1.261202220071655056e+00
5.979022100000376483e+00 -1.261394530340498976e+00
5.968439760000377348e+00 -1.261587462054682973e+00
5.957857420000378212e+00 -1.261781037985463039e+00
5.947275080000379077e+00 -1.261975242451799373e+00
5.936692740000379942e+00 -1.262170098381955485e+00
5.926110400000380807e+00 -1.262365574454957784e+00
5.915528060000381672e+00 -1.262561719391787518e+00
5.904945720000382536e+00 -1.262758505539721021e+00
5.894363380000383401e+00 -1.262955918895125818e+00
5.883781040000384266e+00 -1.263153998050291271e+00
5.873198700000385131e+00 -1.263352714574466296e+00
5.862616360000385995e+00 -1.263552091721186876e+00
5.852034020000386860e+00 -1.263752113104905650e+00
5.841451680000387725e+00 -1.263952802134883369e+00
5.830869340000388590e+00 -1.264154126191671113e+00
5.820287000000389455e+00 -1.264356124170634921e+00
5.809704660000390319e+00 -1.264558798702905440e+00
5.799122320000391184e+00 -1.264762104764710182e+00
5.788539980000392049e+00 -1.264966092001905906e+00
5.777957640000392914e+00 -1.265170730624398665e+00
5.767375300000393779e+00 -1.265376044334800332e+00
5.756792960000394643e+00 -1.265582015972276819e+00
5.746210620000395508e+00 -1.265788669392871268e+00
5.735628280000396373e+00 -1.265995970554441907e+00
5.725045940000397238e+00 -1.266203970801331069e+00
5.714463600000398102e+00 -1.266412640332370110e+00
5.703881260000398967e+00 -1.266621962939325829e+00
5.693298920000399832e+00 -1.266831979854303736e+00
5.682716580000400697e+00 -1.267042659800402538e+00
5.672134240000401562e+00 -1.267254028135791133e+00
5.661551900000402426e+00 -1.267466064440441409e+00
5.650969560000403291e+00 -1.267678795427116478e+00
5.640387220000404156e+00 -1.267892202176448269e+00
5.629804880000405021e+00 -1.268106281149387726e+00
5.619222540000405886e+00 -1.268321058746545216e+00
5.608640200000406750e+00 -1.268536498327251349e+00
5.598057860000407615e+00 -1.268752642497571914e+00
5.587475520000408480e+00 -1.268969458351785429e+00
5.576893180000409345e+00 -1.269186970376569246e+00
5.566310840000410209e+00 -1.269405159639160896e+00
5.555728500000411074e+00 -1.269624040989273173e+00
5.545146160000411939e+00 -1.269843626247869617e+00
5.534563820000412804e+00 -1.270063880847137394e+00
5.523981480000413669e+00 -1.270284835062866158e+00
5.513399140000414533e+00 -1.270506469412677308e+00
5.502816800000415398e+00 -1.270728808711373947e+00
5.492234460000416263e+00 -1.270951814635835619e+00
5.481652120000417128e+00 -1.271175542087672916e+00
5.471069780000417992e+00 -1.271399941028021230e+00
5.460487440000418857e+00 -1.271625052907926490e+00
5.449905100000419722e+00 -1.271850850484856243e+00
5.439322760000420587e+00 -1.272077325626766342e+00
5.428740420000421452e+00 -1.272304503288703259e+00
5.418158080000422316e+00 -1.272532362931580119e+00
5.407575740000423181e+00 -1.272760929650968764e+00
5.396993400000424046e+00 -1.272990163154894327e+00
5.386411060000424911e+00 -1.273220119806776962e+00
5.375828720000425776e+00 -1.273450764728432771e+00
5.365246380000426640e+00 -1.273682076499950577e+00
5.354664040000427505e+00 -1.273914101411874222e+00
5.344081700000428370e+00 -1.274146801648513350e+00
5.333499360000429235e+00 -1.274380202384683747e+00
5.322917020000430099e+00 -1.274614281934566717e+00
5.312334680000430964e+00 -1.274849065608119059e+00
5.301752340000431829e+00 -1.275084510954121786e+00
5.291170000000432694e+00 -1.275320675844393792e+00
5.280587660000433559e+00 -1.275557523613225719e+00
5.270005320000434423e+00 -1.275795031005189761e+00
5.259422980000435288e+00 -1.276033245833928076e+00
5.248840640000436153e+00 -1.276272128024430685e+00
5.238258300000437018e+00 -1.276511702896132805e+00
5.227675960000437883e+00 -1.276751947521008734e+00
5.217093620000438747e+00 -1.276992887347669692e+00
5.206511280000439612e+00 -1.277234477555521774e+00
5.195928940000440477e+00 -1.277476777576450395e+00
5.185346600000441342e+00 -1.277719748767768504e+00
5.174764260000442206e+00 -1.277963365844052124e+00
5.164181920000443071e+00 -1.278207678195129926e+00
5.153599580000443936e+00 -1.278452643266765110e+00
5.143017240000444801e+00 -1.278698286436106279e+00
5.132434900000445666e+00 -1.278944583431869120e+00
5.121852560000446530e+00 -1.279191559753233953e+00
5.111270220000447395e+00 -1.279439203040737993e+00
5.100687880000448260e+00 -1.279687481178225061e+00
5.090105540000449125e+00 -1.279936434509482135e+00
5.079523200000449989e+00 -1.280186012430875930e+00
5.068940860000450854e+00 -1.280436265966117260e+00
5.058358520000451719e+00 -1.280687149837946182e+00
5.047776180000452584e+00 -1.280938689379905959e+00
5.037193840000453449e+00 -1.281190858868997973e+00
5.026611500000454313e+00 -1.281443671338143409e+00
5.016029160000455178e+00 -1.281697137659837615e+00
5.005446820000456043e+00 -1.281951211580604877e+00
4.994864480000456908e+00 -1.282205924880973624e+00
4.984282140000457773e+00 -1.282461250981052236e+00
4.973699800000458637e+00 -1.282717215247150877e+00
4.963117460000459502e+00 -1.282973765687032808e+00
4.952535120000460367e+00 -1.283230965982993244e+00
4.941952780000461232e+00 -1.283488750330022299e+00
4.931370440000462096e+00 -1.283747150494115585e+00
4.920788100000462961e+00 -1.284006156877752325e+00
4.910205760000463826e+00 -1.284265740509606957e+00
4.899623420000464691e+00 -1.284525926409530339e+00
4.889041080000465556e+00 -1.284786686355873231e+00
4.878458740000466420e+00 -1.285048045462585220e+00
4.867876400000467285e+00 -1.285309948413347669e+00
4.857294060000468150e+00 -1.285572460661819516e+00
4.846711720000469015e+00 -1.285835534647700396e+00
4.836129380000469880e+00 -1.286099135923675085e+00
4.825547040000470744e+00 -1.286363319965629692e+00
4.814964700000471609e+00 -1.286628033218978340e+00
4.804382360000472474e+00 -1.286893300305574916e+00
4.793800020000473339e+00 -1.287159091219636897e+00
4.783217680000474203e+00 -1.287425430659785874e+00
4.772635340000475068e+00 -1.287692259635075720e+00
4.762053000000475933e+00 -1.287959658404076668e+00
4.751470660000476798e+00 -1.288227550302979640e+00
4.740888320000477663e+00 -1.288495910569876335e+00
4.730305980000478527e+00 -1.288764796524097811e+00
4.719723640000479392e+00 -1.289034150748065155e+00
4.709141300000480257e+00 -1.289303997272154501e+00
4.698558960000481122e+00 -1.289574304141373862e+00
4.687976620000481986e+00 -1.289845095439252187e+00
4.677394280000482851e+00 -1.290116308098997688e+00
4.666811940000483716e+00 -1.290388011277769920e+00
4.656229600000484581e+00 -1.290660150686512075e+00
4.645647260000485446e+00 -1.290932684958807419e+00
4.635064920000486310e+00 -1.291205665415781301e+00
4.624482580000487175e+00 -1.291479045434089645e+00
4.613900240000488040e+00 -1.291752840954049741e+00
4.603317900000488905e+00 -1.292027017871451688e+00
4.592735560000489770e+00 -1.292301599403651080e+00
4.582153220000490634e+00 -1.292576546353940925e+00
4.571570880000491499e+00 -1.292851844536687445e+00
4.560988540000492364e+00 -1.293127520907313865e+00
4.550406200000493229e+00 -1.293403501572533143e+00
4.539823860000494093e+00 -1.293679847638659064e+00
4.529241520000494958e+00 -1.293956492594688923e+00
4.518659180000495823e+00 -1.294233458509430390e+00
4.508076840000496688e+00 -1.294510708895028950e+00
4.497494500000497553e+00 -1.294788248753845572e+00
4.486912160000498417e+00 -1.295066086104037506e+00
4.476329820000499282e+00 -1.295344154045309670e+00
4.465747480000500147e+00 -1.295622481630416489e+00
4.455165140000501012e+00 -1.295901030926769781e+00
4.444582800000501877e+00 -1.296179823172462608e+00
4.434000460000502741e+00 -1.296458796683757297e+00
4.423418120000503606e+00 -1.296737983178284592e+00
4.412835780000504471e+00 -1.297017332354839736e+00
4.402253440000505336e+00 -1.297296871858516498e+00
4.391671100000506200e+00 -1.297576557416526333e+00
4.381088760000507065e+00 -1.297856354496476960e+00
4.370506420000507930e+00 -1.298136282653846507e+00
4.359924080000508795e+00 -1.298416301100012715e+00
4.349341740000509660e+00 -1.298696429273420216e+00
4.338759400000510524e+00 -1.298976600045673724e+00
4.328177060000511389e+00 -1.299256844986216963e+00
4.317594720000512254e+00 -1.299537122393566779e+00
4.307012380000513119e+00 -1.299817403608672484e+00
4.296430040000513984e+00 -1.300097709742960239e+00
4.285847700000514848e+00 -1.300377974049975460e+00
4.275265360000515713e+00 -1.300658213843783884e+00
4.264683020000516578e+00 -1.300938385090641747e+00
4.254100680000517443e+00 -1.301218504903406403e+00
4.243518340000518307e+00 -1.301498499953964494e+00
4.232936000000519172e+00 -1.301778401411227470e+00
4.222353660000520037e+00 -1.302058161841479489e+00
4.211771320000520902e+00 -1.302337749179191428e+00
4.201188980000521767e+00 -1.302617183273381274e+00
4.190606640000522631e+00 -1.302896390739871846e+00
4.180024300000523496e+00 -1.303175386029737481e+00
4.169441960000524361e+00 -1.303454121395567045e+00
4.158859620000525226e+00 -1.303732610980614659e+00
4.148277280000526090e+00 -1.304010774375455428e+00
4.137694940000526955e+00 -1.304288642014491018e+00
4.127112600000527820e+00 -1.304566161612931152e+00
4.116530260000528685e+00 -1.304843293622005573e+00
4.105947920000529550e+00 -1.305120057820227553e+00
4.095365580000530414e+00 -1.305396373231906715e+00
4.084783240000531279e+00 -1.305672250693563852e+00
4.074200900000532144e+00 -1.305947638184289161e+00
4.063618560000533009e+00 -1.306222546100166193e+00
4.053036220000533874e+00 -1.306496918184512968e+00
4.042453880000534738e+00 -1.306770686544868720e+00
4.031871540000535603e+00 -1.307043888339536108e+00
4.021289200000536468e+00 -1.307316445830938534e+00
4.010706860000537333e+00 -1.307588377481797570e+00
4.000124520000538197e+00 -1.307859593603555082e+00
3.989542180000539062e+00 -1.308130100498394510e+00
3.978959840000539927e+00 -1.308399841192701807e+00
3.968377500000540792e+00 -1.308668813641527207e+00
3.957795160000541657e+00 -1.308936962826172890e+00
3.947212820000542521e+00 -1.309204234334501393e+00
3.936630480000543386e+00 -1.309470623255457822e+00
3.926048140000544251e+00 -1.309736069468136366e+00
3.915465800000545116e+00 -1.310000575720579263e+00
3.904883460000545981e+00 -1.310264038376522944e+00
3.894301120000546845e+00 -1.310526483780102058e+00
3.883718780000547710e+00 -1.310787823574884658e+00
3.873136440000548575e+00 -1.311048048457651216e+00
3.862554100000549440e+00 -1.311307123518612672e+00
3.851971760000550304e+00 -1.311564959621711601e+00
3.841389420000551169e+00 -1.311821553797268169e+00
3.830807080000552034e+00 -1.312076839772737591e+00
3.820224740000552899e+00 -1.312330813643968419e+00
3.809642400000553764e+00 -1.312583360311714298e+00
3.799060060000554628e+00 -1.312834503327816815e+00
3.788477720000555493e+00 -1.313084158956832725e+00
3.777895380000556358e+00 -1.313332264020978579e+00
3.767313040000557223e+00 -1.313578824229268083e+00
3.756730700000558087e+00 -1.313823723511713615e+00
3.746148360000558952e+00 -1.314066951180120846e+00
3.735566020000559817e+00 -1.314308433741296023e+00
3.724983680000560682e+00 -1.314548159303250197e+00
3.714401340000561547e+00 -1.314786001890245526e+00
3.703819000000562411e+00 -1.315021985945754590e+00
3.693236660000563276e+00 -1.315256001965468435e+00
3.682654320000564141e+00 -1.315487977767928918e+00
3.672071980000565006e+00 -1.315717921518349653e+00
3.661489640000565871e+00 -1.315945700778273553e+00
3.650907300000566735e+00 -1.316171295457096546e+00
3.640324960000567600e+00 -1.316394623669391084e+00
3.629742620000568465e+00 -1.316615663791740110e+00
3.619160280000569330e+00 -1.316834295927409970e+00
3.608577940000570194e+00 -1.317050464267679244e+00
3.597995600000571059e+00 -1.317264109424863605e+00
3.587413260000571924e+00 -1.317475182857237526e+00
3.576830920000572789e+00 -1.317683616977741057e+00
3.566248580000573654e+00 -1.317889286537538007e+00
3.555666240000574518e+00 -1.318092160029674220e+00
3.545083900000575383e+00 -1.318292145789893066e+00
3.534501560000576248e+00 -1.318489210374841569e+00
3.523919220000577113e+00 -1.318683216218982324e+00
3.513336880000577978e+00 -1.318874101956196476e+00
3.502754540000578842e+00 -1.319061792176345893e+00
3.492172200000579707e+00 -1.319246220952205562e+00
3.481589860000580572e+00 -1.319427315342923235e+00
3.471007520000581437e+00 -1.319604930862044334e+00
3.460425180000582301e+00 -1.319779022153892534e+00
3.449842840000583166e+00 -1.319949486104656122e+00
3.439260500000584031e+00 -1.320116281360143917e+00
3.428678160000584896e+00 -1.320279231795571384e+00
3.418095820000585761e+00 -1.320438284772834425e+00
3.407513480000586625e+00 -1.320593350685008938e+00
3.396931140000587490e+00 -1.320744319197341143e+00
3.386348800000588355e+00 -1.320891133234060488e+00
3.375766460000589220e+00 -1.321033603990346084e+00
3.365184120000590084e+00 -1.321171712661846076e+00
3.354601780000590949e+00 -1.321305299239105002e+00
3.344019440000591814e+00 -1.321434287262749141e+00
3.333437100000592679e+00 -1.321558580742721700e+00
3.322854760000593544e+00 -1.321678005159992120e+00
3.312272420000594408e+00 -1.321792487421351803e+00
3.301690080000595273e+00 -1.321901902311303001e+00
3.291107740000596138e+00 -1.322006173216153879e+00
3.280525400000597003e+00 -1.322105086156524667e+00
3.269943060000597868e+00 -1.322198610127174323e+00
3.259360720000598732e+00 -1.322286578075706487e+00
3.248778380000599597e+00 -1.322368832498999058e+00
3.238196040000600462e+00 -1.322445327551636574e+00
3.227613700000601327e+00 -1.322515837938239569e+00
3.217031360000602191e+00 -1.322580267522392994e+00
3.206449020000603056e+00 -1.322638473203868736e+00
3.195866680000603921e+00 -1.322690354356949038e+00
3.185284340000604786e+00 -1.322735667505767543e+00
3.174702000000605651e+00 -1.322774364789217838e+00
3.164119660000606515e+00 -1.322806254975078977e+00
3.153537320000607380e+00 -1.322831144417045968e+00
3.142954980000608245e+00 -1.322848975968618612e+00
3.132372640000609110e+00 -1.322859490196063526e+00
3.121790300000609975e+00 -1.322862562483543947e+00
3.111207960000610839e+00 -1.322858027914374457e+00
3.100625620000611704e+00 -1.322845756103447457e+00
3.090043280000612569e+00 -1.322825473387309714e+00
3.079460940000613434e+00 -1.322797098873521815e+00
3.068878600000614298e+00 -1.322760415290937352e+00
3.058296260000615163e+00 -1.322715198894611976e+00
3.047713920000616028e+00 -1.322661355220491997e+00
3.037131580000616893e+00 -1.322598601591164380e+00
3.026549240000617758e+00 -1.322526772054931854e+00
3.015966900000618622e+00 -1.322445674654595393e+00
3.005384560000619487e+00 -1.322355141766832887e+00
2.994802220000620352e+00 -1.322254870927130677e+00
2.984219880000621217e+00 -1.322144709956229125e+00
2.973637540000622081e+00 -1.322024448925414708e+00
2.963055200000622946e+00 -1.321893803591168925e+00
2.952472860000623811e+00 -1.321752655756566863e+00
2.941890520000624676e+00 -1.321600664914268197e+00
2.931308180000625541e+00 -1.321437625983620912e+00
2.920725840000626405e+00 -1.321263313028182562e+00
2.910143500000627270e+00 -1.321077487482478219e+00
2.899561160000628135e+00 -1.320879873182115860e+00
2.888978820000629000e+00 -1.320670200983087073e+00
2.878396480000629865e+00 -1.320448208363218301e+00
2.867814140000630729e+00 -1.320213646695081344e+00
2.857231800000631594e+00 -1.319966270003070541e+00
2.846649460000632459e+00 -1.319705680287998284e+00
2.836067120000633324e+00 -1.319431703807302014e+00
2.825484780000634188e+00 -1.319143986690318515e+00
2.814902440000635053e+00 -1.318842224727928336e+00
2.804320100000635918e+00 -1.318526179647250274e+00
2.793737760000636783e+00 -1.318195435765131318e+00
2.783155420000637648e+00 -1.317849693522001875e+00
2.772573080000638512e+00 -1.317488654735170739e+00
2.761990740000639377e+00 -1.317112005071855219e+00
2.751408400000640242e+00 -1.316719293378372901e+00
2.740826060000641107e+00 -1.316310245823949066e+00
2.730243720000641972e+00 -1.315884478972453087e+00
2.719661380000642836e+00 -1.315441595885549875e+00
2.709079040000643701e+00 -1.314981302379025774e+00
2.698496700000644566e+00 -1.314503103426494457e+00
2.687914360000645431e+00 -1.314006616591963050e+00
2.677332020000646295e+00 -1.313491480042747739e+00
2.666749680000647160e+00 -1.312957292041162738e+00
2.656167340000648025e+00 -1.312403501667107175e+00
2.645585000000648890e+00 -1.311829803904383196e+00
2.635002660000649755e+00 -1.311235667150395745e+00
2.624420320000650619e+00 -1.310620628059114612e+00
2.613837980000651484e+00 -1.309984327566799500e+00
2.603255640000652349e+00 -1.309326159593105832e+00
2.592673300000653214e+00 -1.308645635684452468e+00
2.582090960000654078e+00 -1.307942312125674800e+00
2.571508620000654943e+00 -1.307215675329101101e+00
2.560926280000655808e+00 -1.306465044000602260e+00
2.550343940000656673e+00 -1.305690087879814554e+00
2.539761600000657538e+00 -1.304890142428634769e+00
2.529179260000658402e+00 -1.304064519317625681e+00
2.518596920000659267e+00 -1.303212855025045691e+00
2.508014580000660132e+00 -1.302334398930543591e+00
2.497432240000660997e+00 -1.301428527104351529e+00
2.486849900000661862e+00 -1.300494690707944878e+00
2.476267560000662726e+00 -1.299532233262905123e+00
2.465685220000663591e+00 -1.298540373601275055e+00
2.455102880000664456e+00 -1.297518556432056602e+00
2.444520540000665321e+00 -1.296466075573070587e+00
2.433938200000666185e+00 -1.295382047245599022e+00
2.423355860000667050e+00 -1.294265983668465569e+00
2.412773520000667915e+00 -1.293116980010461381e+00
2.402191180000668780e+00 -1.291934239795734740e+00
2.391608840000669645e+00 -1.290717079902206965e+00
2.381026500000670509e+00 -1.289464567151639374e+00
2.370444160000671374e+00 -1.288176035608188830e+00
2.359861820000672239e+00 -1.286850494119019750e+00
2.349279480000673104e+00 -1.285487039223627281e+00
2.338697140000673969e+00 -1.284084898158982968e+00
2.328114800000674833e+00 -1.282643111427675953e+00
2.317532460000675698e+00 -1.281160581176686408e+00
2.306950120000676563e+00 -1.279636607597288922e+00
2.296367780000677428e+00 -1.278070022289627961e+00
2.285785440000678292e+00 -1.276459688228929412e+00
2.275203100000679157e+00 -1.274804884085564582e+00
2.264620760000680022e+00 -1.273104351223392605e+00
2.254038420000680887e+00 -1.271356929885350873e+00
2.243456080000681752e+00 -1.269561654359390168e+00
2.232873740000682616e+00 -1.267717304373947806e+00
2.222291400000683481e+00 -1.265822547105418083e+00
2.211709060000684346e+00 -1.263876460479697039e+00
2.201126720000685211e+00 -1.261877647248105694e+00
2.190544380000686076e+00 -1.259824665922626874e+00
2.179962040000686940e+00 -1.257716508776030917e+00
2.169379700000687805e+00 -1.255551696467393175e+00
2.158797360000688670e+00 -1.253328760755267668e+00
2.148215020000689535e+00 -1.251046497899670040e+00
2.137632680000690399e+00 -1.248703365165265478e+00
2.127050340000691264e+00 -1.246297745498505805e+00
2.116468000000692129e+00 -1.243828439933928109e+00
2.105885660000692994e+00 -1.241293729457679351e+00
2.095303320000693859e+00 -1.238691843762843359e+00
2.084720980000694723e+00 -1.236021479574872961e+00
2.074138640000695588e+00 -1.233280848258216933e+00
2.063556300000696453e+00 -1.230468109824998990e+00
2.052973960000697318e+00 -1.227581780014137314e+00
2.042391620000698182e+00 -1.224619931899120218e+00
2.031809280000699047e+00 -1.221580631298588182e+00
2.021226940000699912e+00 -1.218462324836234956e+00
2.010644600000700777e+00 -1.215262945338600353e+00
2.000062260000701642e+00 -1.211980371963037539e+00
1.989479920000702506e+00 -1.208612938571016260e+00
1.978897580000703371e+00 -1.205158533449737224e+00
1.968315240000704236e+00 -1.201614908904492962e+00
1.957732900000705101e+00 -1.197980296823252244e+00
1.947150560000705966e+00 -1.194252368614481696e+00
1.936568220000706830e+00 -1.190428694594590775e+00
1.925985880000707695e+00 -1.186507768423647358e+00
1.915403540000708560e+00 -1.182487030587598742e+00
1.904821200000709425e+00 -1.178364051300520909e+00
1.894238860000710289e+00 -1.174136914539032128e+00
1.883656520000711154e+00 -1.169803310206257052e+00
1.873074180000712019e+00 -1.165360738476437064e+00
1.862491840000712884e+00 -1.160807385227000443e+00
1.851909500000713749e+00 -1.156140589413909403e+00
1.841327160000714613e+00 -1.151358796852564037e+00
1.830744820000715478e+00 -1.146459719071765360e+00
1.820162480000716343e+00 -1.141441241032167930e+00
1.809580140000717208e+00 -1.136302131173443364e+00
1.798997800000718073e+00 -1.131040667753283824e+00
1.788415460000718937e+00 -1.125655791686589247e+00
1.777833120000719802e+00 -1.120147462890667578e+00
1.767250780000720667e+00 -1.114515960015967089e+00
1.756668440000721532e+00 -1.108762969729261361e+00
1.746086100000722396e+00 -1.102893500617171396e+00
1.735503760000723261e+00 -1.096917772515029199e+00
1.724921420000724126e+00 -1.090866033828686632e+00
