2.381026500000670509e+00 -1.403811557864752313e+00
2.370444160000671374e+00 -1.404413413504927988e+00
2.359861820000672239e+00 -1.405144884602743449e+00
2.349279480000673104e+00 -1.406043015284791808e+00
2.338697140000673969e+00 -1.406983759045000948e+00
2.328114800000674833e+00 -1.407923065189270018e+00
2.317532460000675698e+00 -1.408852543291515547e+00
2.306950120000676563e+00 -1.409769073813659457e+00
2.296367780000677428e+00 -1.410671652051832092e+00
2.285785440000678292e+00 -1.411559154079625289e+00
2.275203100000679157e+00 -1.412430873459469494e+00
2.264620760000680022e+00 -1.413286251749611866e+00
2.254038420000680887e+00 -1.414124412770659145e+00
2.243456080000681752e+00 -1.414944951163510156e+00
2.232873740000682616e+00 -1.415746954046371409e+00
2.222291400000683481e+00 -1.416529768441663117e+00
2.211709060000684346e+00 -1.417292845945682389e+00
2.201126720000685211e+00 -1.418035255796461946e+00
2.190544380000686076e+00 -1.418756369306027887e+00
2.179962040000686940e+00 -1.419455405679522997e+00
2.169379700000687805e+00 -1.420131586501818699e+00
2.158797360000688670e+00 -1.420784001373581296e+00
2.148215020000689535e+00 -1.421412140722346784e+00
2.137632680000690399e+00 -1.422014890472752979e+00
2.127050340000691264e+00 -1.422591389349221469e+00
2.116468000000692129e+00 -1.423140893510494331e+00
2.105885660000692994e+00 -1.423662486957967266e+00
2.095303320000693859e+00 -1.424155164474075308e+00
2.084720980000694723e+00 -1.424618067902748697e+00
2.074138640000695588e+00 -1.425050291476473552e+00
2.063556300000696453e+00 -1.425450641943748709e+00
2.052973960000697318e+00 -1.425818287271277240e+00
2.042391620000698182e+00 -1.426152105996647546e+00
2.031809280000699047e+00 -1.426451081487558392e+00
2.021226940000699912e+00 -1.426714086041213747e+00
2.010644600000700777e+00 -1.426939991968490862e+00
2.000062260000701642e+00 -1.427127665230290221e+00
1.989479920000702506e+00 -1.427276044635951369e+00
1.978897580000703371e+00 -1.427383849756100886e+00
1.968315240000704236e+00 -1.427449709055105265e+00
1.957732900000705101e+00 -1.427472603777659943e+00
1.947150560000705966e+00 -1.427451110440806081e+00
1.936568220000706830e+00 -1.427383966808640103e+00
1.925985880000707695e+00 -1.427269858003065828e+00
1.915403540000708560e+00 -1.427107186651084714e+00
1.904821200000709425e+00 -1.426894643819126118e+00
1.894238860000710289e+00 -1.426630765705016124e+00
1.883656520000711154e+00 -1.426314230847927966e+00
1.873074180000712019e+00 -1.425943154511396305e+00
1.862491840000712884e+00 -1.425516368878768647e+00
1.851909500000713749e+00 -1.425031839770056097e+00
1.841327160000714613e+00 -1.424488232218831696e+00
1.830744820000715478e+00 -1.423883897391698961e+00
1.820162480000716343e+00 -1.423216755602306316e+00
1.809580140000717208e+00 -1.422485467373074686e+00
1.798997800000718073e+00 -1.421687762639651798e+00
1.788415460000718937e+00 -1.420822055397903849e+00
1.777833120000719802e+00 -1.419886375915920151e+00
1.767250780000720667e+00 -1.418878820672224261e+00
1.756668440000721532e+00 -1.417797053644797689e+00
1.746086100000722396e+00 -1.416639240715211301e+00
1.735503760000723261e+00 -1.415403425379749391e+00
1.724921420000724126e+00 -1.414086940144608340e+00
1.714339080000724991e+00 -1.412688080546129932e+00
1.703756740000725856e+00 -1.411204035980867522e+00
1.693174400000726720e+00 -1.409632705820395904e+00
1.682592060000727585e+00 -1.407971615626773643e+00
1.672009720000728450e+00 -1.406218214739241246e+00
1.661427380000729315e+00 -1.404369960963291142e+00
1.650845040000730179e+00 -1.402423932833382514e+00
1.640262700000731044e+00 -1.400377910141278104e+00
1.629680360000731909e+00 -1.398228507816850819e+00
1.619098020000732774e+00 -1.395973235883011476e+00
1.608515680000733639e+00 -1.393608720279001290e+00
1.597933340000734503e+00 -1.391132142272550665e+00
1.587351000000735368e+00 -1.388540255234060661e+00
1.576768660000736233e+00 -1.385829842584336946e+00
1.566186320000737098e+00 -1.382997249615748103e+00
1.555603980000737963e+00 -1.380038984389895695e+00
1.545021640000738827e+00 -1.376951835263269253e+00
1.534439300000739692e+00 -1.373731331257199706e+00
1.523856960000740557e+00 -1.370374382832203697e+00
1.513274620000741422e+00 -1.366876229658936959e+00
1.502692280000742286e+00 -1.363233151816096722e+00
1.492109940000743151e+00 -1.359440773954412318e+00
1.481527600000744016e+00 -1.355494533516262257e+00
1.470945260000744881e+00 -1.351389815985298837e+00
1.460362920000745746e+00 -1.347121684027144495e+00
1.449780580000746610e+00 -1.342685719118137389e+00
1.439198240000747475e+00 -1.338075856353549753e+00
1.428615900000748340e+00 -1.333287693192316548e+00
1.418033560000749205e+00 -1.328314766441609729e+00
1.407451220000750070e+00 -1.323151634455572045e+00
1.396868880000750934e+00 -1.317792898852609085e+00
1.386286540000751799e+00 -1.312231574284334679e+00
1.375704200000752664e+00 -1.306461371794287674e+00
1.365121860000753529e+00 -1.300475484548597738e+00
1.354539520000754393e+00 -1.294267565126924202e+00
1.343957180000755258e+00 -1.287829337794748286e+00
1.333374840000756123e+00 -1.281154404515554512e+00
1.322792500000756988e+00 -1.274234145907671589e+00
1.312210160000757853e+00 -1.267060106770829586e+00
1.301627820000758717e+00 -1.259625355897600718e+00
1.291045480000759582e+00 -1.251919678828119720e+00
1.280463140000760447e+00 -1.243935263445057116e+00
1.269880800000761312e+00 -1.235661491402758827e+00
1.259298460000762176e+00 -1.227089425426134861e+00
1.248716120000763041e+00 -1.218208791799800794e+00
1.238133780000763906e+00 -1.209009384619649463e+00
1.227551440000764771e+00 -1.199479085852537041e+00
1.216969100000765636e+00 -1.189607716628358958e+00
1.206386760000766500e+00 -1.179384093825672108e+00
1.195804420000767365e+00 -1.168794659307800909e+00
1.185222080000768230e+00 -1.157828384265593202e+00
1.174639740000769095e+00 -1.146470758188565586e+00
1.164057400000769960e+00 -1.134709354745592425e+00
1.153475060000770824e+00 -1.122529935884293728e+00
1.142892720000771689e+00 -1.109917954820165198e+00
1.132310380000772554e+00 -1.096858332181022799e+00
1.121728040000773419e+00 -1.083335177955875528e+00
1.111145700000774283e+00 -1.069333591323711641e+00
1.100563360000775148e+00 -1.054834983071196275e+00
1.089981020000776013e+00 -1.039823868773248616e+00
1.079398680000776878e+00 -1.024280258594338244e+00
1.068816340000777743e+00 -1.008186747739362010e+00
1.058234000000778607e+00 -9.915234803731807212e-01
