1.058234000000000030e+01 -1.397798444504057214e+00
1.057175766000000117e+01 -1.397834359343657962e+00
1.056117532000000203e+01 -1.397870350960114250e+00
1.055059298000000290e+01 -1.397906414636910677e+00
1.054001064000000376e+01 -1.397942549972505333e+00
1.052942830000000463e+01 -1.397978760499420936e+00
1.051884596000000549e+01 -1.398015043231032317e+00
1.050826362000000636e+01 -1.398051401715715292e+00
1.049768128000000722e+01 -1.398087831857357743e+00
1.048709894000000808e+01 -1.398124339998031207e+00
1.047651660000000895e+01 -1.398160919354438203e+00
1.046593426000000981e+01 -1.398197577172842099e+00
1.045535192000001068e+01 -1.398234309287192056e+00
1.044476958000001154e+01 -1.398271115081529681e+00
1.043418724000001241e+01 -1.398307998265483798e+00
1.042360490000001327e+01 -1.398344955586827254e+00
1.041302256000001414e+01 -1.398381990771423444e+00
1.040244022000001500e+01 -1.398419104041842775e+00
1.039185788000001587e+01 -1.398456290421998593e+00
1.038127554000001673e+01 -1.398493552752302360e+00
1.037069320000001760e+01 -1.398530895657448037e+00
1.036011086000001846e+01 -1.398568314996241124e+00
1.034952852000001933e+01 -1.398605810112869552e+00
1.033894618000002019e+01 -1.398643384790868360e+00
1.032836384000002106e+01 -1.398681035721534682e+00
1.031778150000002192e+01 -1.398718764060171704e+00
1.030719916000002279e+01 -1.398756576213060487e+00
1.029661682000002365e+01 -1.398794462696584473e+00
1.028603448000002452e+01 -1.398832429983379422e+00
1.027545214000002538e+01 -1.398870474732761382e+00
1.026486980000002625e+01 -1.398908600787320378e+00
1.025428746000002711e+01 -1.398946803948933892e+00
1.024370512000002797e+01 -1.398985090623727556e+00
1.023312278000002884e+01 -1.399023454898690622e+00
1.022254044000002970e+01 -1.399061901501782668e+00
1.021195810000003057e+01 -1.399100428873728541e+00
1.020137576000003143e+01 -1.399139035482677373e+00
1.019079342000003230e+01 -1.399177725161564911e+00
1.018021108000003316e+01 -1.399216494546053680e+00
1.016962874000003403e+01 -1.399255347556747742e+00
1.015904640000003489e+01 -1.399294279953864573e+00
1.014846406000003576e+01 -1.399333298170226669e+00
1.013788172000003662e+01 -1.399372395455489304e+00
1.012729938000003749e+01 -1.399411579088950752e+00
1.011671704000003835e+01 -1.399450844996998899e+00
1.010613470000003922e+01 -1.399490192417538248e+00
1.009555236000004008e+01 -1.399529625333586047e+00
1.008497002000004095e+01 -1.399569140285429558e+00
1.007438768000004181e+01 -1.399608741274169343e+00
1.006380534000004268e+01 -1.399648424017396087e+00
1.005322300000004354e+01 -1.399688196826950115e+00
1.004264066000004441e+01 -1.399728049263977203e+00
1.003205832000004527e+01 -1.399767990465524470e+00
1.002147598000004614e+01 -1.399808016386199228e+00
1.001089364000004700e+01 -1.399848126220445632e+00
1.000031130000004786e+01 -1.399888324033724762e+00
9.989728960000048730e+00 -1.399928606304589929e+00
9.979146620000049595e+00 -1.399968977117111102e+00
9.968564280000050459e+00 -1.400009432145210342e+00
9.957981940000051324e+00 -1.400049977878001117e+00
9.947399600000052189e+00 -1.400090607586192970e+00
9.936817260000053054e+00 -1.400131328570350275e+00
9.926234920000053918e+00 -1.400172136814163526e+00
9.915652580000054783e+00 -1.400213031467675728e+00
9.905070240000055648e+00 -1.400254016681435676e+00
9.894487900000056513e+00 -1.400295088870527227e+00
9.883905560000057378e+00 -1.400336252204797738e+00
9.873323220000058242e+00 -1.400377505041483284e+00
9.862740880000059107e+00 -1.400418845714957561e+00
9.852158540000059972e+00 -1.400460275691789436e+00
9.841576200000060837e+00 -1.400501799555723625e+00
9.830993860000061701e+00 -1.400543413320792796e+00
9.820411520000062566e+00 -1.400585116091429772e+00
9.809829180000063431e+00 -1.400626912105999322e+00
9.799246840000064296e+00 -1.400668797714606839e+00
9.788664500000065161e+00 -1.400710774430136585e+00
9.778082160000066025e+00 -1.400752848819319496e+00
9.767499820000066890e+00 -1.400795010953376440e+00
9.756917480000067755e+00 -1.400837267868494385e+00
9.746335140000068620e+00 -1.400879615877899109e+00
9.735752800000069485e+00 -1.400922059290207633e+00
9.725170460000070349e+00 -1.400964593662687774e+00
9.714588120000071214e+00 -1.401007225562672875e+00
9.704005780000072079e+00 -1.401049949035205522e+00
9.693423440000072944e+00 -1.401092771171963625e+00
9.682841100000073808e+00 -1.401135686286496096e+00
9.672258760000074673e+00 -1.401178694654924950e+00
9.661676420000075538e+00 -1.401221800657961092e+00
9.651094080000076403e+00 -1.401265000541117134e+00
9.640511740000077268e+00 -1.401308298706041233e+00
9.629929400000078132e+00 -1.401351690662301808e+00
9.619347060000078997e+00 -1.401395183009964462e+00
9.608764720000079862e+00 -1.401438769062717249e+00
9.598182380000080727e+00 -1.401482456164325541e+00
9.587600040000081592e+00 -1.401526240411512303e+00
9.577017700000082456e+00 -1.401570120787073881e+00
9.566435360000083321e+00 -1.401614101767163945e+00
9.555853020000084186e+00 -1.401658179527714099e+00
9.545270680000085051e+00 -1.401702358566438766e+00
9.534688340000085915e+00 -1.401746634344195108e+00
9.524106000000086780e+00 -1.401791013494895655e+00
9.513523660000087645e+00 -1.401835489345822916e+00
9.502941320000088510e+00 -1.401880069254330952e+00
9.492358980000089375e+00 -1.401924749351729949e+00
9.481776640000090239e+00 -1.401969528571115564e+00
9.471194300000091104e+00 -1.402014411487258361e+00
9.460611960000091969e+00 -1.402059394204680620e+00
9.450029620000092834e+00 -1.402104481320483265e+00
9.439447280000093699e+00 -1.402149668245440628e+00
9.428864940000094563e+00 -1.402194961648784544e+00
9.418282600000095428e+00 -1.402240354872029693e+00
9.407700260000096293e+00 -1.402285855286820704e+00
9.397117920000097158e+00 -1.402331459060461416e+00
9.386535580000098022e+00 -1.402377165075068488e+00
9.375953240000098887e+00 -1.402422978007402676e+00
9.365370900000099752e+00 -1.402468893888633383e+00
9.354788560000100617e+00 -1.402514917418667961e+00
9.344206220000101482e+00 -1.402561048947886579e+00
9.333623880000102346e+00 -1.402607282361908903e+00
9.323041540000103211e+00 -1.402653621689951891e+00
9.312459200000104076e+00 -1.402700071475449839e+00
9.301876860000104941e+00 -1.402746627923025846e+00
9.291294520000105805e+00 -1.402793289862561910e+00
9.280712180000106670e+00 -1.402840062076347039e+00
9.270129840000107535e+00 -1.402886940520246206e+00
9.259547500000108400e+00 -1.402933927136781334e+00
9.248965160000109265e+00 -1.402981028690085896e+00
9.238382820000110129e+00 -1.403028234734399637e+00
9.227800480000110994e+00 -1.403075552978947371e+00
9.217218140000111859e+00 -1.403122979336755005e+00
9.206635800000112724e+00 -1.403170518674758283e+00
9.196053460000113589e+00 -1.403218166269982525e+00
9.185471120000114453e+00 -1.403265928888328240e+00
9.174888780000115318e+00 -1.403313800533872113e+00
9.164306440000116183e+00 -1.403361786750696005e+00
9.153724100000117048e+00 -1.403409885672397772e+00
9.143141760000117912e+00 -1.403458095422327689e+00
9.132559420000118777e+00 -1.403506420954351741e+00
9.121977080000119642e+00 -1.403554858102949776e+00
9.111394740000120507e+00 -1.403603411847233140e+00
9.100812400000121372e+00 -1.403652077409519805e+00
9.090230060000122236e+00 -1.403700861596418825e+00
9.079647720000123101e+00 -1.403749757806460607e+00
9.069065380000123966e+00 -1.403798773468767358e+00
9.058483040000124831e+00 -1.403847904890627385e+00
9.047900700000125696e+00 -1.403897150762247303e+00
9.037318360000126560e+00 -1.403946516152768886e+00
9.026736020000127425e+00 -1.403995996815974978e+00
9.016153680000128290e+00 -1.404045597847185523e+00
9.005571340000129155e+00 -1.404095314412580064e+00
8.994989000000130019e+00 -1.404145155681435275e+00
8.984406660000130884e+00 -1.404195110435274341e+00
8.973824320000131749e+00 -1.404245188436180403e+00
8.963241980000132614e+00 -1.404295386034650539e+00
8.952659640000133479e+00 -1.404345701863707330e+00
8.942077300000134343e+00 -1.404396141112037144e+00
8.931494960000135208e+00 -1.404446699450301095e+00
8.920912620000136073e+00 -1.404497382094298530e+00
8.910330280000136938e+00 -1.404548184152719870e+00
8.899747940000137802e+00 -1.404599112518575055e+00
8.889165600000138667e+00 -1.404650160627562538e+00
8.878583260000139532e+00 -1.404701335946264118e+00
8.868000920000140397e+00 -1.404752634870095607e+00
8.857418580000141262e+00 -1.404804055973554178e+00
8.846836240000142126e+00 -1.404855604569018368e+00
8.836253900000142991e+00 -1.404907276241970759e+00
8.825671560000143856e+00 -1.404959076332972456e+00
8.815089220000144721e+00 -1.405011002872023296e+00
8.804506880000145586e+00 -1.405063053857237954e+00
8.793924540000146450e+00 -1.405115231685408306e+00
8.783342200000147315e+00 -1.405167540863076159e+00
8.772759860000148180e+00 -1.405219977832592226e+00
8.762177520000149045e+00 -1.405272541108333328e+00
8.751595180000149909e+00 -1.405325236131107269e+00
8.741012840000150774e+00 -1.405378058398701890e+00
8.730430500000151639e+00 -1.405431013381069238e+00
8.719848160000152504e+00 -1.405484099075187565e+00
8.709265820000153369e+00 -1.405537313444922276e+00
8.698683480000154233e+00 -1.405590662008123104e+00
8.688101140000155098e+00 -1.405644140212775950e+00
8.677518800000155963e+00 -1.405697753602821232e+00
8.666936460000156828e+00 -1.405751497133283845e+00
8.656354120000157693e+00 -1.405805377818673652e+00
8.645771780000158557e+00 -1.405859389626113121e+00
8.635189440000159422e+00 -1.405913541164891312e+00
8.624607100000160287e+00 -1.405967825351078782e+00
8.614024760000161152e+00 -1.406022242639805908e+00
8.603442420000162016e+00 -1.406076798681266560e+00
8.592860080000162881e+00 -1.406131488831873000e+00
8.582277740000163746e+00 -1.406186318772732147e+00
8.571695400000164611e+00 -1.406241283395880171e+00
8.561113060000165476e+00 -1.406296389767234478e+00
8.550530720000166340e+00 -1.406351631399590074e+00
8.539948380000167205e+00 -1.406407015837070729e+00
8.529366040000168070e+00 -1.406462539651652577e+00
8.518783700000168935e+00 -1.406518201196913509e+00
8.508201360000169799e+00 -1.406574006264288190e+00
8.497619020000170664e+00 -1.406629950115940941e+00
8.487036680000171529e+00 -1.406686038575384545e+00
8.476454340000172394e+00 -1.406742266470110581e+00
8.465872000000173259e+00 -1.406798640919709298e+00
8.455289660000174123e+00 -1.406855155461618878e+00
8.444707320000174988e+00 -1.406911817664675768e+00
8.434124980000175853e+00 -1.406968624155679359e+00
8.423542640000176718e+00 -1.407025573222460357e+00
8.412960300000177583e+00 -1.407082670803040392e+00
8.402377960000178447e+00 -1.407139912062761233e+00
8.391795620000179312e+00 -1.407197302973001829e+00
8.381213280000180177e+00 -1.407254838295137311e+00
8.370630940000181042e+00 -1.407312525204795994e+00
8.360048600000181906e+00 -1.407370357265503857e+00
8.349466260000182771e+00 -1.407428342072367666e+00
8.338883920000183636e+00 -1.407486476309531609e+00
8.328301580000184501e+00 -1.407544758197257329e+00
8.317719240000185366e+00 -1.407603193826097554e+00
8.307136900000186230e+00 -1.407661778261627195e+00
8.296554560000187095e+00 -1.407720514390869759e+00
8.285972220000187960e+00 -1.407779409165867524e+00
8.275389880000188825e+00 -1.407838451744583219e+00
8.264807540000189690e+00 -1.407897648298701787e+00
8.254225200000190554e+00 -1.407317879054744481e+00
8.243642860000191419e+00 -1.408016511097283319e+00
8.233060520000192284e+00 -1.407433511867866915e+00
8.222478180000193149e+00 -1.407491543128784439e+00
8.211895840000194013e+00 -1.407549736311770605e+00
8.201313500000194878e+00 -1.407608066735154928e+00
8.190731160000195743e+00 -1.407666579442519383e+00
8.180148820000196608e+00 -1.407725196464451711e+00
8.169566480000197473e+00 -1.407783999158526145e+00
8.158984140000198337e+00 -1.407842954315940087e+00
8.148401800000199202e+00 -1.407902032110599944e+00
8.137819460000200067e+00 -1.407961286516381749e+00
8.127237120000200932e+00 -1.408020704990591510e+00
8.116654780000201796e+00 -1.408080249636409764e+00
8.106072440000202661e+00 -1.408139987856025455e+00
8.095490100000203526e+00 -1.408199836850656528e+00
8.084907760000204391e+00 -1.408259853176769827e+00
8.074325420000205256e+00 -1.408320093187918731e+00
8.063743080000206120e+00 -1.408380405957897485e+00
8.053160740000206985e+00 -1.408440909801575991e+00
8.042578400000207850e+00 -1.408501565915134979e+00
8.031996060000208715e+00 -1.409240252103655555e+00
8.021413720000209580e+00 -1.408623382404284419e+00
8.010831380000210444e+00 -1.408684521326166728e+00
8.000249040000211309e+00 -1.408745828453437321e+00
7.989666700000212174e+00 -1.408807295078639443e+00
7.979084360000213039e+00 -1.408868927656676373e+00
7.968502020000213903e+00 -1.408930721013005982e+00
7.957919680000214768e+00 -1.408992681640196087e+00
7.947337340000215633e+00 -1.409748300396684417e+00
7.936755000000216498e+00 -1.409812586685294855e+00
7.926172660000217363e+00 -1.409877056312032195e+00
7.915590320000218227e+00 -1.409941688813425298e+00
7.905007980000219092e+00 -1.409304970186167516e+00
7.894425640000219957e+00 -1.409367927867328119e+00
7.883843300000220822e+00 -1.409431057544615173e+00
7.873260960000221687e+00 -1.409494353933768318e+00
7.862678620000222551e+00 -1.409557823701601764e+00
7.852096280000223416e+00 nan
7.841513940000224281e+00 nan
7.830931600000225146e+00 nan
7.820349260000226010e+00 nan
7.809766920000226875e+00 -1.409877746575254998e+00
7.799184580000227740e+00 -1.409942250224763383e+00
7.788602240000228605e+00 -1.410006932211278485e+00
7.778019900000229470e+00 -1.410071787138404087e+00
7.767437560000230334e+00 -1.410136821853604339e+00
7.756855220000231199e+00 -1.410202034019914397e+00
7.746272880000232064e+00 -1.410267421272028088e+00
7.735690540000232929e+00 nan
7.725108200000233794e+00 nan
7.714525860000234658e+00 -1.410464665568767595e+00
7.703943520000235523e+00 -1.410530772836306568e+00
7.693361180000236388e+00 -1.410597065099116865e+00
7.682778840000237253e+00 -1.410663536843704158e+00
7.672196500000238117e+00 nan
7.661614160000238982e+00 nan
7.651031820000239847e+00 -1.410864061654121482e+00
7.640449480000240712e+00 -1.410931274632543531e+00
7.629867140000241577e+00 -1.410998670869511251e+00
7.619284800000242441e+00 -1.411066257510721789e+00
7.608702460000243306e+00 -1.411134024256929020e+00
7.598120120000244171e+00 -1.411201992380991532e+00
7.587537780000245036e+00 -1.411270142166010100e+00
7.576955440000245900e+00 -1.411338488723262508e+00
7.566373100000246765e+00 -1.411407023281892936e+00
7.555790760000247630e+00 -1.411475746566065004e+00
7.545208420000248495e+00 -1.411544665877884075e+00
7.534626080000249360e+00 -1.411613775517046365e+00
7.524043740000250224e+00 -1.411683082833275593e+00
7.513461400000251089e+00 -1.412535622950785053e+00
7.502879060000251954e+00 -1.412607784365548458e+00
7.492296720000252819e+00 -1.411892179366982081e+00
7.481714380000253684e+00 -1.412752548297905308e+00
7.471132040000254548e+00 -1.412032557878764916e+00
7.460549700000255413e+00 -1.412103045732134632e+00
7.449967360000256278e+00 -1.412173737179784672e+00
7.439385020000257143e+00 -1.412244626396907954e+00
7.428802680000258007e+00 -1.412315720923310813e+00
7.418220340000258872e+00 -1.413191765188302140e+00
7.407638000000259737e+00 -1.413265758385287452e+00
7.397055660000260602e+00 -1.413339874624105041e+00
7.386473320000261467e+00 -1.413414380542343141e+00
7.375890980000262331e+00 -1.413488921166576429e+00
7.365308640000263196e+00 -1.413563771140662562e+00
7.354726300000264061e+00 -1.412819100941379080e+00
7.344143960000264926e+00 -1.412891839368128233e+00
7.333561620000265791e+00 -1.412964791137150788e+00
7.322979280000266655e+00 -1.413037945806332907e+00
7.312396940000267520e+00 -1.413111324686430414e+00
7.301814600000268385e+00 -1.413184914786297375e+00
7.291232260000269250e+00 -1.414094066303744013e+00
7.280649920000270114e+00 -1.414170567397475375e+00
7.270067580000270979e+00 -1.413406951312271564e+00
7.259485240000271844e+00 nan
7.248902900000272709e+00 -1.413556059355211003e+00
7.238320560000273574e+00 -1.413630942127008572e+00
7.227738220000274438e+00 -1.413706047677130817e+00
7.217155880000275303e+00 -1.413781366420004515e+00
7.206573540000276168e+00 nan
7.195991200000277033e+00 -1.413932672010948632e+00
7.185408860000277897e+00 -1.414008660872638545e+00
7.174826520000278762e+00 -1.414084870288154772e+00
7.164244180000279627e+00 -1.414161308495831992e+00
7.153661840000280492e+00 -1.414237969136717066e+00
7.143079500000281357e+00 -1.414314863515384602e+00
7.132497160000282221e+00 -1.414391980227869050e+00
7.121914820000283086e+00 -1.414469325444787984e+00
7.111332480000283951e+00 -1.414546904396296156e+00
7.100750140000284816e+00 -1.414624711034584648e+00
7.090167800000285681e+00 -1.414702753551499770e+00
7.079585460000286545e+00 -1.414781021310154818e+00
7.069003120000287410e+00 -1.414859535865127249e+00
7.058420780000288275e+00 -1.414938277640102937e+00
7.047838440000289140e+00 -1.415017259696957685e+00
7.037256100000290004e+00 -1.415096479297631715e+00
7.026673760000290869e+00 -1.415175933755473681e+00
7.016091420000291734e+00 -1.415255631657685198e+00
7.005509080000292599e+00 -1.415335566555525393e+00
6.994926740000293464e+00 -1.415415747102933608e+00
6.984344400000294328e+00 -1.416414368692931136e+00
6.973762060000295193e+00 -1.416498097151581259e+00
6.963179720000296058e+00 -1.416582082817160027e+00
6.952597380000296923e+00 -1.416666320800397560e+00
6.942015040000297788e+00 -1.416748379163497829e+00
6.931432700000298652e+00 -1.416833055099300909e+00
6.920850360000299517e+00 -1.416917997403451368e+00
6.910268020000300382e+00 -1.416066016729235155e+00
6.899685680000301247e+00 -1.417088669683683522e+00
6.889103340000302111e+00 -1.417174396435207928e+00
6.878521000000302976e+00 -1.417260409284166967e+00
6.867938660000303841e+00 -1.417349854036583423e+00
6.857356320000304706e+00 -1.417436506167216947e+00
6.846773980000305571e+00 -1.417523439853263456e+00
6.836191640000306435e+00 -1.417610645448505791e+00
6.825609300000307300e+00 -1.417698132508809827e+00
6.815026960000308165e+00 -1.417785894114596879e+00
6.804444620000309030e+00 -1.417873939893235846e+00
6.793862280000309894e+00 -1.417962256662284926e+00
6.783279940000310759e+00 -1.418050872840260546e+00
6.772697600000311624e+00 -1.418135372422318019e+00
6.762115260000312489e+00 -1.417243174719001964e+00
6.751532920000313354e+00 -1.417329235707354140e+00
6.740950580000314218e+00 -1.417415562806955576e+00
6.730368240000315083e+00 -1.417502165460585495e+00
6.719785900000315948e+00 -1.417589036753893472e+00
6.709203560000316813e+00 -1.417676186195883759e+00
6.698621220000317678e+00 -1.417763610983240330e+00
6.688038880000318542e+00 -1.418865805380818745e+00
6.677456540000319407e+00 -1.418957488613858064e+00
6.666874200000320272e+00 -1.419049468101387657e+00
6.656291860000321137e+00 -1.419135243401758562e+00
6.645709520000322001e+00 -1.419227604069399851e+00
6.635127180000322866e+00 -1.419320270475031176e+00
6.624544840000323731e+00 -1.419413235310384769e+00
6.613962500000324596e+00 -1.419506511508199731e+00
6.603380160000325461e+00 -1.419600085533394562e+00
6.592797820000326325e+00 -1.418653272945112453e+00
6.582215480000327190e+00 -1.418743814505940115e+00
6.571633140000328055e+00 -1.419875975852334493e+00
6.561050800000328920e+00 -1.418925769449428387e+00
6.550468460000329785e+00 -1.420081865150598865e+00
6.539886120000330649e+00 -1.420177643065935413e+00
6.529303780000331514e+00 -1.420273738565905886e+00
6.518721440000332379e+00 -1.420370172374069151e+00
6.508139100000333244e+00 -1.420466932898278634e+00
6.497556760000334108e+00 -1.420564021992070103e+00
6.486974420000334973e+00 -1.420661450781543822e+00
6.476392080000335838e+00 -1.420759212046771136e+00
6.465809740000336703e+00 -1.419759312290330255e+00
6.455227400000337568e+00 -1.420943124597215279e+00
6.444645060000338432e+00 -1.421041481826968322e+00
6.434062720000339297e+00 -1.421140166464916588e+00
6.423480380000340162e+00 -1.421228236134509437e+00
6.412898040000341027e+00 -1.421327199525908691e+00
6.402315700000341891e+00 -1.421426478490779521e+00
6.391733360000342756e+00 -1.421526089245773505e+00
6.381151020000343621e+00 -1.421626020978348670e+00
6.370568680000344486e+00 -1.421726284424385645e+00
6.359986340000345351e+00 -1.421826866299292114e+00
6.349404000000346215e+00 -1.421945448050297989e+00
6.338821660000347080e+00 -1.422047302023178528e+00
6.328239320000347945e+00 -1.422149497248568650e+00
6.317656980000348810e+00 -1.422252052953553392e+00
6.307074640000349675e+00 -1.422354958772683808e+00
6.296492300000350539e+00 -1.422458226257089953e+00
6.285909960000351404e+00 -1.422561847586507611e+00
6.275327620000352269e+00 -1.422665834404223117e+00
6.264745280000353134e+00 -1.422770172775443154e+00
6.254162940000353998e+00 -1.422874892682213899e+00
6.243580600000354863e+00 -1.422979975500752614e+00
6.232998260000355728e+00 -1.423085416590972319e+00
6.222415920000356593e+00 -1.423191235550060219e+00
6.211833580000357458e+00 -1.423297421856156930e+00
6.201251240000358322e+00 -1.423403987481300481e+00
6.190668900000359187e+00 -1.423510924435797742e+00
6.180086560000360052e+00 -1.423618244788662279e+00
6.169504220000360917e+00 -1.423725950630394754e+00
6.158921880000361782e+00 -1.423834028851231004e+00
6.148339540000362646e+00 -1.423942499267038198e+00
6.137757200000363511e+00 -1.424051346099544091e+00
6.127174860000364376e+00 -1.424160589356852524e+00
6.116592520000365241e+00 -1.424270218351258555e+00
6.106010180000366105e+00 -1.424380245496221109e+00
6.095427840000366970e+00 -1.424490662631049620e+00
6.084845500000367835e+00 -1.424601482270933639e+00
6.074263160000368700e+00 -1.424712701431345874e+00
6.063680820000369565e+00 -1.424824317077446834e+00
6.053098480000370429e+00 -1.424936341875395307e+00
6.042516140000371294e+00 -1.425048767568772190e+00
6.031933800000372159e+00 -1.425161606929526981e+00
6.021351460000373024e+00 -1.425274845886448816e+00
6.010769120000373889e+00 -1.425388514947836249e+00
6.000186780000374753e+00 -1.425502587848223479e+00
5.989604440000375618e+00 -1.425617083636472771e+00
5.979022100000376483e+00 -1.425731999323102128e+00
5.968439760000377348e+00 -1.425847331849528610e+00
5.957857420000378212e+00 -1.425963094356378580e+00
5.947275080000379077e+00 -1.426079278413966867e+00
5.936692740000379942e+00 -1.426195897271800295e+00
5.926110400000380807e+00 -1.426312936367990947e+00
5.915528060000381672e+00 -1.426430427303727155e+00
5.904945720000382536e+00 -1.426548351411631943e+00
5.894363380000383401e+00 -1.426666703980661977e+00
5.883781040000384266e+00 -1.426785506268447135e+00
5.873198700000385131e+00 -1.426904747114527083e+00
5.862616360000385995e+00 -1.427024440151659412e+00
5.852034020000386860e+00 -1.427144576774628248e+00
5.841451680000387725e+00 -1.427265170729419719e+00
5.830869340000388590e+00 -1.427386206904306620e+00
5.820287000000389455e+00 -1.427507718303704154e+00
5.809704660000390319e+00 -1.427629691335291717e+00
5.799122320000391184e+00 -1.427752109856532670e+00
5.788539980000392049e+00 -1.427875001455125137e+00
5.777957640000392914e+00 -1.427998354761821798e+00
5.767375300000393779e+00 -1.428122183918496990e+00
5.756792960000394643e+00 -1.428246480141283969e+00
5.746210620000395508e+00 -1.428371257688995533e+00
5.735628280000396373e+00 -1.428496501576217215e+00
5.725045940000397238e+00 -1.428622244569164756e+00
5.714463600000398102e+00 -1.428748467891482354e+00
5.703881260000398967e+00 -1.428875166702096910e+00
5.693298920000399832e+00 -1.429002363447995361e+00
5.682716580000400697e+00 -1.429130046533812815e+00
5.672134240000401562e+00 -1.429258228787426477e+00
5.661551900000402426e+00 -1.429386904805063807e+00
5.650969560000403291e+00 -1.429516107016183035e+00
5.640387220000404156e+00 -1.429645794727915531e+00
5.629804880000405021e+00 -1.429775983190749944e+00
5.619222540000405886e+00 -1.429906690021559346e+00
5.608640200000406750e+00 -1.430037898121568896e+00
5.598057860000407615e+00 -1.430169630602789343e+00
5.587475520000408480e+00 -1.430301875626101005e+00
5.576893180000409345e+00 -1.430434648390895180e+00
5.566310840000410209e+00 -1.430567939741484551e+00
5.555728500000411074e+00 -1.430701758778300636e+00
5.545146160000411939e+00 -1.430836121073320477e+00
5.534563820000412804e+00 -1.430971004899214805e+00
5.523981480000413669e+00 -1.431106431943468982e+00
5.513399140000414533e+00 -1.431242392939494179e+00
5.502816800000415398e+00 -1.431378903505119871e+00
5.492234460000416263e+00 -1.431515947996814697e+00
5.481652120000417128e+00 -1.431653560939958547e+00
5.471069780000417992e+00 -1.431791714183272113e+00
5.460487440000418857e+00 -1.431930436511722915e+00
5.449905100000419722e+00 -1.432069711531037015e+00
5.439322760000420587e+00 -1.432209542715577655e+00
5.428740420000421452e+00 -1.432349946091647563e+00
5.418158080000422316e+00 -1.432490912179531728e+00
5.407575740000423181e+00 -1.432632457125116998e+00
5.396993400000424046e+00 -1.432774564968109399e+00
5.386411060000424911e+00 -1.432917270994434888e+00
5.375828720000425776e+00 -1.433060555942675673e+00
5.365246380000426640e+00 -1.433204414434055218e+00
5.354664040000427505e+00 -1.433348871466057828e+00
5.344081700000428370e+00 -1.433493914421196669e+00
5.333499360000429235e+00 -1.433639559838209232e+00
5.322917020000430099e+00 -1.433785797999615363e+00
5.312334680000430964e+00 -1.433932645558281260e+00
5.301752340000431829e+00 -1.434080086188409098e+00
5.291170000000432694e+00 -1.434228155965146634e+00
5.280587660000433559e+00 -1.434376835369388203e+00
5.270005320000434423e+00 -1.434526118743431722e+00
5.259422980000435288e+00 -1.434676031875555147e+00
5.248840640000436153e+00 -1.434826561754769525e+00
5.238258300000437018e+00 -1.434977725397469150e+00
5.227675960000437883e+00 -1.435129512810834562e+00
5.217093620000438747e+00 -1.435281941115102988e+00
5.206511280000439612e+00 -1.435434993553484251e+00
5.195928940000440477e+00 -1.435588707005659437e+00
5.185346600000441342e+00 -1.435743061609117133e+00
5.174764260000442206e+00 -1.435898051338069692e+00
5.164181920000443071e+00 -1.436053702779707120e+00
5.153599580000443936e+00 -1.436210002454367363e+00
5.143017240000444801e+00 -1.436366967796613547e+00
5.132434900000445666e+00 -1.436524588483759635e+00
5.121852560000446530e+00 -1.436682882037735087e+00
5.111270220000447395e+00 -1.436841852822114962e+00
5.100687880000448260e+00 -1.437001481589620600e+00
5.090105540000449125e+00 -1.437161797004304464e+00
5.079523200000449989e+00 -1.437322778861794159e+00
5.068940860000450854e+00 -1.437484454533720202e+00
5.058358520000451719e+00 -1.437646809971151685e+00
5.047776180000452584e+00 -1.437809862934682270e+00
5.037193840000453449e+00 -1.437973602694339270e+00
5.026611500000454313e+00 -1.438138040232479042e+00
5.016029160000455178e+00 -1.438303192196626057e+00
5.005446820000456043e+00 -1.438469034414066483e+00
4.994864480000456908e+00 -1.438635591505100786e+00
4.984282140000457773e+00 -1.438802852468443971e+00
4.973699800000458637e+00 -1.438970835236190959e+00
4.963117460000459502e+00 -1.439139521483914219e+00
4.952535120000460367e+00 -1.439308950059681402e+00
4.941952780000461232e+00 -1.439479088821240760e+00
4.931370440000462096e+00 -1.439649962581479592e+00
4.920788100000462961e+00 -1.439821567431733618e+00
4.910205760000463826e+00 -1.439993898951100748e+00
4.899623420000464691e+00 -1.440166975123710946e+00
4.889041080000465556e+00 -1.440340784353044246e+00
4.878458740000466420e+00 -1.440515344622400384e+00
4.867876400000467285e+00 -1.440690636714745176e+00
4.857294060000468150e+00 -1.440866700115653654e+00
4.846711720000469015e+00 -1.441043512551786643e+00
4.836129380000469880e+00 -1.441221065458306416e+00
4.825547040000470744e+00 -1.441399387906967977e+00
4.814964700000471609e+00 -1.441578463677212429e+00
4.804382360000472474e+00 -1.441758310615900873e+00
4.793800020000473339e+00 -1.441938916354335909e+00
4.783217680000474203e+00 -1.442120298681969892e+00
4.772635340000475068e+00 -1.442302437253512704e+00
4.762053000000475933e+00 -1.442485381666768207e+00
4.751470660000476798e+00 -1.442669089219613232e+00
4.740888320000477663e+00 -1.442853559639516448e+00
4.730305980000478527e+00 -1.443038822398293064e+00
4.719723640000479392e+00 -1.443224859998049725e+00
4.709141300000480257e+00 -1.443411689841618495e+00
4.698558960000481122e+00 -1.443599298542715292e+00
4.687976620000481986e+00 -1.443787703364987962e+00
4.677394280000482851e+00 -1.443976882524840466e+00
4.666811940000483716e+00 -1.444166876234342256e+00
4.656229600000484581e+00 -1.444357659387425663e+00
4.645647260000485446e+00 -1.444549220465275008e+00
4.635064920000486310e+00 -1.444741589120905223e+00
4.624482580000487175e+00 -1.444934746126978808e+00
4.613900240000488040e+00 -1.445128708067339618e+00
4.603317900000488905e+00 -1.445323460213985056e+00
4.592735560000489770e+00 -1.445519018856675331e+00
4.582153220000490634e+00 -1.445715376168482447e+00
4.571570880000491499e+00 -1.445912524871158400e+00
4.560988540000492364e+00 -1.446110485153933922e+00
4.550406200000493229e+00 -1.446309227517624141e+00
4.539823860000494093e+00 -1.446508781312272118e+00
4.529241520000494958e+00 -1.446709125307345190e+00
4.518659180000495823e+00 -1.446910274616574732e+00
4.508076840000496688e+00 -1.447112212738877801e+00
4.497494500000497553e+00 -1.447314946011054593e+00
4.486912160000498417e+00 -1.447518489817418263e+00
4.476329820000499282e+00 -1.447722809879396388e+00
4.465747480000500147e+00 -1.447927928297188638e+00
4.455165140000501012e+00 -1.448133827349505687e+00
4.444582800000501877e+00 -1.448340520561030464e+00
4.434000460000502741e+00 -1.448547981826115327e+00
4.423418120000503606e+00 -1.448756245653783692e+00
4.412835780000504471e+00 -1.448965271644067299e+00
4.402253440000505336e+00 -1.449175090946652533e+00
4.391671100000506200e+00 -1.449385668419657325e+00
4.381088760000507065e+00 -1.449597003228308312e+00
4.370506420000507930e+00 -1.449809106721251961e+00
4.359924080000508795e+00 -1.450021958447760717e+00
4.349341740000509660e+00 -1.450235569043320183e+00
4.338759400000510524e+00 -1.450449909009555283e+00
4.328177060000511389e+00 -1.450665010835171964e+00
4.317594720000512254e+00 -1.450880841778866559e+00
4.307012380000513119e+00 -1.451097382405662550e+00
4.296430040000513984e+00 -1.451314653659873777e+00
4.285847700000514848e+00 -1.451532627397377428e+00
4.275265360000515713e+00 -1.451751311177653658e+00
4.264683020000516578e+00 -1.451970680961077065e+00
4.254100680000517443e+00 -1.452190743304527576e+00
4.243518340000518307e+00 -1.452411464322355350e+00
4.232936000000519172e+00 -1.452632873415632853e+00
4.222353660000520037e+00 -1.452854932778447683e+00
4.211771320000520902e+00 -1.453077617755824225e+00
4.201188980000521767e+00 -1.453300945755375162e+00
4.190606640000522631e+00 -1.453524883597551831e+00
4.180024300000523496e+00 -1.453749433598461982e+00
4.169441960000524361e+00 -1.453974567015995145e+00
4.158859620000525226e+00 -1.454200284791783870e+00
4.148277280000526090e+00 -1.454426547371717282e+00
4.137694940000526955e+00 -1.454653379667318003e+00
4.127112600000527820e+00 -1.454880737303951177e+00
4.116530260000528685e+00 -1.455108588847462636e+00
4.105947920000529550e+00 -1.455336946635866324e+00
4.095365580000530414e+00 -1.455565770994100339e+00
4.084783240000531279e+00 -1.455795057119546820e+00
4.074200900000532144e+00 -1.456024770136570945e+00
4.063618560000533009e+00 -1.456254903390761024e+00
4.053036220000533874e+00 -1.456485440810131315e+00
4.042453880000534738e+00 -1.456716323777456967e+00
4.031871540000535603e+00 -1.456947561587128792e+00
4.021289200000536468e+00 -1.457179098322122890e+00
4.010706860000537333e+00 -1.457410939253949822e+00
4.000124520000538197e+00 -1.457643036353525989e+00
3.989542180000539062e+00 -1.457875375295632825e+00
3.978959840000539927e+00 -1.458107913243621434e+00
3.968377500000540792e+00 -1.458340623686818383e+00
3.957795160000541657e+00 -1.458573495768272332e+00
3.947212820000542521e+00 -1.458806461639490903e+00
3.936630480000543386e+00 -1.459039509367633158e+00
3.926048140000544251e+00 -1.459272587150022504e+00
3.915465800000545116e+00 -1.459505677974825444e+00
3.904883460000545981e+00 -1.459738716111072865e+00
3.894301120000546845e+00 -1.459971705403726450e+00
3.883718780000547710e+00 -1.460204561981512050e+00
3.873136440000548575e+00 -1.460437265039099763e+00
3.862554100000549440e+00 -1.460669765321227498e+00
3.851971760000550304e+00 -1.460902009643000099e+00
3.841389420000551169e+00 -1.461133962489309601e+00
3.830807080000552034e+00 -1.461365563822276448e+00
3.820224740000552899e+00 -1.461596774369992691e+00
3.809642400000553764e+00 -1.461827517914025654e+00
3.799060060000554628e+00 -1.462057784598894905e+00
3.788477720000555493e+00 -1.462287474579240687e+00
3.777895380000556358e+00 -1.462516550491137490e+00
3.767313040000557223e+00 -1.462744948106005527e+00
3.756730700000558087e+00 -1.462972598614584729e+00
3.746148360000558952e+00 -1.463199447487871341e+00
3.735566020000559817e+00 -1.463425419591571242e+00
3.724983680000560682e+00 -1.463650455532789163e+00
3.714401340000561547e+00 -1.463874474604769160e+00
3.703819000000562411e+00 -1.464097427645559168e+00
3.693236660000563276e+00 -1.464319211121690945e+00
3.682654320000564141e+00 -1.464539733176102532e+00
3.672071980000565006e+00 -1.464758947883231022e+00
3.661489640000565871e+00 -1.464976754034525763e+00
3.650907300000566735e+00 -1.465193072602594793e+00
3.640324960000567600e+00 -1.465407809289867469e+00
3.629742620000568465e+00 -1.465620878827324614e+00
3.619160280000569330e+00 -1.465832179681300973e+00
3.608577940000570194e+00 -1.466041618613570074e+00
3.597995600000571059e+00 -1.466249090361005702e+00
3.587413260000571924e+00 -1.466454500459454469e+00
3.576830920000572789e+00 -1.466657735292532738e+00
3.566248580000573654e+00 -1.466858682913751322e+00
3.555666240000574518e+00 -1.467057232997934779e+00
3.545083900000575383e+00 -1.467253267094839719e+00
3.534501560000576248e+00 -1.467446666936199851e+00
3.523919220000577113e+00 -1.467637304380278174e+00
3.513336880000577978e+00 -1.467825053503548416e+00
3.502754540000578842e+00 -1.468009779138037318e+00
3.492172200000579707e+00 -1.468191353806406418e+00
3.481589860000580572e+00 -1.468369630298085982e+00
3.471007520000581437e+00 -1.468544465995549553e+00
3.460425180000582301e+00 -1.468715710902070537e+00
3.449842840000583166e+00 -1.468883216334736286e+00
3.439260500000584031e+00 -1.469046819967393835e+00
3.428678160000584896e+00 -1.469206365236574774e+00
3.418095820000585761e+00 -1.469361684277113556e+00
3.407513480000586625e+00 -1.469512601117425543e+00
3.396931140000587490e+00 -1.469658947183522413e+00
3.386348800000588355e+00 -1.469800534747592868e+00
3.375766460000589220e+00 -1.469937176925768085e+00
3.365184120000590084e+00 -1.470068690192093186e+00
3.354601780000590949e+00 -1.470194871842014139e+00
3.344019440000591814e+00 -1.470315530380463809e+00
3.333437100000592679e+00 -1.470430429451088594e+00
3.322854760000593544e+00 -1.470539375461119125e+00
3.312272420000594408e+00 -1.470642135459394373e+00
3.301690080000595273e+00 -1.470738498501662717e+00
3.291107740000596138e+00 -1.470828217375665270e+00
3.280525400000597003e+00 -1.470911057637477093e+00
3.269943060000597868e+00 -1.470986780411616124e+00
3.259360720000598732e+00 -1.471055123393651076e+00
3.248778380000599597e+00 -1.471115831115681782e+00
3.238196040000600462e+00 -1.471168632093110329e+00
3.227613700000601327e+00 -1.471213265225524758e+00
3.217031360000602191e+00 -1.471249426842807351e+00
3.206449020000603056e+00 -1.471276853603463275e+00
3.195866680000603921e+00 -1.471295224041020200e+00
3.185284340000604786e+00 -1.471304244901863401e+00
3.174702000000605651e+00 -1.471303607370105349e+00
3.164119660000606515e+00 -1.471292983490016804e+00
3.153537320000607380e+00 -1.471272040550777094e+00
3.142954980000608245e+00 -1.471240437829069325e+00
3.132372640000609110e+00 -1.471197846599630932e+00
3.121790300000609975e+00 -1.471143875038563031e+00
3.111207960000610839e+00 -1.471078195005073752e+00
3.100625620000611704e+00 -1.471000392476573992e+00
3.090043280000612569e+00 -1.470910119034364749e+00
3.079460940000613434e+00 -1.470806928708862760e+00
3.068878600000614298e+00 -1.470690441389526537e+00
3.058296260000615163e+00 -1.470560267401429089e+00
3.047713920000616028e+00 -1.470415922959835031e+00
3.037131580000616893e+00 -1.470257018745257049e+00
3.026549240000617758e+00 -1.470083050462815510e+00
3.015966900000618622e+00 -1.469893609490156461e+00
3.005384560000619487e+00 -1.469688166230125326e+00
2.994802220000620352e+00 -1.469466262355595854e+00
2.984219880000621217e+00 -1.469227412238544472e+00
2.973637540000622081e+00 -1.468971051461281263e+00
2.963055200000622946e+00 -1.468696707671059531e+00
2.952472860000623811e+00 -1.468403781783212736e+00
2.941890520000624676e+00 -1.468091783431910935e+00
2.931308180000625541e+00 -1.467760069775678078e+00
2.920725840000626405e+00 -1.467408131379768221e+00
2.910143500000627270e+00 -1.467035297275398831e+00
2.899561160000628135e+00 -1.466640969448661513e+00
2.888978820000629000e+00 -1.466224574889468668e+00
2.878396480000629865e+00 -1.465785374177096756e+00
2.867814140000630729e+00 -1.465322790870722702e+00
2.857231800000631594e+00 -1.464836054142982569e+00
2.846649460000632459e+00 -1.464324534036377523e+00
2.836067120000633324e+00 -1.463787461353690089e+00
2.825484780000634188e+00 -1.463224155484142086e+00
2.814902440000635053e+00 -1.462633770236191122e+00
2.804320100000635918e+00 -1.462015588174716108e+00
2.793737760000636783e+00 -1.461368865576723852e+00
2.783155420000637648e+00 -1.460692689963386748e+00
2.772573080000638512e+00 -1.459986384007578408e+00
2.761990740000639377e+00 -1.459249130332122002e+00
2.751408400000640242e+00 -1.458481094281232959e+00
2.740826060000641107e+00 -1.457686772170004863e+00
2.730243720000641972e+00 -1.456872534136772313e+00
2.719661380000642836e+00 -1.456040290462790487e+00
2.709079040000643701e+00 -1.455190397777277544e+00
2.698496700000644566e+00 -1.454322986295971010e+00
2.687914360000645431e+00 -1.453437853443434680e+00
2.677332020000646295e+00 -1.452535045598347674e+00
2.666749680000647160e+00 -1.451614296507840018e+00
2.656167340000648025e+00 -1.450675577147393813e+00
2.645585000000648890e+00 -1.449718747542286579e+00
2.635002660000649755e+00 -1.448743662193319626e+00
2.624420320000650619e+00 -1.447750204465064305e+00
2.613837980000651484e+00 -1.446738237407533934e+00
2.603255640000652349e+00 -1.445707770963643224e+00
2.592673300000653214e+00 -1.444658543743704060e+00
2.582090960000654078e+00 -1.443590657069288241e+00
2.571508620000654943e+00 -1.442503870266919508e+00
2.560926280000655808e+00 -1.441398261875312725e+00
2.550343940000656673e+00 -1.440273771641526590e+00
2.539761600000657538e+00 -1.439130390141319937e+00
2.529179260000658402e+00 -1.437968132170854174e+00
2.518596920000659267e+00 -1.436787007445974984e+00
2.508014580000660132e+00 -1.435587237969691010e+00
2.497432240000660997e+00 -1.434368736485410523e+00
2.486849900000661862e+00 -1.433131874579614440e+00
2.476267560000662726e+00 -1.431876645389566827e+00
2.465685220000663591e+00 -1.430603404181647553e+00
2.455102880000664456e+00 -1.429312593173805990e+00
2.444520540000665321e+00 -1.428004435723717602e+00
2.433938200000666185e+00 -1.426679454812434411e+00
2.423355860000667050e+00 -1.425338171617374083e+00
2.412773520000667915e+00 -1.423981436451570826e+00
2.402191180000668780e+00 -1.422609820246719226e+00
2.391608840000669645e+00 -1.421224541375165185e+00
2.381026500000670509e+00 -1.419826433992985137e+00
2.370444160000671374e+00 -1.418417205644677770e+00
2.359861820000672239e+00 -1.416998443237301952e+00
2.349279480000673104e+00 -1.415571954285435696e+00
2.338697140000673969e+00 -1.414140455990068768e+00
2.328114800000674833e+00 -1.412706698404269989e+00
2.317532460000675698e+00 -1.411274668762010798e+00
2.306950120000676563e+00 -1.409849206843783342e+00
2.296367780000677428e+00 -1.408436856950501692e+00
2.285785440000678292e+00 -1.407046510697057995e+00
2.275203100000679157e+00 -1.405692087743965146e+00
2.264620760000680022e+00 -1.404398425356054192e+00
