1.058234000000000030e+01 -1.411231531902674252e+00
1.057175766000000117e+01 -1.411280120522554249e+00
1.056117532000000203e+01 -1.411328901369232725e+00
1.055059298000000290e+01 -1.411377612864061382e+00
1.054001064000000376e+01 -1.411426448944824497e+00
1.052942830000000463e+01 -1.411475413081054286e+00
1.051884596000000549e+01 -1.411524478114633663e+00
1.050826362000000636e+01 -1.411573647219406258e+00
1.049768128000000722e+01 -1.411622908509943652e+00
1.048709894000000808e+01 -1.411672270550257569e+00
1.047651660000000895e+01 -1.411721728150214794e+00
1.046593426000000981e+01 -1.411771288928137746e+00
1.045535192000001068e+01 -1.411820949703619155e+00
1.044476958000001154e+01 -1.411870705729151076e+00
1.043418724000001241e+01 -1.411920566549108358e+00
1.042360490000001327e+01 -1.411970523153202262e+00
1.041302256000001414e+01 -1.412020584998791461e+00
1.040244022000001500e+01 -1.412070748059903069e+00
1.039185788000001587e+01 -1.412121007726300670e+00
1.038127554000001673e+01 -1.412171369684224853e+00
1.037069320000001760e+01 -1.412221837227805921e+00
1.036011086000001846e+01 -1.412272407424852716e+00
1.034952852000001933e+01 -1.412323075595484090e+00
1.033894618000002019e+01 -1.412373851450934970e+00
1.032836384000002106e+01 -1.412424725789068525e+00
1.031778150000002192e+01 -1.412475704140415234e+00
1.030719916000002279e+01 -1.412526794768136140e+00
1.029661682000002365e+01 -1.412577980563045621e+00
1.028603448000002452e+01 -1.412629275648782157e+00
1.027545214000002538e+01 -1.412680670824534968e+00
1.026486980000002625e+01 -1.412732175720272432e+00
1.025428746000002711e+01 -1.412783782192782667e+00
1.024370512000002797e+01 -1.412835497697743081e+00
1.023312278000002884e+01 -1.412887315242260300e+00
1.022254044000002970e+01 -1.412939244106426795e+00
1.021195810000003057e+01 -1.412991279589714599e+00
1.020137576000003143e+01 -1.413043417336470986e+00
1.019079342000003230e+01 -1.413095667454224325e+00
1.018021108000003316e+01 -1.413148020429387364e+00
1.016962874000003403e+01 -1.413200486176580339e+00
1.015904640000003489e+01 -1.413253056438925181e+00
1.014846406000003576e+01 -1.413305738696882585e+00
1.013788172000003662e+01 -1.413358526613045063e+00
1.012729938000003749e+01 -1.413411427601492409e+00
1.011671704000003835e+01 -1.413464438870262629e+00
1.010613470000003922e+01 -1.413517555382128421e+00
1.009555236000004008e+01 -1.413570787354633929e+00
1.008497002000004095e+01 -1.413624125166214940e+00
1.007438768000004181e+01 -1.413677578899793952e+00
1.006380534000004268e+01 -1.413731140193794866e+00
1.005322300000004354e+01 -1.413784816485639029e+00
1.004264066000004441e+01 -1.413838601638590875e+00
1.003205832000004527e+01 -1.413892503029767544e+00
1.002147598000004614e+01 -1.413946517743903009e+00
1.001089364000004700e+01 -1.414000640812961729e+00
1.000031130000004786e+01 -1.414054882590576545e+00
9.989728960000048730e+00 -1.414109233285411493e+00
9.979146620000049595e+00 -1.414163703168191732e+00
9.968564280000050459e+00 -1.414218283772684881e+00
9.957981940000051324e+00 -1.414272982639854570e+00
9.947399600000052189e+00 -1.414327793512413445e+00
9.936817260000053054e+00 -1.414382723799654906e+00
9.926234920000053918e+00 -1.414437770838032682e+00
9.915652580000054783e+00 -1.414492929333878157e+00
9.905070240000055648e+00 -1.414548209915524435e+00
9.894487900000056513e+00 -1.414603602607734656e+00
9.883905560000057378e+00 -1.414659117878122707e+00
9.873323220000058242e+00 -1.414714751460728781e+00
9.862740880000059107e+00 -1.414770498008072419e+00
9.852158540000059972e+00 -1.414826364201146047e+00
9.841576200000060837e+00 -1.414882353262327142e+00
9.830993860000061701e+00 -1.414938462389383478e+00
9.820411520000062566e+00 -1.414994686309897887e+00
9.809829180000063431e+00 -1.415051035810014346e+00
9.799246840000064296e+00 -1.415107500745397262e+00
9.788664500000065161e+00 -1.415164087431275641e+00
9.778082160000066025e+00 -1.415220804601203808e+00
9.767499820000066890e+00 -1.415277633747415331e+00
9.756917480000067755e+00 -1.415334590507477452e+00
9.746335140000068620e+00 -1.415391664673624428e+00
9.735752800000069485e+00 -1.415448866905841152e+00
9.725170460000070349e+00 -1.415506188532769105e+00
9.714588120000071214e+00 -1.415563637138145925e+00
9.704005780000072079e+00 -1.415621205719743259e+00
9.693423440000072944e+00 -1.415678904239957125e+00
9.682841100000073808e+00 -1.415736727773811321e+00
9.672258760000074673e+00 -1.415794671380964376e+00
9.661676420000075538e+00 -1.415852746262684425e+00
9.651094080000076403e+00 -1.415910942046288312e+00
9.640511740000077268e+00 -1.415969269665623198e+00
9.629929400000078132e+00 -1.416027720301098247e+00
9.619347060000078997e+00 -1.416086301567907935e+00
9.608764720000079862e+00 -1.416145007404804756e+00
9.598182380000080727e+00 -1.416203845176839282e+00
9.587600040000081592e+00 -1.416262812500511004e+00
9.577017700000082456e+00 -1.416321903570632923e+00
9.566435360000083321e+00 -1.416381129816671747e+00
9.555853020000084186e+00 -1.416440480584897355e+00
9.545270680000085051e+00 -1.416499967075307342e+00
9.534688340000085915e+00 -1.416559580344497027e+00
9.524106000000086780e+00 -1.416619328327248351e+00
9.513523660000087645e+00 -1.416679204483540788e+00
9.502941320000088510e+00 -1.416739216363492426e+00
9.492358980000089375e+00 -1.416799361754968789e+00
9.481776640000090239e+00 -1.416859634692466452e+00
9.471194300000091104e+00 -1.416920046828070934e+00
9.460611960000091969e+00 -1.416980587299521144e+00
9.450029620000092834e+00 -1.417041267525795289e+00
9.439447280000093699e+00 -1.417102078983981661e+00
9.428864940000094563e+00 -1.417163028399252012e+00
9.418282600000095428e+00 -1.417224110199603926e+00
9.407700260000096293e+00 -1.417285331758963540e+00
9.397117920000097158e+00 -1.417346690901934103e+00
9.386535580000098022e+00 -1.417408181491054409e+00
9.375953240000098887e+00 -1.417469815460957516e+00
9.365370900000099752e+00 -1.417531582378246169e+00
9.354788560000100617e+00 -1.417593492769570362e+00
9.344206220000101482e+00 -1.417655542391621948e+00
9.333623880000102346e+00 -1.417717725367277692e+00
9.323041540000103211e+00 -1.417780049627380690e+00
9.312459200000104076e+00 -1.417842517723175044e+00
9.301876860000104941e+00 -1.417905128328988518e+00
9.291294520000105805e+00 -1.417967874010062967e+00
9.280712180000106670e+00 -1.418030767332599584e+00
9.270129840000107535e+00 -1.418093797084575947e+00
9.259547500000108400e+00 -1.418156970478609447e+00
9.248965160000109265e+00 -1.418220297549008135e+00
9.238382820000110129e+00 -1.418283756955110109e+00
9.227800480000110994e+00 -1.418347366646117269e+00
9.217218140000111859e+00 -1.418411115156127833e+00
9.206635800000112724e+00 -1.418475014943991974e+00
9.196053460000113589e+00 -1.418539055913084823e+00
9.185471120000114453e+00 -1.418603245976065130e+00
9.174888780000115318e+00 -1.418667578356320513e+00
9.164306440000116183e+00 -1.418732064361570178e+00
9.153724100000117048e+00 -1.418796697671314888e+00
9.143141760000117912e+00 -1.418861472984212835e+00
9.132559420000118777e+00 -1.418926403371334688e+00
9.121977080000119642e+00 -1.418991477349293318e+00
9.111394740000120507e+00 -1.419056706535106738e+00
9.100812400000121372e+00 -1.419122081661616352e+00
9.090230060000122236e+00 -1.419187610506405850e+00
9.079647720000123101e+00 -1.419253288077911179e+00
9.069065380000123966e+00 -1.419319120550259328e+00
9.058483040000124831e+00 -1.419385106575653532e+00
9.047900700000125696e+00 -1.419451239303068935e+00
9.037318360000126560e+00 -1.419517532317994712e+00
9.026736020000127425e+00 -1.419583972746941702e+00
9.016153680000128290e+00 -1.419650573461588738e+00
9.005571340000129155e+00 -1.419717325390396967e+00
8.994989000000130019e+00 -1.419784235308687581e+00
8.984406660000130884e+00 -1.419851298400910400e+00
8.973824320000131749e+00 -1.419918522059759214e+00
8.963241980000132614e+00 -1.419985903674930272e+00
8.952659640000133479e+00 -1.420053436996002283e+00
8.942077300000134343e+00 -1.420121135322698791e+00
8.931494960000135208e+00 -1.420188986041893253e+00
8.920912620000136073e+00 -1.420257002048771255e+00
8.910330280000136938e+00 -1.420325174271875657e+00
8.899747940000137802e+00 -1.420393509508341756e+00
8.889165600000138667e+00 -1.420462002892489473e+00
8.878583260000139532e+00 -1.420530661715927678e+00
8.868000920000140397e+00 -1.420599483962211584e+00
8.857418580000141262e+00 -1.420668462551346822e+00
8.846836240000142126e+00 -1.420737611616398555e+00
8.836253900000142991e+00 -1.420806917920933277e+00
8.825671560000143856e+00 -1.420876394889536654e+00
8.815089220000144721e+00 -1.420946038124123900e+00
8.804506880000145586e+00 -1.421015839624648391e+00
8.793924540000146450e+00 -1.421085809478065620e+00
8.783342200000147315e+00 -1.421155950470512908e+00
8.772759860000148180e+00 -1.421226259552008431e+00
8.762177520000149045e+00 -1.421296730415633647e+00
8.751595180000149909e+00 -1.421367377468131687e+00
8.741012840000150774e+00 -1.421438186511154944e+00
8.730430500000151639e+00 -1.421509172033958102e+00
8.719848160000152504e+00 -1.421580329151598932e+00
8.709265820000153369e+00 -1.421651650066059425e+00
8.698683480000154233e+00 -1.421723149559046773e+00
8.688101140000155098e+00 -1.421794815552666957e+00
8.677518800000155963e+00 -1.421866660440861851e+00
8.666936460000156828e+00 -1.421938674251577162e+00
8.656354120000157693e+00 -1.422010866476660418e+00
8.645771780000158557e+00 -1.422083227887969148e+00
8.635189440000159422e+00 -1.422155772180212718e+00
8.624607100000160287e+00 -1.422228492125577226e+00
8.614024760000161152e+00 -1.422301382851432594e+00
8.603442420000162016e+00 -1.422374457510950929e+00
8.592860080000162881e+00 -1.422447703996974289e+00
8.582277740000163746e+00 -1.422521135542986537e+00
8.571695400000164611e+00 -1.422594742213793673e+00
8.561113060000165476e+00 -1.422668531872560482e+00
8.550530720000166340e+00 -1.422742499355376777e+00
8.539948380000167205e+00 -1.422816651579632330e+00
8.529366040000168070e+00 -1.422890987894599446e+00
8.518783700000168935e+00 -1.422965499784144106e+00
8.508201360000169799e+00 -1.423040202707884561e+00
8.497619020000170664e+00 -1.423115082303499035e+00
8.487036680000171529e+00 -1.423190154113544326e+00
8.476454340000172394e+00 -1.423265406038529246e+00
8.465872000000173259e+00 -1.423340848005016257e+00
8.455289660000174123e+00 -1.423416472920675968e+00
8.444707320000174988e+00 -1.423492289699470614e+00
8.434124980000175853e+00 -1.423568295829523711e+00
8.423542640000176718e+00 -1.423644484552288647e+00
8.412960300000177583e+00 -1.423720869725089599e+00
8.402377960000178447e+00 -1.423797438638976454e+00
8.391795620000179312e+00 -1.423874205248395475e+00
8.381213280000180177e+00 -1.423951159183449278e+00
8.370630940000181042e+00 -1.424028308551946731e+00
8.360048600000181906e+00 -1.424105648208529695e+00
8.349466260000182771e+00 -1.424183185199089374e+00
8.338883920000183636e+00 -1.424260919011321791e+00
8.328301580000184501e+00 -1.424338840796796735e+00
8.317719240000185366e+00 -1.424416966649491245e+00
8.307136900000186230e+00 -1.424495281687806703e+00
8.296554560000187095e+00 -1.424573846903173013e+00
8.285972220000187960e+00 -1.424652537662019824e+00
8.275389880000188825e+00 -1.424731410029941081e+00
8.264807540000189690e+00 -1.424810498807324910e+00
8.254225200000190554e+00 -1.424889803447938474e+00
8.243642860000191419e+00 -1.424969342301594111e+00
8.233060520000192284e+00 -1.425049091283419944e+00
8.222478180000193149e+00 -1.425129044701653136e+00
8.211895840000194013e+00 -1.425209199120694992e+00
8.201313500000194878e+00 -1.425289437875959964e+00
8.190731160000195743e+00 -1.425369914310545383e+00
8.180148820000196608e+00 -1.425450730287459056e+00
8.169566480000197473e+00 -1.425531696773381540e+00
8.158984140000198337e+00 -1.425612842294072591e+00
8.148401800000199202e+00 -1.425694205196920139e+00
8.137819460000200067e+00 -1.425775782553958093e+00
8.127237120000200932e+00 -1.425857572114644700e+00
8.116654780000201796e+00 -1.425939550951710544e+00
8.106072440000202661e+00 -1.426021752808577236e+00
8.095490100000203526e+00 -1.426104161368049850e+00
8.084907760000204391e+00 -1.426186832604894983e+00
8.074325420000205256e+00 -1.426269661178646730e+00
8.063743080000206120e+00 -1.426352684776883484e+00
8.053160740000206985e+00 -1.426436021482541783e+00
8.042578400000207850e+00 -1.426519525217353479e+00
8.031996060000208715e+00 -1.426603221606295158e+00
8.021413720000209580e+00 -1.426687161024382311e+00
8.010831380000210444e+00 -1.426771346486475744e+00
8.000249040000211309e+00 -1.426855619497766181e+00
7.926172660000217363e+00 -1.427452516432356378e+00
7.915590320000218227e+00 -1.427538695372361666e+00
7.905007980000219092e+00 -1.427625129774519941e+00
7.852096280000223416e+00 -1.428060503981180007e+00
7.841513940000224281e+00 -1.428148305614042046e+00
7.830931600000225146e+00 -1.428236289073469223e+00
7.820349260000226010e+00 -1.428324534923421707e+00
7.809766920000226875e+00 -1.428413022978714642e+00
7.735690540000232929e+00 -1.429039089391177741e+00
7.725108200000233794e+00 -1.429129485587341319e+00
7.714525860000234658e+00 -1.429220107089081537e+00
7.703943520000235523e+00 -1.429311095472364901e+00
7.672196500000238117e+00 -1.429585280133174097e+00
7.661614160000238982e+00 -1.429677279246545973e+00
7.608702460000243306e+00 -1.430140564900578504e+00
7.598120120000244171e+00 -1.430233969412901596e+00
7.587537780000245036e+00 -1.430327538649119212e+00
7.576955440000245900e+00 -1.430421576091198244e+00
7.566373100000246765e+00 -1.430515742168621207e+00
7.555790760000247630e+00 -1.430610250001196571e+00
7.545208420000248495e+00 -1.430704912997861289e+00
7.534626080000249360e+00 -1.430799901142932651e+00
7.524043740000250224e+00 -1.430895068684492344e+00
7.513461400000251089e+00 -1.430990574777493585e+00
7.502879060000251954e+00 -1.431086468582533078e+00
7.492296720000252819e+00 -1.431182478394790181e+00
7.481714380000253684e+00 -1.431278646218909545e+00
7.471132040000254548e+00 -1.431375337563594030e+00
7.460549700000255413e+00 -1.431472230949180080e+00
7.449967360000256278e+00 -1.431569351362137921e+00
7.428802680000258007e+00 -1.431764391927518698e+00
7.418220340000258872e+00 -1.431862139689331181e+00
7.407638000000259737e+00 -1.431960434028125118e+00
7.397055660000260602e+00 -1.432059064419821892e+00
7.386473320000261467e+00 -1.432157674850795148e+00
7.375890980000262331e+00 -1.432256902497092144e+00
7.322979280000266655e+00 -1.432756212835425647e+00
7.312396940000267520e+00 -1.432857181743485864e+00
7.301814600000268385e+00 -1.432958213888602561e+00
7.291232260000269250e+00 -1.433059339225197570e+00
7.280649920000270114e+00 -1.433161133713401592e+00
7.270067580000270979e+00 -1.433263029453199833e+00
7.259485240000271844e+00 -1.433365055618911477e+00
7.248902900000272709e+00 -1.433467508780980504e+00
7.238320560000273574e+00 -1.433570318697926282e+00
7.227738220000274438e+00 -1.433673505773417345e+00
7.217155880000275303e+00 -1.433776714957098353e+00
7.206573540000276168e+00 -1.433880877496192641e+00
7.195991200000277033e+00 -1.433984877797922275e+00
7.185408860000277897e+00 -1.434089145701402224e+00
7.174826520000278762e+00 -1.434193719177608850e+00
7.164244180000279627e+00 -1.434298164025871625e+00
7.153661840000280492e+00 -1.434403782578703490e+00
7.143079500000281357e+00 -1.434509348825734554e+00
7.132497160000282221e+00 -1.434615151854389703e+00
7.121914820000283086e+00 -1.434720820197885827e+00
7.111332480000283951e+00 -1.434827727175514767e+00
7.100750140000284816e+00 -1.434934149882843624e+00
7.090167800000285681e+00 -1.435041134846404720e+00
7.079585460000286545e+00 -1.435148508362980468e+00
7.069003120000287410e+00 -1.435256217328422457e+00
7.058420780000288275e+00 -1.435364718748162627e+00
7.047838440000289140e+00 -1.435473106781768093e+00
7.037256100000290004e+00 -1.435581668482889262e+00
7.026673760000290869e+00 -1.435690723193690177e+00
7.016091420000291734e+00 -1.435800032290550421e+00
7.005509080000292599e+00 -1.435909660771916618e+00
6.994926740000293464e+00 -1.436019626439865471e+00
6.984344400000294328e+00 -1.436129788089767434e+00
6.973762060000295193e+00 -1.436240535660512352e+00
6.963179720000296058e+00 -1.436351467213005328e+00
6.952597380000296923e+00 -1.436462912892289445e+00
6.942015040000297788e+00 -1.436574404907266844e+00
6.931432700000298652e+00 -1.436686309629074509e+00
6.920850360000299517e+00 -1.436798603338842462e+00
6.910268020000300382e+00 -1.436911219490555114e+00
6.899685680000301247e+00 -1.437024184959087902e+00
6.889103340000302111e+00 -1.437137548982018842e+00
6.878521000000302976e+00 -1.437251118896557545e+00
6.867938660000303841e+00 -1.437365171442126721e+00
6.857356320000304706e+00 -1.437479433728945155e+00
6.846773980000305571e+00 -1.437594096941188893e+00
6.836191640000306435e+00 -1.437709149909314199e+00
6.825609300000307300e+00 -1.437824534234082963e+00
6.815026960000308165e+00 -1.437940300824045892e+00
6.804444620000309030e+00 -1.438056354132955184e+00
6.793862280000309894e+00 -1.438172739840361647e+00
6.783279940000310759e+00 -1.438289538619257568e+00
6.772697600000311624e+00 -1.438406683418107734e+00
6.762115260000312489e+00 -1.438524260086833984e+00
6.751532920000313354e+00 -1.438642128932600350e+00
6.740950580000314218e+00 -1.438760346176073623e+00
6.730368240000315083e+00 -1.438878929371613546e+00
6.719785900000315948e+00 -1.438997889571520528e+00
6.709203560000316813e+00 -1.439117116304936994e+00
6.698621220000317678e+00 -1.439236933407236574e+00
6.688038880000318542e+00 -1.439357074218477806e+00
6.677456540000319407e+00 -1.439477443320894334e+00
6.666874200000320272e+00 -1.439598293766503501e+00
6.656291860000321137e+00 -1.439719514362859165e+00
6.645709520000322001e+00 -1.439841058302802068e+00
6.635127180000322866e+00 -1.439963014671514552e+00
6.624544840000323731e+00 -1.440085339207093362e+00
6.613962500000324596e+00 -1.440208052279002171e+00
6.603380160000325461e+00 -1.440331152776468393e+00
6.592797820000326325e+00 -1.440454627952820976e+00
6.582215480000327190e+00 -1.440578506069080778e+00
6.571633140000328055e+00 -1.440702760866915622e+00
6.561050800000328920e+00 -1.440827421552196563e+00
6.550468460000329785e+00 -1.440952443453188847e+00
6.539886120000330649e+00 -1.441077890234450098e+00
6.529303780000331514e+00 -1.441203736471119656e+00
6.518721440000332379e+00 -1.441329967665983647e+00
6.508139100000333244e+00 -1.441456608076160606e+00
6.497556760000334108e+00 -1.441583636718049233e+00
6.486974420000334973e+00 -1.441711081633871183e+00
6.476392080000335838e+00 -1.441838919982252554e+00
6.465809740000336703e+00 -1.441967177288730806e+00
6.455227400000337568e+00 -1.442095828758549025e+00
6.444645060000338432e+00 -1.442224911744969473e+00
6.434062720000339297e+00 -1.442354377152442524e+00
6.423480380000340162e+00 -1.442484220313085208e+00
6.412898040000341027e+00 -1.442614623540884322e+00
6.402315700000341891e+00 -1.442745353972723077e+00
6.391733360000342756e+00 -1.442876515678533034e+00
6.381151020000343621e+00 -1.443008086240263221e+00
6.370568680000344486e+00 -1.443140093151501491e+00
6.359986340000345351e+00 -1.443272474237240477e+00
6.349404000000346215e+00 -1.443405380197151366e+00
6.338821660000347080e+00 -1.443538649730697010e+00
6.328239320000347945e+00 -1.443672401610323508e+00
6.317656980000348810e+00 -1.443806530508330743e+00
6.307074640000349675e+00 -1.443941111369108077e+00
6.296492300000350539e+00 -1.444076140952589515e+00
6.285909960000351404e+00 -1.444211597475568931e+00
6.275327620000352269e+00 -1.444347508057851170e+00
6.264745280000353134e+00 -1.444483848297036133e+00
6.254162940000353998e+00 -1.444620638074077812e+00
6.243580600000354863e+00 -1.444757854423602161e+00
6.232998260000355728e+00 -1.444895530766658664e+00
6.222415920000356593e+00 -1.445033733834022227e+00
6.211833580000357458e+00 -1.445172318391235944e+00
6.201251240000358322e+00 -1.445311375068007553e+00
6.190668900000359187e+00 -1.445450878072752632e+00
6.180086560000360052e+00 -1.445590854092530408e+00
6.169504220000360917e+00 -1.445731289095345762e+00
6.158921880000361782e+00 -1.445872176256012498e+00
6.148339540000362646e+00 -1.446013531426912246e+00
6.137757200000363511e+00 -1.446155358790345291e+00
6.127174860000364376e+00 -1.446297667094335493e+00
6.116592520000365241e+00 -1.446440429902750235e+00
6.106010180000366105e+00 -1.446583679662748922e+00
6.095427840000366970e+00 -1.446727392522327404e+00
6.084845500000367835e+00 -1.446871596826940110e+00
6.074263160000368700e+00 -1.447016279309949471e+00
6.063680820000369565e+00 -1.447161439385530990e+00
6.053098480000370429e+00 -1.447307086449475033e+00
6.042516140000371294e+00 -1.447453213105866165e+00
6.031933800000372159e+00 -1.447599840137087979e+00
6.021351460000373024e+00 -1.447746932807475240e+00
6.010769120000373889e+00 -1.447894541287902515e+00
6.000186780000374753e+00 -1.448042648956835876e+00
5.989604440000375618e+00 -1.448191247355235189e+00
5.979022100000376483e+00 -1.448340361314815139e+00
5.968439760000377348e+00 -1.448489944236530436e+00
5.957857420000378212e+00 -1.448640055544152538e+00
5.947275080000379077e+00 -1.448790655690990858e+00
5.936692740000379942e+00 -1.448941778036729744e+00
5.926110400000380807e+00 -1.449093386359008528e+00
5.915528060000381672e+00 -1.449245535941705132e+00
5.904945720000382536e+00 -1.449398142414055624e+00
5.894363380000383401e+00 -1.449551324608679526e+00
5.883781040000384266e+00 -1.449705061821667140e+00
5.873198700000385131e+00 -1.449859259539930667e+00
5.862616360000385995e+00 -1.450013992909288341e+00
5.852034020000386860e+00 -1.450169259151348200e+00
5.841451680000387725e+00 -1.450325037266173789e+00
5.830869340000388590e+00 -1.450481350715719930e+00
5.820287000000389455e+00 -1.450638169087332230e+00
5.809704660000390319e+00 -1.450795536038773204e+00
5.799122320000391184e+00 -1.450953445930043273e+00
5.788539980000392049e+00 -1.451111935874085823e+00
5.777957640000392914e+00 -1.451270917398947757e+00
5.767375300000393779e+00 -1.451430476667060487e+00
5.756792960000394643e+00 -1.451590530806837975e+00
5.746210620000395508e+00 -1.451751171552174924e+00
5.735628280000396373e+00 -1.451912304867820636e+00
5.725045940000397238e+00 -1.452074080599206951e+00
5.714463600000398102e+00 -1.452236337630234075e+00
5.703881260000398967e+00 -1.452399178293973137e+00
5.693298920000399832e+00 -1.452562571113167333e+00
5.682716580000400697e+00 -1.452726534321330476e+00
5.672134240000401562e+00 -1.452891036925766821e+00
5.661551900000402426e+00 -1.453056084419457550e+00
5.650969560000403291e+00 -1.453221824437810561e+00
5.640387220000404156e+00 -1.453387970931965478e+00
5.629804880000405021e+00 -1.453554758034677707e+00
5.619222540000405886e+00 -1.453722156259427356e+00
5.608640200000406750e+00 -1.453889976865682332e+00
5.598057860000407615e+00 -1.454058635248024700e+00
5.587475520000408480e+00 -1.454227592753332576e+00
5.576893180000409345e+00 -1.454397271120588142e+00
5.566310840000410209e+00 -1.454567606710663652e+00
5.555728500000411074e+00 -1.454738250986155945e+00
5.545146160000411939e+00 -1.454909780048075030e+00
5.534563820000412804e+00 -1.455081769620448107e+00
5.523981480000413669e+00 -1.455254371505328992e+00
5.513399140000414533e+00 -1.455427553258663353e+00
5.502816800000415398e+00 -1.455601358008372870e+00
5.492234460000416263e+00 -1.455775731076849544e+00
5.481652120000417128e+00 -1.455950716307706561e+00
5.471069780000417992e+00 -1.456126284263972170e+00
5.460487440000418857e+00 -1.456302488695611741e+00
5.449905100000419722e+00 -1.456479279110658664e+00
5.439322760000420587e+00 -1.456656679389956244e+00
5.428740420000421452e+00 -1.456834684971266114e+00
5.418158080000422316e+00 -1.457013314014755867e+00
5.407575740000423181e+00 -1.457192555814982082e+00
5.396993400000424046e+00 -1.457372393407807554e+00
5.386411060000424911e+00 -1.457552886373533640e+00
5.375828720000425776e+00 -1.457733972980219006e+00
5.365246380000426640e+00 -1.457915675362365882e+00
5.354664040000427505e+00 -1.458098054985274450e+00
5.344081700000428370e+00 -1.458280998872869549e+00
5.333499360000429235e+00 -1.458464615830806776e+00
5.322917020000430099e+00 -1.458648836844213426e+00
5.312334680000430964e+00 -1.458833712606764754e+00
5.301752340000431829e+00 -1.459019206024527504e+00
5.291170000000432694e+00 -1.459205370901214716e+00
5.280587660000433559e+00 -1.459392145422534481e+00
5.270005320000434423e+00 -1.459579542215287074e+00
5.259422980000435288e+00 -1.459767691382451549e+00
5.248840640000436153e+00 -1.459956321703767879e+00
5.238258300000437018e+00 -1.460145785835680110e+00
5.227675960000437883e+00 -1.460335726473406925e+00
5.217093620000438747e+00 -1.460526475491042087e+00
5.206511280000439612e+00 -1.460717779062403965e+00
5.195928940000440477e+00 -1.460909753302080061e+00
5.185346600000441342e+00 -1.461102498078458600e+00
5.174764260000442206e+00 -1.461295681444230610e+00
5.164181920000443071e+00 -1.461489847911769724e+00
5.153599580000443936e+00 -1.461684310340234383e+00
5.143017240000444801e+00 -1.461879762879839006e+00
5.132434900000445666e+00 -1.462075728076224879e+00
5.121852560000446530e+00 -1.462272480689050580e+00
5.111270220000447395e+00 -1.462469796327827254e+00
5.100687880000448260e+00 -1.462667836439814240e+00
5.090105540000449125e+00 -1.462866550200484284e+00
5.079523200000449989e+00 -1.463065963026490612e+00
5.068940860000450854e+00 -1.463266079225067573e+00
5.058358520000451719e+00 -1.463466850784465700e+00
5.047776180000452584e+00 -1.463668345587720188e+00
5.037193840000453449e+00 -1.463870516582942427e+00
5.026611500000454313e+00 -1.464073401964672838e+00
5.016029160000455178e+00 -1.464276997720116213e+00
5.005446820000456043e+00 -1.464481252898955921e+00
4.994864480000456908e+00 -1.464686257232008737e+00
4.984282140000457773e+00 -1.464891926938155287e+00
4.973699800000458637e+00 -1.465098365210868669e+00
4.963117460000459502e+00 -1.465305445483901181e+00
4.952535120000460367e+00 -1.465513314374590426e+00
4.941952780000461232e+00 -1.465721816222973040e+00
4.931370440000462096e+00 -1.465931125414824621e+00
4.920788100000462961e+00 -1.466141116447814419e+00
4.910205760000463826e+00 -1.466351807899928472e+00
4.899623420000464691e+00 -1.466563293383719602e+00
4.889041080000465556e+00 -1.466775406856462904e+00
4.878458740000466420e+00 -1.466988388120260556e+00
4.867876400000467285e+00 -1.467201934692454746e+00
4.857294060000468150e+00 -1.467416409903973928e+00
4.846711720000469015e+00 -1.467631410330983766e+00
4.836129380000469880e+00 -1.467847396548633609e+00
4.825547040000470744e+00 -1.468063866957394215e+00
4.814964700000471609e+00 -1.468281271496123752e+00
4.804382360000472474e+00 -1.468499357004074524e+00
4.793800020000473339e+00 -1.468718188612788911e+00
4.783217680000474203e+00 -1.468937796624368408e+00
4.772635340000475068e+00 -1.469158140370837584e+00
4.762053000000475933e+00 -1.469379231500517413e+00
4.751470660000476798e+00 -1.469601114610946224e+00
4.740888320000477663e+00 -1.469823793465529382e+00
4.730305980000478527e+00 -1.470047153488443170e+00
4.719723640000479392e+00 -1.470271299846148905e+00
4.709141300000480257e+00 -1.470496232579106888e+00
4.698558960000481122e+00 -1.470721915656528545e+00
4.687976620000481986e+00 -1.470948392980087283e+00
4.677394280000482851e+00 -1.471175629435301557e+00
4.666811940000483716e+00 -1.471403645774676416e+00
4.656229600000484581e+00 -1.471632436681100442e+00
4.645647260000485446e+00 -1.471862011520478575e+00
4.635064920000486310e+00 -1.472092361427616236e+00
4.624482580000487175e+00 -1.472323504964148100e+00
4.613900240000488040e+00 -1.472555413890487053e+00
4.603317900000488905e+00 -1.472788126076272075e+00
4.592735560000489770e+00 -1.473021625312487481e+00
4.582153220000490634e+00 -1.473255934547328394e+00
4.571570880000491499e+00 -1.473490975835128447e+00
4.560988540000492364e+00 -1.473726872254870202e+00
4.550406200000493229e+00 -1.473963520786010895e+00
4.539823860000494093e+00 -1.474201001998443950e+00
4.529241520000494958e+00 -1.474439234226213591e+00
4.518659180000495823e+00 -1.474678302932580287e+00
4.508076840000496688e+00 -1.474918160225683117e+00
4.497494500000497553e+00 -1.475158833221427823e+00
4.486912160000498417e+00 -1.475400297065710742e+00
4.476329820000499282e+00 -1.475642549313193053e+00
4.465747480000500147e+00 -1.475885624521475759e+00
4.455165140000501012e+00 -1.476129485893986404e+00
4.444582800000501877e+00 -1.476374177915853680e+00
4.434000460000502741e+00 -1.476619657983396117e+00
4.423418120000503606e+00 -1.476865942745719362e+00
4.412835780000504471e+00 -1.477113011176202084e+00
4.402253440000505336e+00 -1.477360974727956355e+00
4.391671100000506200e+00 -1.477609677835119983e+00
4.381088760000507065e+00 -1.477859187742530001e+00
4.370506420000507930e+00 -1.478109531245528796e+00
4.359924080000508795e+00 -1.478360671199005161e+00
4.349341740000509660e+00 -1.478612631554723222e+00
4.338759400000510524e+00 -1.478865372823347402e+00
4.328177060000511389e+00 -1.479118939684259004e+00
4.317594720000512254e+00 -1.479373314197981237e+00
4.307012380000513119e+00 -1.479628488175026568e+00
4.296430040000513984e+00 -1.479884493609008977e+00
4.285847700000514848e+00 -1.480141242853342920e+00
4.275265360000515713e+00 -1.480398870320274840e+00
4.264683020000516578e+00 -1.480657259112774460e+00
4.254100680000517443e+00 -1.480916483878354617e+00
4.243518340000518307e+00 -1.481176461828083379e+00
4.232936000000519172e+00 -1.481437281856955890e+00
4.222353660000520037e+00 -1.481698862588603172e+00
4.211771320000520902e+00 -1.481961242803232714e+00
4.201188980000521767e+00 -1.482224452578838392e+00
4.190606640000522631e+00 -1.482488406327181485e+00
4.180024300000523496e+00 -1.482753176768676795e+00
4.169441960000524361e+00 -1.483018700372007448e+00
4.158859620000525226e+00 -1.483285049931542865e+00
4.148277280000526090e+00 -1.483552155384505467e+00
4.137694940000526955e+00 -1.483820028602796715e+00
4.127112600000527820e+00 -1.484088681696782430e+00
4.116530260000528685e+00 -1.484358090015137188e+00
4.105947920000529550e+00 -1.484628288017433295e+00
4.095365580000530414e+00 -1.484899213918057903e+00
4.084783240000531279e+00 -1.485170924008278437e+00
4.074200900000532144e+00 -1.485443333277874256e+00
4.063618560000533009e+00 -1.485716553602193679e+00
4.053036220000533874e+00 -1.485990497321210357e+00
4.042453880000534738e+00 -1.486265079573021675e+00
4.031871540000535603e+00 -1.486540501137356696e+00
4.021289200000536468e+00 -1.486816595135320496e+00
4.010706860000537333e+00 -1.487093439599731504e+00
4.000124520000538197e+00 -1.487370982182192547e+00
3.989542180000539062e+00 -1.487649193951743776e+00
3.978959840000539927e+00 -1.487928094360693621e+00
3.968377500000540792e+00 -1.488207721775209658e+00
3.957795160000541657e+00 -1.488488007985545369e+00
3.947212820000542521e+00 -1.488768934277885370e+00
3.936630480000543386e+00 -1.489050515087537718e+00
3.926048140000544251e+00 -1.489332757373598604e+00
3.915465800000545116e+00 -1.489615710176751984e+00
3.904883460000545981e+00 -1.489899209750660702e+00
3.894301120000546845e+00 -1.490183360196988716e+00
3.883718780000547710e+00 -1.490468067066598401e+00
3.873136440000548575e+00 -1.490753424450257381e+00
3.862554100000549440e+00 -1.491039369014349525e+00
3.851971760000550304e+00 -1.491325834573013154e+00
3.841389420000551169e+00 -1.491612943335033803e+00
3.830807080000552034e+00 -1.491900474695720735e+00
3.820224740000552899e+00 -1.492188653708481416e+00
3.809642400000553764e+00 -1.492477247830875209e+00
3.799060060000554628e+00 -1.492766431393804272e+00
3.788477720000555493e+00 -1.493056066996121034e+00
3.777895380000556358e+00 -1.493346134168209050e+00
3.767313040000557223e+00 -1.493636764358656555e+00
3.756730700000558087e+00 -1.493927718532253923e+00
3.746148360000558952e+00 -1.494219141339952373e+00
3.735566020000559817e+00 -1.494510937416583252e+00
3.724983680000560682e+00 -1.494803174563843040e+00
3.714401340000561547e+00 -1.495095716045592438e+00
3.703819000000562411e+00 -1.495388631146935987e+00
3.693236660000563276e+00 -1.495681866151471029e+00
3.682654320000564141e+00 -1.495975432301010821e+00
3.672071980000565006e+00 -1.496269235070613046e+00
3.661489640000565871e+00 -1.496563286557214933e+00
3.650907300000566735e+00 -1.496857598169152759e+00
3.640324960000567600e+00 -1.497152130989440444e+00
3.629742620000568465e+00 -1.497446814630811973e+00
3.619160280000569330e+00 -1.497741685303927150e+00
3.608577940000570194e+00 -1.498036698062716665e+00
3.597995600000571059e+00 -1.498331817242427366e+00
3.587413260000571924e+00 -1.498626988767292723e+00
3.576830920000572789e+00 -1.498922274574425506e+00
3.566248580000573654e+00 -1.499217526238806109e+00
3.555666240000574518e+00 -1.499512798975761951e+00
3.545083900000575383e+00 -1.499808009926410612e+00
3.534501560000576248e+00 -1.500103213001021007e+00
3.523919220000577113e+00 -1.500398286739604181e+00
3.513336880000577978e+00 -1.500693195693862503e+00
3.502754540000578842e+00 -1.500987972066698761e+00
3.492172200000579707e+00 -1.501282512768533417e+00
3.481589860000580572e+00 -1.501576886756516682e+00
3.471007520000581437e+00 -1.501870920708570756e+00
3.460425180000582301e+00 -1.502164674696983671e+00
3.449842840000583166e+00 -1.502458048466804197e+00
3.439260500000584031e+00 -1.502751099115446243e+00
3.428678160000584896e+00 -1.503043696012585917e+00
3.418095820000585761e+00 -1.503335785704511984e+00
3.407513480000586625e+00 -1.503627393439710858e+00
3.396931140000587490e+00 -1.503918416353461351e+00
3.386348800000588355e+00 -1.504208914512872530e+00
3.375766460000589220e+00 -1.504498686380064676e+00
3.365184120000590084e+00 -1.504787814184547878e+00
3.354601780000590949e+00 -1.505076168949314397e+00
3.344019440000591814e+00 -1.505363758989387568e+00
3.333437100000592679e+00 -1.505650561526582942e+00
3.322854760000593544e+00 -1.505936413098584614e+00
3.312272420000594408e+00 -1.506221354666444467e+00
3.301690080000595273e+00 -1.506505267745641863e+00
3.291107740000596138e+00 -1.506788218208237273e+00
3.280525400000597003e+00 -1.507069974392775347e+00
3.269943060000597868e+00 -1.507350638306980795e+00
3.259360720000598732e+00 -1.507630069031544284e+00
3.248778380000599597e+00 -1.507908191216808635e+00
3.238196040000600462e+00 -1.508185072998963649e+00
3.227613700000601327e+00 -1.508460473254008560e+00
3.217031360000602191e+00 -1.508734436391925504e+00
3.206449020000603056e+00 -1.509006871195354149e+00
3.195866680000603921e+00 -1.509277791058368789e+00
3.185284340000604786e+00 -1.509546959095925622e+00
3.174702000000605651e+00 -1.509814466613192518e+00
3.164119660000606515e+00 -1.510080182200399967e+00
3.153537320000607380e+00 -1.510343972649487165e+00
3.142954980000608245e+00 -1.510605924143460177e+00
3.132372640000609110e+00 -1.510865814529003481e+00
3.121790300000609975e+00 -1.511123625346570520e+00
3.111207960000610839e+00 -1.511379250663848373e+00
3.100625620000611704e+00 -1.511632728030674500e+00
3.090043280000612569e+00 -1.511883776255758205e+00
3.079460940000613434e+00 -1.512132493118783172e+00
3.068878600000614298e+00 -1.512378723292020055e+00
3.058296260000615163e+00 -1.512622311277475484e+00
3.047713920000616028e+00 -1.512863367395828718e+00
3.037131580000616893e+00 -1.513101583165939790e+00
3.026549240000617758e+00 -1.513336987428129499e+00
3.015966900000618622e+00 -1.513569445997822616e+00
3.005384560000619487e+00 -1.513798966393979928e+00
2.994802220000620352e+00 -1.514025291727530087e+00
2.984219880000621217e+00 -1.514248405941878595e+00
2.973637540000622081e+00 -1.514468239937223570e+00
2.963055200000622946e+00 -1.514684658870992573e+00
2.952472860000623811e+00 -1.514897546156884545e+00
2.941890520000624676e+00 -1.515106750312418482e+00
2.931308180000625541e+00 -1.515312259803378803e+00
2.920725840000626405e+00 -1.515513893827908687e+00
2.910143500000627270e+00 -1.515711622180774487e+00
2.899561160000628135e+00 -1.515905306916094375e+00
2.888978820000629000e+00 -1.516094713911922964e+00
2.878396480000629865e+00 -1.516279820615244578e+00
2.867814140000630729e+00 -1.516460476793757728e+00
2.857231800000631594e+00 -1.516636700465465060e+00
2.846649460000632459e+00 -1.516808077810783306e+00
2.836067120000633324e+00 -1.516974722772350681e+00
2.825484780000634188e+00 -1.517136331425573470e+00
2.814902440000635053e+00 -1.517292900666447508e+00
2.804320100000635918e+00 -1.517444323684996155e+00
2.793737760000636783e+00 -1.517590256246804881e+00
2.783155420000637648e+00 -1.517730692652026647e+00
2.772573080000638512e+00 -1.517865439938827610e+00
2.761990740000639377e+00 -1.517994480864873763e+00
2.751408400000640242e+00 -1.518117393119669423e+00
2.740826060000641107e+00 -1.518234265451961384e+00
2.730243720000641972e+00 -1.518344840524481043e+00
2.719661380000642836e+00 -1.518448852375845926e+00
2.709079040000643701e+00 -1.518546367136296871e+00
2.698496700000644566e+00 -1.518637006923382327e+00
2.687914360000645431e+00 -1.518720657658480189e+00
2.677332020000646295e+00 -1.518797090798259752e+00
2.666749680000647160e+00 -1.518866304577406456e+00
2.656167340000648025e+00 -1.518927811417782214e+00
2.645585000000648890e+00 -1.518981669320623284e+00
2.635002660000649755e+00 -1.519027600468453532e+00
2.624420320000650619e+00 -1.519065258447516831e+00
2.613837980000651484e+00 -1.519094809087567333e+00
2.603255640000652349e+00 -1.519115556123137534e+00
2.592673300000653214e+00 -1.519127579708679843e+00
2.582090960000654078e+00 -1.519130585625105612e+00
2.571508620000654943e+00 -1.519124483845436524e+00
2.560926280000655808e+00 -1.519108726695296951e+00
2.550343940000656673e+00 -1.519083357161433723e+00
2.539761600000657538e+00 -1.519047994306553129e+00
2.529179260000658402e+00 -1.519002342941273342e+00
2.518596920000659267e+00 -1.518946429885452254e+00
2.508014580000660132e+00 -1.518879611580318922e+00
2.497432240000660997e+00 -1.518801830391174779e+00
2.486849900000661862e+00 -1.518712702611292764e+00
2.476267560000662726e+00 -1.518612186381452789e+00
2.465685220000663591e+00 -1.518499660897755676e+00
2.455102880000664456e+00 -1.518374954100993213e+00
2.444520540000665321e+00 -1.518237905951397071e+00
2.433938200000666185e+00 -1.518087916853612995e+00
2.423355860000667050e+00 -1.517925077301037984e+00
2.412773520000667915e+00 -1.517748641738037474e+00
2.402191180000668780e+00 -1.517558479175401542e+00
2.391608840000669645e+00 -1.517354208284322770e+00
2.381026500000670509e+00 -1.517135573430502760e+00
2.370444160000671374e+00 -1.516902124499101445e+00
2.359861820000672239e+00 -1.516653412825307079e+00
2.349279480000673104e+00 -1.516389168311877311e+00
2.338697140000673969e+00 -1.516108972761703422e+00
2.328114800000674833e+00 -1.515812610345429468e+00
2.317532460000675698e+00 -1.515499270746585525e+00
2.306950120000676563e+00 -1.515168904128638694e+00
2.296367780000677428e+00 -1.514820920664027071e+00
2.285785440000678292e+00 -1.514454874964255682e+00
2.275203100000679157e+00 -1.514070567569148373e+00
2.264620760000680022e+00 -1.513667175099629780e+00
2.254038420000680887e+00 -1.513244390568536879e+00
2.243456080000681752e+00 -1.512801780633559412e+00
2.232873740000682616e+00 -1.512338968118920546e+00
2.222291400000683481e+00 -1.511855017428579639e+00
2.211709060000684346e+00 -1.511349932244145267e+00
2.201126720000685211e+00 -1.510822900031419058e+00
2.190544380000686076e+00 -1.510273317755139733e+00
2.179962040000686940e+00 -1.509701020894759216e+00
2.169379700000687805e+00 -1.509104965987501323e+00
2.158797360000688670e+00 -1.508484785634988112e+00
2.148215020000689535e+00 -1.507839849830156620e+00
2.137632680000690399e+00 -1.507169846914635736e+00
2.127050340000691264e+00 -1.506473568483599923e+00
2.116468000000692129e+00 -1.505750855244674113e+00
2.105885660000692994e+00 -1.505001021388914006e+00
2.095303320000693859e+00 -1.504223009150060353e+00
2.084720980000694723e+00 -1.503416708553668490e+00
2.074138640000695588e+00 -1.502580921256045476e+00
2.063556300000696453e+00 -1.501715102242987543e+00
2.052973960000697318e+00 -1.500818539678844266e+00
2.042391620000698182e+00 -1.499890665929935807e+00
2.031809280000699047e+00 -1.498930188213632553e+00
2.021226940000699912e+00 -1.497936837285224865e+00
2.010644600000700777e+00 -1.496909586018477123e+00
2.000062260000701642e+00 -1.495847341339122005e+00
1.989479920000702506e+00 -1.494749857038450314e+00
1.978897580000703371e+00 -1.493615720539055225e+00
1.968315240000704236e+00 -1.492444104497587798e+00
1.957732900000705101e+00 -1.491234227643892796e+00
1.947150560000705966e+00 -1.489985269093969888e+00
1.936568220000706830e+00 -1.488695739551020969e+00
1.925985880000707695e+00 -1.487365073721322428e+00
1.915403540000708560e+00 -1.485992203469181261e+00
1.904821200000709425e+00 -1.484575718764337138e+00
1.894238860000710289e+00 -1.483115114876497387e+00
1.883656520000711154e+00 -1.481608777281147704e+00
1.873074180000712019e+00 -1.480055616809354380e+00
1.862491840000712884e+00 -1.478454602537829787e+00
1.851909500000713749e+00 -1.476804467573775259e+00
1.841327160000714613e+00 -1.475104012067391279e+00
1.830744820000715478e+00 -1.473351737684836626e+00
1.820162480000716343e+00 -1.471546357608937372e+00
1.809580140000717208e+00 -1.469686650590484422e+00
1.798997800000718073e+00 -1.467771341797341034e+00
1.788415460000718937e+00 -1.465798355554390087e+00
1.777833120000719802e+00 -1.463766874824534492e+00
1.767250780000720667e+00 -1.461674970078658209e+00
1.756668440000721532e+00 -1.459521055693005387e+00
1.746086100000722396e+00 -1.457303889558188459e+00
1.735503760000723261e+00 -1.455021254614569548e+00
1.724921420000724126e+00 -1.452671507800198603e+00
1.714339080000724991e+00 -1.450253067576937172e+00
1.703756740000725856e+00 -1.447764183916341096e+00
1.693174400000726720e+00 -1.445202267313689504e+00
1.682592060000727585e+00 -1.442566127155340272e+00
1.672009720000728450e+00 -1.439853384552658655e+00
1.661427380000729315e+00 -1.437061568131116518e+00
1.650845040000730179e+00 -1.434189324775228425e+00
1.640262700000731044e+00 -1.431233717532355509e+00
1.629680360000731909e+00 -1.428192495880207469e+00
1.619098020000732774e+00 -1.425063567609046844e+00
1.608515680000733639e+00 -1.421844500815811596e+00
1.597933340000734503e+00 -1.418532050943733580e+00
1.587351000000735368e+00 -1.415124446755620768e+00
1.576768660000736233e+00 -1.411618393917702496e+00
1.566186320000737098e+00 -1.408011005585886544e+00
1.555603980000737963e+00 -1.404300098630358651e+00
1.545021640000738827e+00 -1.400481949814675664e+00
1.534439300000739692e+00 -1.396553450270757279e+00
1.523856960000740557e+00 -1.392511773640632056e+00
1.513274620000741422e+00 -1.388353620439972014e+00
1.502692280000742286e+00 -1.384074761954239285e+00
1.492109940000743151e+00 -1.379672734773440101e+00
1.481527600000744016e+00 -1.375143129669327946e+00
1.470945260000744881e+00 -1.370481972271620164e+00
1.460362920000745746e+00 -1.365686245180667502e+00
1.449780580000746610e+00 -1.360751106272783284e+00
1.439198240000747475e+00 -1.355672192356105477e+00
1.428615900000748340e+00 -1.350445765950062604e+00
1.418033560000749205e+00 -1.345067257504693581e+00
1.407451220000750070e+00 -1.339531335131381562e+00
1.396868880000750934e+00 -1.333833821050087964e+00
1.386286540000751799e+00 -1.327969563874314529e+00
1.375704200000752664e+00 -1.321932712490319073e+00
1.365121860000753529e+00 -1.315719217870533697e+00
1.354539520000754393e+00 -1.309322512378013670e+00
1.343957180000755258e+00 -1.302736650240324368e+00
1.333374840000756123e+00 -1.295956401994149187e+00
1.322792500000756988e+00 -1.288975426664888513e+00
1.312210160000757853e+00 -1.281786685276264492e+00
1.301627820000758717e+00 -1.274384161617582167e+00
1.291045480000759582e+00 -1.266760296459290780e+00
1.280463140000760447e+00 -1.258908700566327754e+00
1.269880800000761312e+00 -1.250821639412762254e+00
1.259298460000762176e+00 -1.242490521326647057e+00
1.248716120000763041e+00 -1.233908667899344946e+00
1.238133780000763906e+00 -1.225066807651582268e+00
1.227551440000764771e+00 -1.215955626732937889e+00
1.216969100000765636e+00 -1.206567954153841438e+00
1.206386760000766500e+00 -1.196893180902772302e+00
1.195804420000767365e+00 -1.186920962577991734e+00
1.185222080000768230e+00 -1.176642289557410459e+00
1.174639740000769095e+00 -1.166046338725311493e+00
1.164057400000769960e+00 -1.155120562972196785e+00
1.153475060000770824e+00 -1.143855347923430799e+00
1.142892720000771689e+00 -1.132237820007496953e+00
1.132310380000772554e+00 -1.120254530610111710e+00
1.121728040000773419e+00 -1.107894071225149046e+00
1.111145700000774283e+00 -1.095141747606692695e+00
1.100563360000775148e+00 -1.081982714705358006e+00
1.089981020000776013e+00 -1.068403378510097923e+00
1.079398680000776878e+00 -1.054387683006437149e+00
1.068816340000777743e+00 -1.039917961795052692e+00
1.058234000000778607e+00 -1.024979247440603647e+00
