1.058234000000000030e+01 -1.412342943087901759e+00
1.057175766000000117e+01 -1.412392996804470169e+00
1.056117532000000203e+01 -1.412443154616050522e+00
1.055059298000000290e+01 -1.412493411223916251e+00
1.054001064000000376e+01 -1.412543768673665934e+00
1.052942830000000463e+01 -1.412594227238905153e+00
1.051884596000000549e+01 -1.412644787435540339e+00
1.050826362000000636e+01 -1.412695449540342985e+00
1.049768128000000722e+01 -1.412746211919579942e+00
1.048709894000000808e+01 -1.412797080331470001e+00
1.047651660000000895e+01 -1.412848047996893230e+00
1.046593426000000981e+01 -1.412899122165964805e+00
1.045535192000001068e+01 -1.412950298080561495e+00
1.044476958000001154e+01 -1.413001577618713034e+00
1.043418724000001241e+01 -1.413052961171837429e+00
1.042360490000001327e+01 -1.413104449056698853e+00
1.041302256000001414e+01 -1.413156041668076623e+00
1.040244022000001500e+01 -1.413207744061793836e+00
1.039185788000001587e+01 -1.413259546865736960e+00
1.038127554000001673e+01 -1.413311453566566289e+00
1.037069320000001760e+01 -1.413363469632630043e+00
1.036011086000001846e+01 -1.413415590320954873e+00
1.034952852000001933e+01 -1.413467817517786829e+00
1.033894618000002019e+01 -1.413520151627691623e+00
1.032836384000002106e+01 -1.413572592979280396e+00
1.031778150000002192e+01 -1.413625140188010221e+00
1.030719916000002279e+01 -1.413677798807032593e+00
1.029661682000002365e+01 -1.413730563869141310e+00
1.028603448000002452e+01 -1.413783437500986340e+00
1.027545214000002538e+01 -1.413836420038002251e+00
1.026486980000002625e+01 -1.413889511895904727e+00
1.025428746000002711e+01 -1.413942711462212065e+00
1.024370512000002797e+01 -1.413996024534508233e+00
1.023312278000002884e+01 -1.414049446074538974e+00
1.022254044000002970e+01 -1.414102978217838258e+00
1.021195810000003057e+01 -1.414156621387936186e+00
1.020137576000003143e+01 -1.414210375805930342e+00
1.019079342000003230e+01 -1.414264241827920987e+00
1.018021108000003316e+01 -1.414318219837133128e+00
1.016962874000003403e+01 -1.414372310263527721e+00
1.015904640000003489e+01 -1.414426511503745321e+00
1.014846406000003576e+01 -1.414480829371999038e+00
1.013788172000003662e+01 -1.414535257127664147e+00
1.012729938000003749e+01 -1.414589802059424528e+00
1.011671704000003835e+01 -1.414644459466037896e+00
1.010613470000003922e+01 -1.414699231256856482e+00
1.009555236000004008e+01 -1.414754117872889738e+00
1.008497002000004095e+01 -1.414809119675550786e+00
1.007438768000004181e+01 -1.414864237109734191e+00
1.006380534000004268e+01 -1.414919468581754547e+00
1.005322300000004354e+01 -1.414974825158397786e+00
1.004264066000004441e+01 -1.415030289651670214e+00
1.003205832000004527e+01 -1.415085874586580639e+00
1.002147598000004614e+01 -1.415141575279555530e+00
1.001089364000004700e+01 -1.415197393649841651e+00
1.000031130000004786e+01 -1.415253330153873224e+00
9.989728960000048730e+00 -1.415309385167087930e+00
9.979146620000049595e+00 -1.415365559149936336e+00
9.968564280000050459e+00 -1.415421850518936653e+00
9.957981940000051324e+00 -1.415478265123744306e+00
9.947399600000052189e+00 -1.415534796248453908e+00
9.936817260000053054e+00 -1.415591451206673845e+00
9.926234920000053918e+00 -1.415648225333109300e+00
9.915652580000054783e+00 -1.415705120557579244e+00
9.905070240000055648e+00 -1.415762137352679195e+00
9.894487900000056513e+00 -1.415819276108418956e+00
9.883905560000057378e+00 -1.415876537301679061e+00
9.873323220000058242e+00 -1.415933921155860364e+00
9.862740880000059107e+00 -1.415991428150957798e+00
9.852158540000059972e+00 -1.416049056973042619e+00
9.841576200000060837e+00 -1.416106813152860466e+00
9.830993860000061701e+00 -1.416164692044393547e+00
9.820411520000062566e+00 -1.416222695588513547e+00
9.809829180000063431e+00 -1.416280824274720684e+00
9.799246840000064296e+00 -1.416339078508466853e+00
9.788664500000065161e+00 -1.416397456986705272e+00
9.778082160000066025e+00 -1.416455965335907896e+00
9.767499820000066890e+00 -1.416514598662532265e+00
9.756917480000067755e+00 -1.416573359175994584e+00
9.746335140000068620e+00 -1.416632247290609214e+00
9.735752800000069485e+00 -1.416691263510145404e+00
9.725170460000070349e+00 -1.416750406279802865e+00
9.714588120000071214e+00 -1.416809681499326290e+00
9.704005780000072079e+00 -1.416869084197750706e+00
9.693423440000072944e+00 -1.416928622227057399e+00
9.682841100000073808e+00 -1.416988284851308455e+00
9.672258760000074673e+00 -1.417048077939279116e+00
9.661676420000075538e+00 -1.417108002008375056e+00
9.651094080000076403e+00 -1.417168057489516908e+00
9.640511740000077268e+00 -1.417228244904884527e+00
9.629929400000078132e+00 -1.417288562712026412e+00
9.619347060000078997e+00 -1.417349016831937147e+00
9.608764720000079862e+00 -1.417409600599371045e+00
9.598182380000080727e+00 -1.417470321378805798e+00
9.587600040000081592e+00 -1.417531174577389086e+00
9.577017700000082456e+00 -1.417592162167336634e+00
9.566435360000083321e+00 -1.417653284685143511e+00
9.555853020000084186e+00 -1.417714542579112891e+00
9.545270680000085051e+00 -1.417775936390657687e+00
9.534688340000085915e+00 -1.417837464590566920e+00
9.524106000000086780e+00 -1.417899133121916178e+00
9.513523660000087645e+00 -1.417960935335523809e+00
9.502941320000088510e+00 -1.418022878611918003e+00
9.492358980000089375e+00 -1.418084958380768423e+00
9.481776640000090239e+00 -1.418147176627859496e+00
9.471194300000091104e+00 -1.418209533909674525e+00
9.460611960000091969e+00 -1.418272030692814267e+00
9.450029620000092834e+00 -1.418334667538957428e+00
9.439447280000093699e+00 -1.418397442932739505e+00
9.428864940000094563e+00 -1.418460362840506361e+00
9.418282600000095428e+00 -1.418523420629922427e+00
9.407700260000096293e+00 -1.418586623698419036e+00
9.397117920000097158e+00 -1.418649967499298281e+00
9.386535580000098022e+00 -1.418713454032670906e+00
9.375953240000098887e+00 -1.418777083876014089e+00
9.365370900000099752e+00 -1.418840857515156983e+00
9.354788560000100617e+00 -1.418904775533061713e+00
9.344206220000101482e+00 -1.418968844290074527e+00
9.333623880000102346e+00 -1.419033052267384631e+00
9.323041540000103211e+00 -1.419097404300065479e+00
9.312459200000104076e+00 -1.419161906002308848e+00
9.301876860000104941e+00 -1.419226552852057788e+00
9.291294520000105805e+00 -1.419291346864633097e+00
9.280712180000106670e+00 -1.419356288639568309e+00
9.270129840000107535e+00 -1.419421378682965695e+00
9.259547500000108400e+00 -1.419486615798035700e+00
9.248965160000109265e+00 -1.419552005707927389e+00
9.238382820000110129e+00 -1.419617543616220612e+00
9.227800480000110994e+00 -1.419683231840360271e+00
9.217218140000111859e+00 -1.419749070898048471e+00
9.206635800000112724e+00 -1.419815061407487367e+00
9.196053460000113589e+00 -1.419881201892579714e+00
9.185471120000114453e+00 -1.419947498384160234e+00
9.174888780000115318e+00 -1.420013946001520866e+00
9.164306440000116183e+00 -1.420080547077062993e+00
9.153724100000117048e+00 -1.420147302242249943e+00
9.143141760000117912e+00 -1.420214211833596085e+00
9.132559420000118777e+00 -1.420281276487237010e+00
9.121977080000119642e+00 -1.420348496742817934e+00
9.111394740000120507e+00 -1.420415873242639737e+00
9.100812400000121372e+00 -1.420483404527618232e+00
9.090230060000122236e+00 -1.420551096656139434e+00
9.079647720000123101e+00 -1.420618943063548967e+00
9.069065380000123966e+00 -1.420686951215413885e+00
9.058483040000124831e+00 -1.420755116658477979e+00
9.047900700000125696e+00 -1.420823441451066538e+00
9.037318360000126560e+00 -1.420891926254351567e+00
9.026736020000127425e+00 -1.420960571631114444e+00
9.016153680000128290e+00 -1.421029378249023534e+00
9.005571340000129155e+00 -1.421098344666991586e+00
8.994989000000130019e+00 -1.421167483511777130e+00
8.984406660000130884e+00 -1.421236775176625056e+00
8.973824320000131749e+00 -1.421306233672859687e+00
8.963241980000132614e+00 -1.421375854576574449e+00
8.952659640000133479e+00 -1.421445639964717511e+00
8.942077300000134343e+00 -1.421515590524920603e+00
8.931494960000135208e+00 -1.421585706844162411e+00
8.920912620000136073e+00 -1.421655989616877003e+00
8.910330280000136938e+00 -1.421726437421152456e+00
8.899747940000137802e+00 -1.421797056374459745e+00
8.889165600000138667e+00 -1.421867839956383550e+00
8.878583260000139532e+00 -1.421938795677015532e+00
8.868000920000140397e+00 -1.422009919143157886e+00
8.857418580000141262e+00 -1.422081212451641763e+00
8.846836240000142126e+00 -1.422152676317727904e+00
8.836253900000142991e+00 -1.422224311354192139e+00
8.825671560000143856e+00 -1.422296118283515209e+00
8.815089220000144721e+00 -1.422368097511147456e+00
8.804506880000145586e+00 -1.422440249765236642e+00
8.793924540000146450e+00 -1.422512573970568628e+00
8.783342200000147315e+00 -1.422585075854319259e+00
8.772759860000148180e+00 -1.422657751055635078e+00
8.762177520000149045e+00 -1.422730601692365537e+00
8.751595180000149909e+00 -1.422803628509035967e+00
8.741012840000150774e+00 -1.422876832145516968e+00
8.730430500000151639e+00 -1.422950213353840310e+00
8.719848160000152504e+00 -1.423023772562292955e+00
8.709265820000153369e+00 -1.423097510528849918e+00
8.698683480000154233e+00 -1.423171427905966180e+00
8.688101140000155098e+00 -1.423245525349198015e+00
8.677518800000155963e+00 -1.423319803627695945e+00
8.666936460000156828e+00 -1.423394261374087089e+00
8.656354120000157693e+00 -1.423468904790371248e+00
8.645771780000158557e+00 -1.423543729118373014e+00
8.635189440000159422e+00 -1.423618743934591313e+00
8.624607100000160287e+00 -1.423693935851549686e+00
8.614024760000161152e+00 -1.423769312402920484e+00
8.603442420000162016e+00 -1.423844874381879899e+00
8.592860080000162881e+00 -1.423920622473499931e+00
8.582277740000163746e+00 -1.423996557479112468e+00
8.571695400000164611e+00 -1.424072678054988383e+00
8.561113060000165476e+00 -1.424148990439394913e+00
8.550530720000166340e+00 -1.424225488203890055e+00
8.539948380000167205e+00 -1.424302178950988429e+00
8.529366040000168070e+00 -1.424379058410437437e+00
8.518783700000168935e+00 -1.424456128759888474e+00
8.508201360000169799e+00 -1.424533390826047352e+00
8.497619020000170664e+00 -1.424610845325109398e+00
8.487036680000171529e+00 -1.424688493092338915e+00
8.476454340000172394e+00 -1.424766332809202618e+00
8.465872000000173259e+00 -1.424844370752113232e+00
8.455289660000174123e+00 -1.424922600522062544e+00
8.444707320000174988e+00 -1.425001029751076675e+00
8.434124980000175853e+00 -1.425079654207732860e+00
8.423542640000176718e+00 -1.425158476095832905e+00
8.412960300000177583e+00 -1.425237496277334648e+00
8.402377960000178447e+00 -1.425316715501487197e+00
8.391795620000179312e+00 -1.425396134639295598e+00
8.381213280000180177e+00 -1.425475752399114393e+00
8.370630940000181042e+00 -1.425555575097454897e+00
8.360048600000181906e+00 -1.425635596366493285e+00
8.349466260000182771e+00 -1.425715823869629473e+00
8.338883920000183636e+00 -1.425796253416363513e+00
8.328301580000184501e+00 -1.425876887238188839e+00
8.317719240000185366e+00 -1.425957726234488465e+00
8.307136900000186230e+00 -1.426038771189329202e+00
8.296554560000187095e+00 -1.426120023028873529e+00
8.285972220000187960e+00 -1.426201489941341771e+00
8.275389880000188825e+00 -1.426283157514103062e+00
8.264807540000189690e+00 -1.426365032592135096e+00
8.254225200000190554e+00 -1.426447101540344375e+00
8.243642860000191419e+00 -1.426529418492990420e+00
8.233060520000192284e+00 -1.426611907439818028e+00
8.222478180000193149e+00 -1.426694648809834876e+00
8.211895840000194013e+00 -1.426777573107864017e+00
8.201313500000194878e+00 -1.426860730277326406e+00
8.190731160000195743e+00 -1.426944136610948322e+00
8.180148820000196608e+00 -1.427027681615431254e+00
8.169566480000197473e+00 -1.427111524112805174e+00
8.158984140000198337e+00 -1.427195534280891964e+00
8.148401800000199202e+00 -1.427279742550807251e+00
8.137819460000200067e+00 -1.427364259960065329e+00
8.127237120000200932e+00 -1.427448864816197593e+00
8.116654780000201796e+00 -1.427533830733614062e+00
8.106072440000202661e+00 -1.427618928949703658e+00
8.095490100000203526e+00 -1.427704264883268515e+00
8.084907760000204391e+00 -1.427789812025546112e+00
8.074325420000205256e+00 -1.427875613154467649e+00
8.063743080000206120e+00 -1.427961596581335701e+00
8.053160740000206985e+00 -1.428047833965610636e+00
8.042578400000207850e+00 -1.428134284732005765e+00
8.031996060000208715e+00 -1.428220978642370298e+00
8.021413720000209580e+00 -1.428307931738501457e+00
8.010831380000210444e+00 -1.428395049687005702e+00
8.000249040000211309e+00 -1.428482430909407741e+00
7.989666700000212174e+00 -1.428570082899871974e+00
7.979084360000213039e+00 -1.428657929842469310e+00
7.968502020000213903e+00 -1.428746010322541782e+00
7.957919680000214768e+00 -1.428834325411313610e+00
7.947337340000215633e+00 -1.428922827197280254e+00
7.936755000000216498e+00 -1.429011662545485617e+00
7.926172660000217363e+00 -1.429100693077973716e+00
7.915590320000218227e+00 -1.429189957447204007e+00
7.905007980000219092e+00 -1.429279404111289509e+00
7.894425640000219957e+00 -1.429369201118052546e+00
7.883843300000220822e+00 -1.429459124258653846e+00
7.873260960000221687e+00 -1.429549346978128854e+00
7.862678620000222551e+00 -1.429639812907975482e+00
7.852096280000223416e+00 -1.429730520805433169e+00
7.841513940000224281e+00 -1.429821548556094557e+00
7.830931600000225146e+00 -1.429912750680493616e+00
7.820349260000226010e+00 -1.430004203760371739e+00
7.809766920000226875e+00 -1.430095903312764039e+00
7.799184580000227740e+00 -1.430187851969446866e+00
7.788602240000228605e+00 -1.430280050897144717e+00
7.778019900000229470e+00 -1.430372410263509364e+00
7.767437560000230334e+00 -1.430465109163976400e+00
7.756855220000231199e+00 -1.430558159844332655e+00
7.746272880000232064e+00 -1.430651267477941246e+00
7.735690540000232929e+00 -1.430744834433293589e+00
7.725108200000233794e+00 -1.430838447204993757e+00
7.714525860000234658e+00 -1.430932422897150724e+00
7.703943520000235523e+00 -1.431026778098751562e+00
7.693361180000236388e+00 -1.431121276882738602e+00
7.682778840000237253e+00 -1.431216036592878327e+00
7.672196500000238117e+00 -1.431311056545912841e+00
7.661614160000238982e+00 -1.431406200875138035e+00
7.651031820000239847e+00 -1.431501892473296733e+00
7.640449480000240712e+00 -1.431597706973787743e+00
7.629867140000241577e+00 -1.431693787977919685e+00
7.619284800000242441e+00 -1.431790136765428878e+00
7.608702460000243306e+00 -1.431886577998032095e+00
7.598120120000244171e+00 -1.431983460102174810e+00
7.587537780000245036e+00 -1.432080611140078563e+00
7.576955440000245900e+00 -1.432178239951130028e+00
7.566373100000246765e+00 -1.432275944272245694e+00
7.555790760000247630e+00 -1.432373923062723708e+00
7.545208420000248495e+00 -1.432472177656208379e+00
7.534626080000249360e+00 -1.432570709249298524e+00
7.524043740000250224e+00 -1.432669279317829725e+00
7.513461400000251089e+00 -1.432768356979347901e+00
7.502879060000251954e+00 -1.432867978260981445e+00
7.492296720000252819e+00 -1.432967628248054570e+00
7.481714380000253684e+00 -1.433067283864472907e+00
7.471132040000254548e+00 -1.433167491911864211e+00
7.460549700000255413e+00 -1.433268288883482233e+00
7.449967360000256278e+00 -1.433369080516723182e+00
7.439385020000257143e+00 -1.433469831624130109e+00
7.428802680000258007e+00 -1.433571529617875040e+00
7.418220340000258872e+00 -1.433672832312050005e+00
7.407638000000259737e+00 -1.433774771951606519e+00
7.397055660000260602e+00 -1.433877384874838068e+00
7.386473320000261467e+00 -1.433979527138502963e+00
7.375890980000262331e+00 -1.434082762323654059e+00
7.365308640000263196e+00 -1.434185895372857900e+00
7.354726300000264061e+00 -1.434289327049098839e+00
7.344143960000264926e+00 -1.434392592754246021e+00
7.333561620000265791e+00 -1.434497091862705354e+00
7.322979280000266655e+00 -1.434600922579922333e+00
7.312396940000267520e+00 -1.434706067407447216e+00
7.301814600000268385e+00 -1.434811011026326355e+00
7.291232260000269250e+00 -1.434915700632896307e+00
7.280649920000270114e+00 -1.435021825636945803e+00
7.270067580000270979e+00 -1.435127695912015167e+00
7.259485240000271844e+00 -1.435233244850620427e+00
7.248902900000272709e+00 -1.435339714497958052e+00
7.238320560000273574e+00 -1.435446497489158535e+00
7.227738220000274438e+00 -1.435553605079656680e+00
7.217155880000275303e+00 -1.435661018638239694e+00
7.206573540000276168e+00 -1.435769511975098389e+00
7.195991200000277033e+00 -1.435877592988911378e+00
7.185408860000277897e+00 -1.435985994017123124e+00
7.174826520000278762e+00 -1.436094717957898004e+00
7.164244180000279627e+00 -1.436202879139796496e+00
7.153661840000280492e+00 -1.436313141227600676e+00
7.143079500000281357e+00 -1.436422841989108523e+00
7.132497160000282221e+00 -1.436532875593445446e+00
7.121914820000283086e+00 -1.436642208636803364e+00
7.111332480000283951e+00 -1.436753933404544270e+00
7.100750140000284816e+00 -1.436863854077064184e+00
7.090167800000285681e+00 -1.436975177648597057e+00
7.079585460000286545e+00 -1.437086835127262763e+00
7.069003120000287410e+00 -1.437198833818803756e+00
7.058420780000288275e+00 -1.437312453979754379e+00
7.047838440000289140e+00 -1.437425178597366626e+00
7.037256100000290004e+00 -1.437538247497839095e+00
7.026673760000290869e+00 -1.437651662061967484e+00
7.016091420000291734e+00 -1.437765424194607178e+00
7.005509080000292599e+00 -1.437879535634222883e+00
6.994926740000293464e+00 -1.437993998315988176e+00
6.984344400000294328e+00 -1.438108811835421497e+00
6.973762060000295193e+00 -1.438223983690753993e+00
6.963179720000296058e+00 -1.438339508482641360e+00
6.952597380000296923e+00 -1.438455394906172913e+00
6.942015040000297788e+00 -1.438571639953662107e+00
6.931432700000298652e+00 -1.438688246815297944e+00
6.920850360000299517e+00 -1.438805217547543425e+00
6.910268020000300382e+00 -1.438922554038475798e+00
6.899685680000301247e+00 -1.439040258378594839e+00
6.889103340000302111e+00 -1.439158330302923394e+00
6.878521000000302976e+00 -1.439276788700764476e+00
6.867938660000303841e+00 -1.439395605926910404e+00
6.857356320000304706e+00 -1.439514802012769046e+00
6.846773980000305571e+00 -1.439634374128419436e+00
6.836191640000306435e+00 -1.439754325621381836e+00
6.825609300000307300e+00 -1.439874658712345434e+00
6.815026960000308165e+00 -1.439995375474219630e+00
6.804444620000309030e+00 -1.440116478171147518e+00
6.793862280000309894e+00 -1.440237966705341766e+00
6.783279940000310759e+00 -1.440359848932681208e+00
6.772697600000311624e+00 -1.440482119817521056e+00
6.762115260000312489e+00 -1.440604788348881282e+00
6.751532920000313354e+00 -1.440727851928931935e+00
6.740950580000314218e+00 -1.440851314070169087e+00
6.730368240000315083e+00 -1.440975177208041025e+00
6.719785900000315948e+00 -1.441099443602887220e+00
6.709203560000316813e+00 -1.441224115741055245e+00
6.698621220000317678e+00 -1.441349195560697627e+00
6.688038880000318542e+00 -1.441474685597901484e+00
6.677456540000319407e+00 -1.441600586547576723e+00
6.666874200000320272e+00 -1.441726905801897551e+00
6.656291860000321137e+00 -1.441853640969455341e+00
6.645709520000322001e+00 -1.441980795795041903e+00
6.635127180000322866e+00 -1.442108372931133697e+00
6.624544840000323731e+00 -1.442236374881781691e+00
6.613962500000324596e+00 -1.442364802516330036e+00
6.603380160000325461e+00 -1.442493690501969184e+00
6.592797820000326325e+00 -1.442622983811232329e+00
6.582215480000327190e+00 -1.442752712321658359e+00
6.571633140000328055e+00 -1.442882878685311177e+00
6.561050800000328920e+00 -1.443013485779964133e+00
6.550468460000329785e+00 -1.443144534080001096e+00
6.539886120000330649e+00 -1.443276032084247706e+00
6.529303780000331514e+00 -1.443407977013842824e+00
6.518721440000332379e+00 -1.443540386065389258e+00
6.508139100000333244e+00 -1.443673237264038178e+00
6.497556760000334108e+00 -1.443806545584681134e+00
6.486974420000334973e+00 -1.443940314140277570e+00
6.476392080000335838e+00 -1.444074545882157778e+00
6.465809740000336703e+00 -1.444209243998516357e+00
6.455227400000337568e+00 -1.444344409259218809e+00
6.444645060000338432e+00 -1.444480050491752765e+00
6.434062720000339297e+00 -1.444616163577039814e+00
6.423480380000340162e+00 -1.444752758471258058e+00
6.412898040000341027e+00 -1.444889833595462525e+00
6.402315700000341891e+00 -1.445027393371258739e+00
6.391733360000342756e+00 -1.445165441347570523e+00
6.381151020000343621e+00 -1.445303980784826026e+00
6.370568680000344486e+00 -1.445443015234224138e+00
6.359986340000345351e+00 -1.445582545812615471e+00
6.349404000000346215e+00 -1.445722581731839540e+00
6.338821660000347080e+00 -1.445863119243091299e+00
6.328239320000347945e+00 -1.446004168677233359e+00
6.317656980000348810e+00 -1.446145728861436774e+00
6.307074640000349675e+00 -1.446287804641202879e+00
6.296492300000350539e+00 -1.446430399889583107e+00
6.285909960000351404e+00 -1.446573518317536111e+00
6.275327620000352269e+00 -1.446717163900270720e+00
6.264745280000353134e+00 -1.446861338162489075e+00
6.254162940000353998e+00 -1.447006050763776308e+00
6.243580600000354863e+00 -1.447151298388982488e+00
6.232998260000355728e+00 -1.447297091808306346e+00
6.222415920000356593e+00 -1.447443430321386559e+00
6.211833580000357458e+00 -1.447590319219016042e+00
6.201251240000358322e+00 -1.447737762852145949e+00
6.190668900000359187e+00 -1.447885765410253489e+00
6.180086560000360052e+00 -1.448034331363179161e+00
6.169504220000360917e+00 -1.448183478695855619e+00
6.158921880000361782e+00 -1.448333183813981684e+00
6.148339540000362646e+00 -1.448483463567352691e+00
6.137757200000363511e+00 -1.448634327375206921e+00
6.127174860000364376e+00 -1.448785775086085303e+00
6.116592520000365241e+00 -1.448937812512177681e+00
6.106010180000366105e+00 -1.449090444561187851e+00
6.095427840000366970e+00 -1.449243675980090407e+00
6.084845500000367835e+00 -1.449397511814601636e+00
6.074263160000368700e+00 -1.449551956495166882e+00
6.063680820000369565e+00 -1.449707015201435079e+00
6.053098480000370429e+00 -1.449862692961469079e+00
6.042516140000371294e+00 -1.450018994870090117e+00
6.031933800000372159e+00 -1.450175926332169629e+00
6.021351460000373024e+00 -1.450333493197365931e+00
6.010769120000373889e+00 -1.450491700945117257e+00
6.000186780000374753e+00 -1.450650552118875058e+00
5.989604440000375618e+00 -1.450810054068226496e+00
5.979022100000376483e+00 -1.450970212583154950e+00
5.968439760000377348e+00 -1.451131032828713696e+00
5.957857420000378212e+00 -1.451292520762677007e+00
5.947275080000379077e+00 -1.451454682183507483e+00
5.936692740000379942e+00 -1.451617523221787387e+00
5.926110400000380807e+00 -1.451781047497238131e+00
5.915528060000381672e+00 -1.451945266931704559e+00
5.904945720000382536e+00 -1.452110180420220331e+00
5.894363380000383401e+00 -1.452275800977576692e+00
5.883781040000384266e+00 -1.452442130280096944e+00
5.873198700000385131e+00 -1.452609175897266125e+00
5.862616360000385995e+00 -1.452776944596905651e+00
5.852034020000386860e+00 -1.452945442991339764e+00
5.841451680000387725e+00 -1.453114678045654529e+00
5.830869340000388590e+00 -1.453284654179300306e+00
5.820287000000389455e+00 -1.453455384223589109e+00
5.809704660000390319e+00 -1.453626884150664322e+00
5.799122320000391184e+00 -1.453799135452320757e+00
5.788539980000392049e+00 -1.453972156878386546e+00
5.777957640000392914e+00 -1.454145956884681734e+00
5.767375300000393779e+00 -1.454320543174302038e+00
5.756792960000394643e+00 -1.454495923288506187e+00
5.746210620000395508e+00 -1.454672105156519901e+00
5.735628280000396373e+00 -1.454849094159299527e+00
5.725045940000397238e+00 -1.455026904090483297e+00
5.714463600000398102e+00 -1.455205535690877516e+00
5.703881260000398967e+00 -1.455385003849845926e+00
5.693298920000399832e+00 -1.455565312200171935e+00
5.682716580000400697e+00 -1.455746470216100041e+00
5.672134240000401562e+00 -1.455928426476910786e+00
5.661551900000402426e+00 -1.456111306426940644e+00
5.650969560000403291e+00 -1.456295082788389150e+00
5.640387220000404156e+00 -1.456479724017588628e+00
5.629804880000405021e+00 -1.456665258775981187e+00
5.619222540000405886e+00 -1.456851694592226298e+00
5.608640200000406750e+00 -1.457039045601216998e+00
5.598057860000407615e+00 -1.457227316612075274e+00
5.587475520000408480e+00 -1.457416518253617177e+00
5.576893180000409345e+00 -1.457606660497537288e+00
5.566310840000410209e+00 -1.457797753153593501e+00
5.555728500000411074e+00 -1.457989804603772255e+00
5.545146160000411939e+00 -1.458182830071724334e+00
5.534563820000412804e+00 -1.458376834434727654e+00
5.523981480000413669e+00 -1.458571830024468996e+00
5.513399140000414533e+00 -1.458767827385481608e+00
5.502816800000415398e+00 -1.458964837541288251e+00
5.492234460000416263e+00 -1.459162868929192225e+00
5.481652120000417128e+00 -1.459361938537880654e+00
5.471069780000417992e+00 -1.459562051894718326e+00
5.460487440000418857e+00 -1.459763241320732652e+00
5.449905100000419722e+00 -1.459965480621210787e+00
5.439322760000420587e+00 -1.460168799881718993e+00
5.428740420000421452e+00 -1.460373211274222482e+00
5.418158080000422316e+00 -1.460578726799839355e+00
5.407575740000423181e+00 -1.460785358989143967e+00
5.396993400000424046e+00 -1.460993117764443072e+00
5.386411060000424911e+00 -1.461202021645892746e+00
5.375828720000425776e+00 -1.461412076096929136e+00
5.365246380000426640e+00 -1.461623300792112223e+00
5.354664040000427505e+00 -1.461835704274580428e+00
5.344081700000428370e+00 -1.462049300887220182e+00
5.333499360000429235e+00 -1.462264104451434843e+00
5.322917020000430099e+00 -1.462480128589168649e+00
5.312334680000430964e+00 -1.462697387511044944e+00
5.301752340000431829e+00 -1.462915892822135744e+00
5.291170000000432694e+00 -1.463135664744925624e+00
5.280587660000433559e+00 -1.463356710470786748e+00
5.270005320000434423e+00 -1.463579051425173194e+00
5.259422980000435288e+00 -1.463802697929554641e+00
5.248840640000436153e+00 -1.464027666098364655e+00
5.238258300000437018e+00 -1.464253971581230829e+00
5.227675960000437883e+00 -1.464481629825227893e+00
5.217093620000438747e+00 -1.464710656906164088e+00
5.206511280000439612e+00 -1.464941066297997363e+00
5.195928940000440477e+00 -1.465172880131251576e+00
5.185346600000441342e+00 -1.465406107515144774e+00
5.174764260000442206e+00 -1.465640771831016487e+00
5.164181920000443071e+00 -1.465876885346032665e+00
5.153599580000443936e+00 -1.466114466180998166e+00
5.143017240000444801e+00 -1.466353532007764526e+00
5.132434900000445666e+00 -1.466594100280413704e+00
5.121852560000446530e+00 -1.466836189162390669e+00
5.111270220000447395e+00 -1.467079839162691135e+00
5.100687880000448260e+00 -1.467325022827908443e+00
5.090105540000449125e+00 -1.467571780037848495e+00
5.079523200000449989e+00 -1.467820134438303947e+00
5.068940860000450854e+00 -1.468070100447955273e+00
5.058358520000451719e+00 -1.468321698385535390e+00
5.047776180000452584e+00 -1.468574948188126728e+00
5.037193840000453449e+00 -1.468829869533545773e+00
5.026611500000454313e+00 -1.469086481010116074e+00
5.016029160000455178e+00 -1.469344807957786436e+00
5.005446820000456043e+00 -1.469604865610198097e+00
4.994864480000456908e+00 -1.469866676847340736e+00
4.984282140000457773e+00 -1.470130262668385424e+00
4.973699800000458637e+00 -1.470395644899661125e+00
4.963117460000459502e+00 -1.470662842822765271e+00
4.952535120000460367e+00 -1.470931884300697767e+00
4.941952780000461232e+00 -1.471202785983300787e+00
4.931370440000462096e+00 -1.471475572438784907e+00
4.920788100000462961e+00 -1.471750266694985765e+00
4.910205760000463826e+00 -1.472026891380734392e+00
4.899623420000464691e+00 -1.472305470378299397e+00
4.889041080000465556e+00 -1.472586027264992659e+00
4.878458740000466420e+00 -1.472868586520932999e+00
4.867876400000467285e+00 -1.473153170145105939e+00
4.857294060000468150e+00 -1.473439808631468617e+00
4.846711720000469015e+00 -1.473728519793611635e+00
4.836129380000469880e+00 -1.474019335799010566e+00
4.825547040000470744e+00 -1.474312277562675799e+00
4.814964700000471609e+00 -1.474607372199187916e+00
4.804382360000472474e+00 -1.474904646426166366e+00
4.793800020000473339e+00 -1.475204126686579187e+00
4.783217680000474203e+00 -1.475505840326251983e+00
4.772635340000475068e+00 -1.475809812351651207e+00
4.762053000000475933e+00 -1.476116105070815365e+00
4.751470660000476798e+00 -1.476424681663854432e+00
4.740888320000477663e+00 -1.476735606101958087e+00
4.730305980000478527e+00 -1.477048902227531713e+00
4.719723640000479392e+00 -1.477364600353999302e+00
4.709141300000480257e+00 -1.477682730268415234e+00
4.698558960000481122e+00 -1.478003321542611825e+00
4.687976620000481986e+00 -1.478326404665903038e+00
4.677394280000482851e+00 -1.478652007970577831e+00
4.666811940000483716e+00 -1.478980167941921220e+00
4.656229600000484581e+00 -1.479310908717680784e+00
4.645647260000485446e+00 -1.479644268920922379e+00
4.635064920000486310e+00 -1.479980275587418070e+00
4.624482580000487175e+00 -1.480318962509876712e+00
4.613900240000488040e+00 -1.480660362878618797e+00
4.603317900000488905e+00 -1.481004509636065780e+00
4.592735560000489770e+00 -1.481351436722462056e+00
4.582153220000490634e+00 -1.481701177934021008e+00
4.571570880000491499e+00 -1.482053767581869019e+00
4.560988540000492364e+00 -1.482409238990184175e+00
4.550406200000493229e+00 -1.482767632612262299e+00
4.539823860000494093e+00 -1.483128978923883734e+00
4.529241520000494958e+00 -1.483493315548296110e+00
4.518659180000495823e+00 -1.483860679307202002e+00
4.508076840000496688e+00 -1.484231106844765558e+00
4.497494500000497553e+00 -1.484604634205776152e+00
4.486912160000498417e+00 -1.484981304027751969e+00
4.476329820000499282e+00 -1.485361149431547734e+00
4.465747480000500147e+00 -1.485744211149803595e+00
4.455165140000501012e+00 -1.486130527930318523e+00
4.444582800000501877e+00 -1.486520139699836873e+00
4.434000460000502741e+00 -1.486913084673278096e+00
4.423418120000503606e+00 -1.487309408515236075e+00
4.412835780000504471e+00 -1.487709147008766219e+00
4.402253440000505336e+00 -1.488112381676355289e+00
4.391671100000506200e+00 -1.488519078284766151e+00
4.381088760000507065e+00 -1.488929316993458762e+00
4.370506420000507930e+00 -1.489343140998029780e+00
4.359924080000508795e+00 -1.489760593249384479e+00
4.349341740000509660e+00 -1.490181717827279817e+00
4.338759400000510524e+00 -1.490606557349753558e+00
4.328177060000511389e+00 -1.491035161661134589e+00
4.317594720000512254e+00 -1.491467569187894693e+00
4.307012380000513119e+00 -1.491903832963811238e+00
4.296430040000513984e+00 -1.492343993600357521e+00
4.285847700000514848e+00 -1.492788099914409861e+00
4.275265360000515713e+00 -1.493236199410549414e+00
4.264683020000516578e+00 -1.493688339531352938e+00
4.254100680000517443e+00 -1.494144568767682646e+00
4.243518340000518307e+00 -1.494604934558156462e+00
4.232936000000519172e+00 -1.495069491013758967e+00
4.222353660000520037e+00 -1.495538281229692013e+00
4.211771320000520902e+00 -1.496011363051259258e+00
4.201188980000521767e+00 -1.496488781415562519e+00
4.190606640000522631e+00 -1.496970590092847164e+00
4.180024300000523496e+00 -1.497456841176049158e+00
4.169441960000524361e+00 -1.497947586799302844e+00
4.158859620000525226e+00 -1.498442880106446662e+00
4.148277280000526090e+00 -1.498942773572925491e+00
4.137694940000526955e+00 -1.499447325804588171e+00
4.127112600000527820e+00 -1.499956584806291460e+00
4.116530260000528685e+00 -1.500470613370798789e+00
4.105947920000529550e+00 -1.500989460945565845e+00
4.095365580000530414e+00 -1.501513186477176243e+00
4.084783240000531279e+00 -1.502041846757456556e+00
4.074200900000532144e+00 -1.502575498882588123e+00
4.063618560000533009e+00 -1.503114200621985752e+00
4.053036220000533874e+00 -1.503658062816563001e+00
4.042453880000534738e+00 -1.504207061361918951e+00
4.031871540000535603e+00 -1.504761267197279873e+00
4.021289200000536468e+00 -1.505320764678536039e+00
4.010706860000537333e+00 -1.505885607809287041e+00
4.000124520000538197e+00 -1.506455860862477181e+00
3.989542180000539062e+00 -1.507031585366185977e+00
3.978959840000539927e+00 -1.507612843372126088e+00
3.968377500000540792e+00 -1.508199696010632751e+00
3.957795160000541657e+00 -1.508792212009200995e+00
3.947212820000542521e+00 -1.509390450423014673e+00
3.936630480000543386e+00 -1.509994477374424715e+00
3.926048140000544251e+00 -1.510604356908554324e+00
3.915465800000545116e+00 -1.511220155460648584e+00
3.904883460000545981e+00 -1.511841938345311886e+00
3.894301120000546845e+00 -1.512469775664834204e+00
3.883718780000547710e+00 -1.513103730287775006e+00
3.873136440000548575e+00 -1.513743871411781905e+00
3.862554100000549440e+00 -1.514390266139943542e+00
3.851971760000550304e+00 -1.515042984723595554e+00
3.841389420000551169e+00 -1.515702095549921413e+00
3.830807080000552034e+00 -1.516367668133781432e+00
3.820224740000552899e+00 -1.517039771692089145e+00
3.809642400000553764e+00 -1.517718477208093830e+00
3.799060060000554628e+00 -1.518403858721126598e+00
3.788477720000555493e+00 -1.519095981504100967e+00
3.777895380000556358e+00 -1.519794925546252395e+00
3.767313040000557223e+00 -1.520500755399735837e+00
3.756730700000558087e+00 -1.521213548010591277e+00
3.746148360000558952e+00 -1.521933375586069115e+00
3.735566020000559817e+00 -1.522660311727538351e+00
3.724983680000560682e+00 -1.523394429202724387e+00
3.714401340000561547e+00 -1.524135803389832011e+00
3.703819000000562411e+00 -1.524884582855132287e+00
3.693236660000563276e+00 -1.525640694694878174e+00
3.682654320000564141e+00 -1.526404293181729654e+00
3.672071980000565006e+00 -1.527175445716438151e+00
3.661489640000565871e+00 -1.527954233291276998e+00
3.650907300000566735e+00 -1.528740730576263696e+00
3.640324960000567600e+00 -1.529535014695901918e+00
3.629742620000568465e+00 -1.530337160604426927e+00
3.619160280000569330e+00 -1.531147247163928915e+00
3.608577940000570194e+00 -1.531965353702513521e+00
3.597995600000571059e+00 -1.532791551846110600e+00
3.587413260000571924e+00 -1.533625927767884756e+00
3.576830920000572789e+00 -1.534468550208048621e+00
3.566248580000573654e+00 -1.535319503110846862e+00
3.555666240000574518e+00 -1.536178862279607760e+00
3.545083900000575383e+00 -1.537046706779617411e+00
3.534501560000576248e+00 -1.537923112483646992e+00
3.523919220000577113e+00 -1.538808160715847473e+00
3.513336880000577978e+00 -1.539701929298928906e+00
3.502754540000578842e+00 -1.540604493000080621e+00
3.492172200000579707e+00 -1.541515938009435427e+00
3.481589860000580572e+00 -1.542436332883268646e+00
3.471007520000581437e+00 -1.543365762647719741e+00
3.460425180000582301e+00 -1.544304301954113390e+00
3.449842840000583166e+00 -1.545252030554950640e+00
3.439260500000584031e+00 -1.546209020875931817e+00
3.428678160000584896e+00 -1.547175359382094051e+00
3.418095820000585761e+00 -1.548151118233018764e+00
3.407513480000586625e+00 -1.549136373381093224e+00
3.396931140000587490e+00 -1.550131204284955988e+00
3.386348800000588355e+00 -1.551135682703734142e+00
3.375766460000589220e+00 -1.552149889194220700e+00
3.365184120000590084e+00 -1.553173899894911614e+00
3.354601780000590949e+00 -1.554207787537549512e+00
3.344019440000591814e+00 -1.555251726573988247e+00
3.333437100000592679e+00 -1.556305590313125764e+00
3.322854760000593544e+00 -1.557369557053063014e+00
3.312272420000594408e+00 -1.558443695247659688e+00
3.301690080000595273e+00 -1.559528080238750114e+00
3.291107740000596138e+00 -1.560622778929721122e+00
3.280525400000597003e+00 -1.561727867505593448e+00
3.269943060000597868e+00 -1.562843416785126616e+00
3.259360720000598732e+00 -1.563969490330946233e+00
3.248778380000599597e+00 -1.565106166791015774e+00
3.238196040000600462e+00 -1.566253502245639195e+00
3.227613700000601327e+00 -1.567411574378773986e+00
3.217031360000602191e+00 -1.568580442344632342e+00
3.206449020000603056e+00 -1.569760176651169070e+00
3.195866680000603921e+00 -1.570950834344968516e+00
3.185284340000604786e+00 -1.572152485505937003e+00
3.174702000000605651e+00 -1.573365191177791056e+00
3.164119660000606515e+00 -1.574589009434458120e+00
3.153537320000607380e+00 -1.575824005434188546e+00
3.142954980000608245e+00 -1.577070228974293942e+00
3.132372640000609110e+00 -1.578327748998905822e+00
3.121790300000609975e+00 -1.579596611953769436e+00
3.111207960000610839e+00 -1.580876880923417938e+00
3.100625620000611704e+00 -1.582168599159815559e+00
3.090043280000612569e+00 -1.583471829941936138e+00
3.079460940000613434e+00 -1.584786618857277229e+00
3.068878600000614298e+00 -1.586113014450552861e+00
3.058296260000615163e+00 -1.587451069468302611e+00
3.047713920000616028e+00 -1.588800829367856382e+00
3.037131580000616893e+00 -1.590162336609761917e+00
3.026549240000617758e+00 -1.591535630059005335e+00
3.015966900000618622e+00 -1.592920761576256616e+00
3.005384560000619487e+00 -1.594317758685329656e+00
2.994802220000620352e+00 -1.595726808971436705e+00
2.984219880000621217e+00 -1.597147675202548411e+00
2.973637540000622081e+00 -1.598580520396061688e+00
2.963055200000622946e+00 -1.600025386071034950e+00
2.952472860000623811e+00 -1.601482292560773013e+00
2.941890520000624676e+00 -1.602951286420434940e+00
2.931308180000625541e+00 -1.604432380205125908e+00
2.920725840000626405e+00 -1.605925613276415254e+00
2.910143500000627270e+00 -1.607430997993122279e+00
2.899561160000628135e+00 -1.608948555532504265e+00
2.888978820000629000e+00 -1.610478324622051316e+00
2.878396480000629865e+00 -1.612020304496202483e+00
2.867814140000630729e+00 -1.613574527551733917e+00
2.857231800000631594e+00 -1.615140989588621956e+00
2.846649460000632459e+00 -1.616719721291794087e+00
2.836067120000633324e+00 -1.618310724479692375e+00
2.825484780000634188e+00 -1.619914016118129130e+00
2.814902440000635053e+00 -1.621529587092351399e+00
2.804320100000635918e+00 -1.623157449119149831e+00
2.793737760000636783e+00 -1.624797620805389808e+00
2.783155420000637648e+00 -1.626450078827030854e+00
2.772573080000638512e+00 -1.628114844584469090e+00
2.761990740000639377e+00 -1.629791889204444510e+00
2.751408400000640242e+00 -1.631481229607133931e+00
2.740826060000641107e+00 -1.633182849684541305e+00
2.730243720000641972e+00 -1.634896738326698573e+00
2.719661380000642836e+00 -1.636622890713771872e+00
2.709079040000643701e+00 -1.638361277114081638e+00
2.698496700000644566e+00 -1.640111909437049764e+00
2.687914360000645431e+00 -1.641874739771352232e+00
2.677332020000646295e+00 -1.643649776946040975e+00
2.666749680000647160e+00 -1.645436967162849928e+00
2.656167340000648025e+00 -1.647236313938085450e+00
2.645585000000648890e+00 -1.649047780293345422e+00
2.635002660000649755e+00 -1.650871527111127168e+00
2.624420320000650619e+00 -1.652707151223738125e+00
2.613837980000651484e+00 -1.654554791294703175e+00
2.603255640000652349e+00 -1.656414445931576385e+00
2.592673300000653214e+00 -1.658286040682300344e+00
2.582090960000654078e+00 -1.660169573062234338e+00
2.571508620000654943e+00 -1.662064961479404301e+00
2.560926280000655808e+00 -1.663972196798565895e+00
2.550343940000656673e+00 -1.665891220618572532e+00
2.539761600000657538e+00 -1.667821983904355765e+00
2.529179260000658402e+00 -1.669764442435470508e+00
2.518596920000659267e+00 -1.671718523870156181e+00
2.508014580000660132e+00 -1.673684214810560400e+00
2.497432240000660997e+00 -1.675661408848925893e+00
2.486849900000661862e+00 -1.677650094788697199e+00
2.476267560000662726e+00 -1.679650158649560687e+00
2.465685220000663591e+00 -1.681661564797823916e+00
2.455102880000664456e+00 -1.683684271204404448e+00
2.444520540000665321e+00 -1.685718166044313016e+00
2.433938200000666185e+00 -1.687763196184769221e+00
2.423355860000667050e+00 -1.689819263108448100e+00
2.412773520000667915e+00 -1.691886339503140491e+00
2.402191180000668780e+00 -1.693964281330747390e+00
2.391608840000669645e+00 -1.696053067840025186e+00
2.381026500000670509e+00 -1.698152526842504173e+00
2.370444160000671374e+00 -1.700262655167896098e+00
2.359861820000672239e+00 -1.702383339434571319e+00
2.349279480000673104e+00 -1.704514432084037967e+00
2.338697140000673969e+00 -1.706655899756834849e+00
2.328114800000674833e+00 -1.708807565652319616e+00
2.317532460000675698e+00 -1.710969377460072050e+00
2.306950120000676563e+00 -1.713141201364614785e+00
2.296367780000677428e+00 -1.715322943069309547e+00
2.285785440000678292e+00 -1.717514666612725227e+00
2.275203100000679157e+00 -1.719715785515259610e+00
2.264620760000680022e+00 -1.721926464671168944e+00
2.254038420000680887e+00 -1.724146477913277575e+00
2.243456080000681752e+00 -1.726375773179787965e+00
2.232873740000682616e+00 -1.728614108908040015e+00
2.222291400000683481e+00 -1.730861405409465315e+00
2.211709060000684346e+00 -1.733117478593405592e+00
2.201126720000685211e+00 -1.735382160583399669e+00
2.190544380000686076e+00 -1.737655285002604133e+00
2.179962040000686940e+00 -1.739936638238967825e+00
2.169379700000687805e+00 -1.742226121143150674e+00
2.158797360000688670e+00 -1.744523427685327643e+00
2.148215020000689535e+00 -1.746828470332177696e+00
2.137632680000690399e+00 -1.749140919779743397e+00
2.127050340000691264e+00 -1.751460651490531317e+00
2.116468000000692129e+00 -1.753787407709530788e+00
2.105885660000692994e+00 -1.756120949243775486e+00
2.095303320000693859e+00 -1.758461035878315482e+00
2.084720980000694723e+00 -1.760807371395245458e+00
2.074138640000695588e+00 -1.763159796222824482e+00
2.063556300000696453e+00 -1.765517893703042018e+00
2.052973960000697318e+00 -1.767881517158436555e+00
2.042391620000698182e+00 -1.770250219459526653e+00
2.031809280000699047e+00 -1.772623801730747406e+00
2.021226940000699912e+00 -1.775001900807592570e+00
2.010644600000700777e+00 -1.777384176296922469e+00
2.000062260000701642e+00 -1.779770280211195876e+00
1.989479920000702506e+00 -1.782159799157824631e+00
1.978897580000703371e+00 -1.784552482109209137e+00
1.968315240000704236e+00 -1.786947759322998097e+00
1.957732900000705101e+00 -1.789345394770941233e+00
1.947150560000705966e+00 -1.791744775953982183e+00
1.936568220000706830e+00 -1.794145874370323579e+00
1.925985880000707695e+00 -1.796547673661058830e+00
1.915403540000708560e+00 -1.798949869115882949e+00
1.904821200000709425e+00 -1.801352008183157327e+00
1.894238860000710289e+00 -1.803753512501936829e+00
1.883656520000711154e+00 -1.806154001618488714e+00
1.873074180000712019e+00 -1.808552692386021343e+00
1.862491840000712884e+00 -1.810949219985952707e+00
1.851909500000713749e+00 -1.813342687508365136e+00
1.841327160000714613e+00 -1.815732752380112780e+00
1.830744820000715478e+00 -1.818118699569969854e+00
1.820162480000716343e+00 -1.820499660134362152e+00
1.809580140000717208e+00 -1.822875173386059977e+00
1.798997800000718073e+00 -1.825244242796771443e+00
1.788415460000718937e+00 -1.827606294638834061e+00
1.777833120000719802e+00 -1.829960470132671935e+00
1.767250780000720667e+00 -1.832306008265344621e+00
1.756668440000721532e+00 -1.834641836118363845e+00
1.746086100000722396e+00 -1.836967200557995561e+00
1.735503760000723261e+00 -1.839281325334566786e+00
1.724921420000724126e+00 -1.841582943887641655e+00
1.714339080000724991e+00 -1.843871368429250701e+00
1.703756740000725856e+00 -1.846145239936011206e+00
1.693174400000726720e+00 -1.848403721123385024e+00
1.682592060000727585e+00 -1.850645615710896363e+00
1.672009720000728450e+00 -1.852869756068466600e+00
1.661427380000729315e+00 -1.855074938308643562e+00
1.650845040000730179e+00 -1.857259815700740946e+00
1.640262700000731044e+00 -1.859423364825635083e+00
1.629680360000731909e+00 -1.861563859025166412e+00
1.619098020000732774e+00 -1.863680281304670672e+00
1.608515680000733639e+00 -1.865770782017085239e+00
1.597933340000734503e+00 -1.867834144393183404e+00
1.587351000000735368e+00 -1.869868704646074020e+00
1.576768660000736233e+00 -1.871873238518440452e+00
1.566186320000737098e+00 -1.873845234542395488e+00
1.555603980000737963e+00 -1.875783228975737016e+00
1.545021640000738827e+00 -1.877685743849919708e+00
1.534439300000739692e+00 -1.879550407095889941e+00
1.523856960000740557e+00 -1.881375730897921983e+00
1.513274620000741422e+00 -1.883159179658304261e+00
1.502692280000742286e+00 -1.884898992003579687e+00
1.492109940000743151e+00 -1.886592839515184084e+00
1.481527600000744016e+00 -1.888238422641001613e+00
1.470945260000744881e+00 -1.889833351495185942e+00
1.460362920000745746e+00 -1.891375005664494013e+00
1.449780580000746610e+00 -1.892861227986535111e+00
1.439198240000747475e+00 -1.894288755791611267e+00
1.428615900000748340e+00 -1.895655394009816641e+00
1.418033560000749205e+00 -1.896957629678560409e+00
1.407451220000750070e+00 -1.898192739370003768e+00
1.396868880000750934e+00 -1.899357914107166145e+00
1.386286540000751799e+00 -1.900449393554102473e+00
1.375704200000752664e+00 -1.901463931038869903e+00
1.365121860000753529e+00 -1.902397805429120181e+00
1.354539520000754393e+00 -1.903247854031280717e+00
1.343957180000755258e+00 -1.904009499945979567e+00
1.333374840000756123e+00 -1.904679483328985068e+00
1.322792500000756988e+00 -1.905253058485172346e+00
1.312210160000757853e+00 -1.905725642617227100e+00
1.301627820000758717e+00 -1.906093702568664394e+00
1.291045480000759582e+00 -1.906351472640571698e+00
1.280463140000760447e+00 -1.906494854366378000e+00
1.269880800000761312e+00 -1.906517819899640864e+00
1.259298460000762176e+00 -1.906415623480853139e+00
1.248716120000763041e+00 -1.906182431433674163e+00
1.238133780000763906e+00 -1.905812596291505345e+00
1.227551440000764771e+00 -1.905299695083643829e+00
1.216969100000765636e+00 -1.904636881464925047e+00
1.206386760000766500e+00 -1.903818407216389730e+00
1.195804420000767365e+00 -1.902836212073297339e+00
1.185222080000768230e+00 -1.901684019439477291e+00
1.174639740000769095e+00 -1.900353048154255653e+00
1.164057400000769960e+00 -1.898836065700360676e+00
1.153475060000770824e+00 -1.897124387547410196e+00
1.142892720000771689e+00 -1.895209178021816543e+00
1.132310380000772554e+00 -1.893081182646189298e+00
1.121728040000773419e+00 -1.890730405377468504e+00
1.111145700000774283e+00 -1.888147651303706986e+00
1.100563360000775148e+00 -1.885320949531359869e+00
1.089981020000776013e+00 -1.882240498901766923e+00
1.079398680000776878e+00 -1.878893182718511357e+00
1.068816340000777743e+00 -1.875267754917569807e+00
1.058234000000778607e+00 -1.871350986888849377e+00
