1.058234000000000030e+01 -1.411956965732067637e+00
1.057175766000000117e+01 -1.412006186959551712e+00
1.056117532000000203e+01 -1.412055577020655539e+00
1.055059298000000290e+01 -1.412105046052329893e+00
1.054001064000000376e+01 -1.412154669257669415e+00
1.052942830000000463e+01 -1.412204271914289322e+00
1.051884596000000549e+01 -1.412254064267078890e+00
1.050826362000000636e+01 -1.412303909977787875e+00
1.049768128000000722e+01 -1.412353861161703694e+00
1.048709894000000808e+01 -1.412403926914949981e+00
1.047651660000000895e+01 -1.412454118838307071e+00
1.046593426000000981e+01 -1.412504295217359429e+00
1.045535192000001068e+01 -1.412554719800874325e+00
1.044476958000001154e+01 -1.412605183667018593e+00
1.043418724000001241e+01 -1.412655755573706484e+00
1.042360490000001327e+01 -1.412706451306364963e+00
1.041302256000001414e+01 -1.412757247101408264e+00
1.040244022000001500e+01 -1.412808066955409725e+00
1.039185788000001587e+01 -1.412859046993224954e+00
1.038127554000001673e+01 -1.412910124248153210e+00
1.037069320000001760e+01 -1.412961308541818006e+00
1.036011086000001846e+01 -1.413012594945032063e+00
1.034952852000001933e+01 -1.413063985085997842e+00
1.033894618000002019e+01 -1.413115479713084710e+00
1.032836384000002106e+01 -1.413167078753354122e+00
1.031778150000002192e+01 -1.413218781139045532e+00
1.030719916000002279e+01 -1.413270592493296451e+00
1.029661682000002365e+01 -1.413322507317879673e+00
1.028603448000002452e+01 -1.413374528272915320e+00
1.027545214000002538e+01 -1.413426655235102025e+00
1.026486980000002625e+01 -1.413478889036796637e+00
1.025428746000002711e+01 -1.413531227757494291e+00
1.024370512000002797e+01 -1.413583677262371552e+00
1.023312278000002884e+01 -1.413636232408969295e+00
1.022254044000002970e+01 -1.413688895647049026e+00
1.021195810000003057e+01 -1.413741667154778003e+00
1.020137576000003143e+01 -1.413794546944205699e+00
1.019079342000003230e+01 -1.413847535794094279e+00
1.018021108000003316e+01 -1.413900633627642289e+00
1.016962874000003403e+01 -1.413953841300412906e+00
1.015904640000003489e+01 -1.414007156887458594e+00
1.014846406000003576e+01 -1.414060586277514409e+00
1.013788172000003662e+01 -1.414114122728727274e+00
1.012729938000003749e+01 -1.414167773527672534e+00
1.011671704000003835e+01 -1.414221534047505058e+00
1.010613470000003922e+01 -1.414275405872305935e+00
1.009555236000004008e+01 -1.414329389876002763e+00
1.008497002000004095e+01 -1.414383485949196384e+00
1.007438768000004181e+01 -1.414437694973604609e+00
1.006380534000004268e+01 -1.414492015023857574e+00
1.005322300000004354e+01 -1.414546456923484241e+00
1.004264066000004441e+01 -1.414601004124806938e+00
1.003205832000004527e+01 -1.414655668825942181e+00
1.002147598000004614e+01 -1.414710446422146717e+00
1.001089364000004700e+01 -1.414765338499076597e+00
1.000031130000004786e+01 -1.414820345956851355e+00
9.989728960000048730e+00 -1.414875468686768611e+00
9.979146620000049595e+00 -1.414930707598414328e+00
9.968564280000050459e+00 -1.414986060766761256e+00
9.957981940000051324e+00 -1.415041534120486721e+00
9.947399600000052189e+00 -1.415097120941940512e+00
9.936817260000053054e+00 -1.415152828541393459e+00
9.926234920000053918e+00 -1.415208652332140105e+00
9.915652580000054783e+00 -1.415264593899581369e+00
9.905070240000055648e+00 -1.415320654173163550e+00
9.894487900000056513e+00 -1.415376833044799554e+00
9.883905560000057378e+00 -1.415433131452628723e+00
9.873323220000058242e+00 -1.415489549384689072e+00
9.862740880000059107e+00 -1.415546087053612290e+00
9.852158540000059972e+00 -1.415602743493378668e+00
9.841576200000060837e+00 -1.415659524112545808e+00
9.830993860000061701e+00 -1.415716424346183500e+00
9.820411520000062566e+00 -1.415773445781308704e+00
9.809829180000063431e+00 -1.415830589376652071e+00
9.799246840000064296e+00 -1.415887855025002473e+00
9.788664500000065161e+00 -1.415945241778887587e+00
9.778082160000066025e+00 -1.416002755379566436e+00
9.767499820000066890e+00 -1.416060390298928828e+00
9.756917480000067755e+00 -1.416118149357174838e+00
9.746335140000068620e+00 -1.416176032446431643e+00
9.735752800000069485e+00 -1.416234040550912399e+00
9.725170460000070349e+00 -1.416292171749448325e+00
9.714588120000071214e+00 -1.416350432025641259e+00
9.704005780000072079e+00 -1.416408816283449168e+00
9.693423440000072944e+00 -1.416467332380561439e+00
9.682841100000073808e+00 -1.416525970011160984e+00
9.672258760000074673e+00 -1.416584734437254856e+00
9.661676420000075538e+00 -1.416643626668288913e+00
9.651094080000076403e+00 -1.416702646599350635e+00
9.640511740000077268e+00 -1.416761795246844535e+00
9.629929400000078132e+00 -1.416821070690599704e+00
9.619347060000078997e+00 -1.416880478937525556e+00
9.608764720000079862e+00 -1.416940013318926939e+00
9.598182380000080727e+00 -1.416999681194993643e+00
9.587600040000081592e+00 -1.417059478058844135e+00
9.577017700000082456e+00 -1.417119405500340656e+00
9.566435360000083321e+00 -1.417179464560115676e+00
9.555853020000084186e+00 -1.417239655134731491e+00
9.545270680000085051e+00 -1.417299978274534800e+00
9.534688340000085915e+00 -1.417360432061176345e+00
9.524106000000086780e+00 -1.417421022525652496e+00
9.513523660000087645e+00 -1.417481743015400086e+00
9.502941320000088510e+00 -1.417542600905999262e+00
9.492358980000089375e+00 -1.417603591715537403e+00
9.481776640000090239e+00 -1.417664717036001720e+00
9.471194300000091104e+00 -1.417725977942495996e+00
9.460611960000091969e+00 -1.417787374333803863e+00
9.450029620000092834e+00 -1.417848907295131022e+00
9.439447280000093699e+00 -1.417910574910691057e+00
9.428864940000094563e+00 -1.417972383237087186e+00
9.418282600000095428e+00 -1.418034325638480642e+00
9.407700260000096293e+00 -1.418096409507416000e+00
9.397117920000097158e+00 -1.418158630388278718e+00
9.386535580000098022e+00 -1.418220989875925486e+00
9.375953240000098887e+00 -1.418283489081876958e+00
9.365370900000099752e+00 -1.418346127907974541e+00
9.354788560000100617e+00 -1.418408907476394143e+00
9.344206220000101482e+00 -1.418471832828160251e+00
9.333623880000102346e+00 -1.418534894186438633e+00
9.323041540000103211e+00 -1.418598095768052181e+00
9.312459200000104076e+00 -1.418661443045680759e+00
9.301876860000104941e+00 -1.418724931591502481e+00
9.291294520000105805e+00 -1.418788563004522940e+00
9.280712180000106670e+00 -1.418852338433740368e+00
9.270129840000107535e+00 -1.418916257784361257e+00
9.259547500000108400e+00 -1.418980319562614500e+00
9.248965160000109265e+00 -1.419044531019745925e+00
9.238382820000110129e+00 -1.419108885923626273e+00
9.227800480000110994e+00 -1.419173387306551071e+00
9.217218140000111859e+00 -1.419238035073700832e+00
9.206635800000112724e+00 -1.419302830407384475e+00
9.196053460000113589e+00 -1.419367770662789185e+00
9.185471120000114453e+00 -1.419432863411708157e+00
9.174888780000115318e+00 -1.419498102911433302e+00
9.164306440000116183e+00 -1.419563491920600162e+00
9.153724100000117048e+00 -1.419629030736638819e+00
9.143141760000117912e+00 -1.419694718651950405e+00
9.132559420000118777e+00 -1.419760558349901558e+00
9.121977080000119642e+00 -1.419826549011631966e+00
9.111394740000120507e+00 -1.419892691860601630e+00
9.100812400000121372e+00 -1.419958984305563110e+00
9.090230060000122236e+00 -1.420025433850427454e+00
9.079647720000123101e+00 -1.420092033261619813e+00
9.069065380000123966e+00 -1.420158789999288240e+00
9.058483040000124831e+00 -1.420225698947411797e+00
9.047900700000125696e+00 -1.420292763207594122e+00
9.037318360000126560e+00 -1.420359983295453432e+00
9.026736020000127425e+00 -1.420427358506569426e+00
9.016153680000128290e+00 -1.420494891314717067e+00
9.005571340000129155e+00 -1.420562579225623123e+00
8.994989000000130019e+00 -1.420630433868099951e+00
8.984406660000130884e+00 -1.420698437799422731e+00
8.973824320000131749e+00 -1.420766603948625306e+00
8.963241980000132614e+00 -1.420834927304156281e+00
8.952659640000133479e+00 -1.420903410828823876e+00
8.942077300000134343e+00 -1.420972055155907299e+00
8.931494960000135208e+00 -1.421040859479137275e+00
8.920912620000136073e+00 -1.421109826525506659e+00
8.910330280000136938e+00 -1.421178953700168890e+00
8.899747940000137802e+00 -1.421248246460274700e+00
8.889165600000138667e+00 -1.421317699780359156e+00
8.878583260000139532e+00 -1.421387320422215161e+00
8.868000920000140397e+00 -1.421457103290210133e+00
8.857418580000141262e+00 -1.421527051587928803e+00
8.846836240000142126e+00 -1.421597165874526780e+00
8.836253900000142991e+00 -1.421667445216908465e+00
8.825671560000143856e+00 -1.421737892651017132e+00
8.815089220000144721e+00 -1.421808507425841528e+00
8.804506880000145586e+00 -1.421879288987023093e+00
8.793924540000146450e+00 -1.421950238515947262e+00
8.783342200000147315e+00 -1.422021360063183026e+00
8.772759860000148180e+00 -1.422092650608840936e+00
8.762177520000149045e+00 -1.422164110525336200e+00
8.751595180000149909e+00 -1.422235742461749330e+00
8.741012840000150774e+00 -1.422307545069599444e+00
8.730430500000151639e+00 -1.422379521039444317e+00
8.719848160000152504e+00 -1.422451669158010024e+00
8.709265820000153369e+00 -1.422523991108806340e+00
8.698683480000154233e+00 -1.422596486884933897e+00
8.688101140000155098e+00 -1.422669157762520120e+00
8.677518800000155963e+00 -1.422742003807381250e+00
8.666936460000156828e+00 -1.422815024517904536e+00
8.656354120000157693e+00 -1.422888224810089586e+00
8.645771780000158557e+00 -1.422961601154318245e+00
8.635189440000159422e+00 -1.423035161700405116e+00
8.624607100000160287e+00 -1.423108895106009353e+00
8.614024760000161152e+00 -1.423182806589317284e+00
8.603442420000162016e+00 -1.423256899096920769e+00
8.592860080000162881e+00 -1.423331171070606693e+00
8.582277740000163746e+00 -1.423405625501416250e+00
8.571695400000164611e+00 -1.423480258988812697e+00
8.561113060000165476e+00 -1.423555079425598668e+00
8.550530720000166340e+00 -1.423630078810587563e+00
8.539948380000167205e+00 -1.423705266315004714e+00
8.529366040000168070e+00 -1.423780636184221349e+00
8.518783700000168935e+00 -1.423856191669050197e+00
8.508201360000169799e+00 -1.423931932659475486e+00
8.497619020000170664e+00 -1.424007860749968435e+00
8.487036680000171529e+00 -1.424083975803632773e+00
8.476454340000172394e+00 -1.424160277647940065e+00
8.465872000000173259e+00 -1.424236770959097731e+00
8.455289660000174123e+00 -1.424313451058332403e+00
8.444707320000174988e+00 -1.424390323813184089e+00
8.434124980000175853e+00 -1.424467386882210418e+00
8.423542640000176718e+00 -1.424544640113656335e+00
8.412960300000177583e+00 -1.424622086903768903e+00
8.402377960000178447e+00 -1.424699725364937830e+00
8.391795620000179312e+00 -1.424777558947903700e+00
8.381213280000180177e+00 -1.424855583917598478e+00
8.370630940000181042e+00 -1.424933808605341135e+00
8.360048600000181906e+00 -1.425012224708005704e+00
8.349466260000182771e+00 -1.425090841821307963e+00
8.338883920000183636e+00 -1.425169653905851819e+00
8.328301580000184501e+00 -1.425248664603651960e+00
8.317719240000185366e+00 -1.425327873541507806e+00
8.307136900000186230e+00 -1.425407282715152713e+00
8.296554560000187095e+00 -1.425486892522489057e+00
8.285972220000187960e+00 -1.425566675579575504e+00
8.275389880000188825e+00 -1.425646719623799408e+00
8.264807540000189690e+00 -1.425726909712637269e+00
8.254225200000190554e+00 -1.425807383814916340e+00
8.233060520000192284e+00 -1.425968819771974871e+00
8.222478180000193149e+00 -1.426049819320891698e+00
8.211895840000194013e+00 -1.426131080505851800e+00
8.201313500000194878e+00 -1.426212449097553625e+00
8.190731160000195743e+00 -1.426294136290774173e+00
8.180148820000196608e+00 -1.426375994417558912e+00
8.169566480000197473e+00 -1.426458059167764247e+00
8.158984140000198337e+00 -1.426540373870529566e+00
8.148401800000199202e+00 -1.426622845383018090e+00
8.137819460000200067e+00 -1.426705517808388057e+00
8.116654780000201796e+00 -1.426871552266710141e+00
8.106072440000202661e+00 -1.426954926178761296e+00
8.095490100000203526e+00 -1.427038492528456937e+00
8.084907760000204391e+00 -1.427122281852882590e+00
8.074325420000205256e+00 -1.427206257732425598e+00
8.063743080000206120e+00 -1.427290503933579924e+00
8.053160740000206985e+00 -1.427374930784191864e+00
8.042578400000207850e+00 -1.427459594468037718e+00
8.031996060000208715e+00 -1.427544463687585585e+00
8.021413720000209580e+00 -1.427629524935089211e+00
8.010831380000210444e+00 -1.427714879903920542e+00
8.000249040000211309e+00 -1.427800418660763349e+00
7.989666700000212174e+00 -1.427886143785640494e+00
7.979084360000213039e+00 -1.427972129571377646e+00
7.968502020000213903e+00 -1.428058340686262362e+00
7.957919680000214768e+00 -1.428144778962405548e+00
7.947337340000215633e+00 -1.428231487874994654e+00
7.936755000000216498e+00 -1.428318338454128700e+00
7.926172660000217363e+00 -1.428405474455516355e+00
7.915590320000218227e+00 -1.428492807471177350e+00
7.852096280000223416e+00 -1.429021902531517396e+00
7.841513940000224281e+00 -1.429110769388336921e+00
7.830931600000225146e+00 -1.429199999030032586e+00
7.820349260000226010e+00 -1.429289482773804298e+00
7.809766920000226875e+00 -1.429379193618740329e+00
7.735690540000232929e+00 -1.430013903567068034e+00
7.725108200000233794e+00 -1.430105657776994610e+00
7.714525860000234658e+00 -1.430197566484591620e+00
7.703943520000235523e+00 -1.430289601635568397e+00
7.693361180000236388e+00 -1.430381984170302490e+00
7.682778840000237253e+00 -1.430474689810414812e+00
7.672196500000238117e+00 -1.430567512629082660e+00
7.661614160000238982e+00 -1.430660840383416677e+00
7.651031820000239847e+00 -1.430754172646966582e+00
7.640449480000240712e+00 -1.430847771927953094e+00
7.629867140000241577e+00 -1.430941699959560554e+00
7.619284800000242441e+00 -1.431035876181530719e+00
7.608702460000243306e+00 -1.431130480553085338e+00
7.598120120000244171e+00 -1.431225186704353947e+00
7.587537780000245036e+00 -1.431320139435223515e+00
7.576955440000245900e+00 -1.431415179267949700e+00
7.566373100000246765e+00 -1.431510660328575213e+00
7.555790760000247630e+00 -1.431606400411354452e+00
7.545208420000248495e+00 -1.431702405638033859e+00
7.534626080000249360e+00 -1.431798676885441379e+00
7.524043740000250224e+00 -1.431895439625299637e+00
7.513461400000251089e+00 -1.431992243010644428e+00
7.502879060000251954e+00 -1.432089215149229933e+00
7.492296720000252819e+00 -1.432186428075442386e+00
7.418220340000258872e+00 -1.432875805261383473e+00
7.407638000000259737e+00 -1.432975392449173269e+00
7.397055660000260602e+00 -1.433074850078070783e+00
7.386473320000261467e+00 -1.433175323509563448e+00
7.375890980000262331e+00 -1.433275329869893921e+00
7.365308640000263196e+00 -1.433376007680417619e+00
7.322979280000266655e+00 -1.433781926795703709e+00
7.312396940000267520e+00 -1.433883622210648578e+00
7.301814600000268385e+00 -1.433986026505248645e+00
7.291232260000269250e+00 -1.434089221629396782e+00
7.280649920000270114e+00 -1.434191671845578941e+00
7.259485240000271844e+00 -1.434399093686367976e+00
7.206573540000276168e+00 -1.434920761215501939e+00
7.195991200000277033e+00 -1.435026188932652769e+00
7.185408860000277897e+00 -1.435131860025890216e+00
7.174826520000278762e+00 -1.435237818557907774e+00
7.164244180000279627e+00 -1.435344902416656687e+00
7.153661840000280492e+00 -1.435450611021036327e+00
7.143079500000281357e+00 -1.435557512755456733e+00
7.132497160000282221e+00 -1.435664673364293709e+00
7.121914820000283086e+00 -1.435773161336487913e+00
7.111332480000283951e+00 -1.435880042406909585e+00
7.100750140000284816e+00 -1.435989177811690221e+00
7.090167800000285681e+00 -1.436097681670396753e+00
7.079585460000286545e+00 -1.436206460530002671e+00
7.069003120000287410e+00 -1.436315605037251419e+00
7.058420780000288275e+00 -1.436423837378773660e+00
7.016091420000291734e+00 -1.436864648891829077e+00
7.005509080000292599e+00 -1.436975640413607369e+00
6.994926740000293464e+00 -1.437086968724449410e+00
6.984344400000294328e+00 -1.437198627918365279e+00
6.973762060000295193e+00 -1.437310650688045977e+00
6.963179720000296058e+00 -1.437422943540003439e+00
6.952597380000296923e+00 -1.437535614040972076e+00
6.920850360000299517e+00 -1.437875531354094516e+00
6.910268020000300382e+00 -1.437989528189130173e+00
6.889103340000302111e+00 -1.438218510155619079e+00
6.878521000000302976e+00 -1.438333554957732741e+00
6.857356320000304706e+00 -1.438564575752984132e+00
6.846773980000305571e+00 -1.438680619609487010e+00
6.836191640000306435e+00 -1.438797022835898609e+00
6.825609300000307300e+00 -1.438913607733141697e+00
6.815026960000308165e+00 -1.439030838142827395e+00
6.793862280000309894e+00 -1.439265997064026248e+00
6.783279940000310759e+00 -1.439384113531488207e+00
6.772697600000311624e+00 -1.439502589264007870e+00
6.762115260000312489e+00 -1.439621426403383531e+00
6.751532920000313354e+00 -1.439740619134509458e+00
6.740950580000314218e+00 -1.439860167794511314e+00
6.730368240000315083e+00 -1.439980076206436088e+00
6.719785900000315948e+00 -1.440100343746244071e+00
6.709203560000316813e+00 -1.440220973669165794e+00
6.698621220000317678e+00 -1.440341966254671036e+00
6.688038880000318542e+00 -1.440463322997296070e+00
6.677456540000319407e+00 -1.440585039813983448e+00
6.666874200000320272e+00 -1.440707131090382065e+00
6.656291860000321137e+00 -1.440829626025308396e+00
6.645709520000322001e+00 -1.440952479102413530e+00
6.635127180000322866e+00 -1.441075655830446056e+00
6.624544840000323731e+00 -1.441199156455075459e+00
6.613962500000324596e+00 -1.441323139272084219e+00
6.603380160000325461e+00 -1.441447470302583911e+00
6.592797820000326325e+00 -1.441572090750410595e+00
6.582215480000327190e+00 -1.441697174055609487e+00
6.571633140000328055e+00 -1.441822606534561180e+00
6.561050800000328920e+00 -1.441948442067257030e+00
6.550468460000329785e+00 -1.442074704407134256e+00
6.539886120000330649e+00 -1.442201233502924174e+00
6.529303780000331514e+00 -1.442328209028690633e+00
6.518721440000332379e+00 -1.442455463140834393e+00
6.508139100000333244e+00 -1.442583363921895900e+00
6.497556760000334108e+00 -1.442711444423862011e+00
6.486974420000334973e+00 -1.442839965326466523e+00
6.476392080000335838e+00 -1.442968874102577237e+00
6.465809740000336703e+00 -1.443098172552628622e+00
6.455227400000337568e+00 -1.443227839275715851e+00
6.444645060000338432e+00 -1.443357887329747236e+00
6.434062720000339297e+00 -1.443488413798957426e+00
6.423480380000340162e+00 -1.443619256227075764e+00
6.412898040000341027e+00 -1.443750577705137150e+00
6.402315700000341891e+00 -1.443882271267173723e+00
6.391733360000342756e+00 -1.444014306207231924e+00
6.381151020000343621e+00 -1.444146684575844830e+00
6.370568680000344486e+00 -1.444279754945413607e+00
6.359986340000345351e+00 -1.444412903514147750e+00
6.349404000000346215e+00 -1.444546596959950246e+00
6.338821660000347080e+00 -1.444680701401704459e+00
6.328239320000347945e+00 -1.444815160847187752e+00
6.317656980000348810e+00 -1.444950050185236146e+00
6.307074640000349675e+00 -1.445085325085803563e+00
6.296492300000350539e+00 -1.445221129165061402e+00
6.285909960000351404e+00 -1.445357131732680545e+00
6.275327620000352269e+00 -1.445493662502485899e+00
6.264745280000353134e+00 -1.445630532741694729e+00
6.254162940000353998e+00 -1.445768014463933770e+00
6.243580600000354863e+00 -1.445905763621340823e+00
6.232998260000355728e+00 -1.446043876737780121e+00
6.222415920000356593e+00 -1.446182548787325661e+00
6.211833580000357458e+00 -1.446321587226540251e+00
6.201251240000358322e+00 -1.446461093701325140e+00
6.190668900000359187e+00 -1.446600855707398381e+00
6.180086560000360052e+00 -1.446741166641558607e+00
6.169504220000360917e+00 -1.446881856724121951e+00
6.158921880000361782e+00 -1.447022988794467224e+00
6.148339540000362646e+00 -1.447164514942655078e+00
6.137757200000363511e+00 -1.447306471878454293e+00
6.127174860000364376e+00 -1.447448859258079423e+00
6.116592520000365241e+00 -1.447591664336912221e+00
6.106010180000366105e+00 -1.447734895669352095e+00
6.095427840000366970e+00 -1.447878550795232089e+00
6.084845500000367835e+00 -1.448022633818409233e+00
6.074263160000368700e+00 -1.448167024163107941e+00
6.063680820000369565e+00 -1.448312068417873189e+00
6.053098480000370429e+00 -1.448457445522226106e+00
6.042516140000371294e+00 -1.448603231346831111e+00
6.031933800000372159e+00 -1.448749452541462590e+00
6.021351460000373024e+00 -1.448896072267493729e+00
6.010769120000373889e+00 -1.449043198728331427e+00
6.000186780000374753e+00 -1.449190684383338423e+00
5.989604440000375618e+00 -1.449338628691686504e+00
5.979022100000376483e+00 -1.449487006468218375e+00
5.968439760000377348e+00 -1.449635790969567184e+00
5.957857420000378212e+00 -1.449785021915101835e+00
5.947275080000379077e+00 -1.449934682714046019e+00
5.936692740000379942e+00 -1.450084776508773432e+00
5.926110400000380807e+00 -1.450235293730701702e+00
5.915528060000381672e+00 -1.450386263109128659e+00
5.904945720000382536e+00 -1.450537634943058540e+00
5.894363380000383401e+00 -1.450689461530124680e+00
5.883781040000384266e+00 -1.450841714922265879e+00
5.873198700000385131e+00 -1.450994397731261598e+00
5.862616360000385995e+00 -1.451147518365343059e+00
5.852034020000386860e+00 -1.451301049887256944e+00
5.841451680000387725e+00 -1.451455032360202679e+00
5.830869340000388590e+00 -1.451609441147247104e+00
5.820287000000389455e+00 -1.451764275875147225e+00
5.809704660000390319e+00 -1.451919565591584194e+00
5.799122320000391184e+00 -1.452075245916256474e+00
5.788539980000392049e+00 -1.452231381529994980e+00
5.777957640000392914e+00 -1.452387952263440862e+00
5.767375300000393779e+00 -1.452544915883286825e+00
5.756792960000394643e+00 -1.452702325954332796e+00
5.746210620000395508e+00 -1.452860167469488095e+00
5.735628280000396373e+00 -1.453018449822442104e+00
5.725045940000397238e+00 -1.453177124845661083e+00
5.714463600000398102e+00 -1.453336223593101773e+00
5.703881260000398967e+00 -1.453495771356396959e+00
5.693298920000399832e+00 -1.453655716652412222e+00
5.682716580000400697e+00 -1.453816107419818371e+00
5.672134240000401562e+00 -1.453976855255457279e+00
5.661551900000402426e+00 -1.454138056152156411e+00
5.650969560000403291e+00 -1.454299763333817941e+00
5.640387220000404156e+00 -1.454461782271389003e+00
5.629804880000405021e+00 -1.454624246109301744e+00
5.619222540000405886e+00 -1.454787134991009312e+00
5.608640200000406750e+00 -1.454950405349087150e+00
5.598057860000407615e+00 -1.455114076025627368e+00
5.587475520000408480e+00 -1.455278237162461297e+00
5.576893180000409345e+00 -1.455442726600161940e+00
5.566310840000410209e+00 -1.455607636588323928e+00
5.555728500000411074e+00 -1.455772993265417536e+00
5.545146160000411939e+00 -1.455938736330815608e+00
5.534563820000412804e+00 -1.456104858983951589e+00
5.523981480000413669e+00 -1.456271393849940310e+00
5.513399140000414533e+00 -1.456438431970993985e+00
5.502816800000415398e+00 -1.456605622134547806e+00
5.492234460000416263e+00 -1.456773311642305835e+00
5.481652120000417128e+00 -1.456941417275554373e+00
5.471069780000417992e+00 -1.457109887195170206e+00
5.460487440000418857e+00 -1.457278745585901314e+00
5.449905100000419722e+00 -1.457447940999460290e+00
5.439322760000420587e+00 -1.457617597703759538e+00
5.428740420000421452e+00 -1.457787576338229307e+00
5.418158080000422316e+00 -1.457957931409618046e+00
5.407575740000423181e+00 -1.458128670043071562e+00
5.396993400000424046e+00 -1.458299733366513307e+00
5.386411060000424911e+00 -1.458471182124459142e+00
5.375828720000425776e+00 -1.458643007659556678e+00
5.365246380000426640e+00 -1.458815105011866065e+00
5.354664040000427505e+00 -1.458987639426065019e+00
5.344081700000428370e+00 -1.459160500364631963e+00
5.333499360000429235e+00 -1.459333694957536176e+00
5.322917020000430099e+00 -1.459507224316840990e+00
5.312334680000430964e+00 -1.459681089823492428e+00
5.301752340000431829e+00 -1.459855256298564274e+00
5.291170000000432694e+00 -1.460029767029896064e+00
5.280587660000433559e+00 -1.460204625788239508e+00
5.270005320000434423e+00 -1.460379772420715483e+00
5.259422980000435288e+00 -1.460555238510694576e+00
5.248840640000436153e+00 -1.460731000961887682e+00
5.238258300000437018e+00 -1.460907054476062950e+00
5.227675960000437883e+00 -1.461083436832408822e+00
5.217093620000438747e+00 -1.461260072404870325e+00
5.206511280000439612e+00 -1.461437056636369913e+00
5.195928940000440477e+00 -1.461614272141630977e+00
5.185346600000441342e+00 -1.461791733309302455e+00
5.174764260000442206e+00 -1.461969500680013301e+00
5.164181920000443071e+00 -1.462147520631219111e+00
5.153599580000443936e+00 -1.462325779520002866e+00
5.143017240000444801e+00 -1.462504318917708934e+00
5.132434900000445666e+00 -1.462683079375963313e+00
5.121852560000446530e+00 -1.462862249217560695e+00
5.111270220000447395e+00 -1.463041384098302533e+00
5.100687880000448260e+00 -1.463220740387269903e+00
5.090105540000449125e+00 -1.463400383819584372e+00
5.079523200000449989e+00 -1.463580274149853366e+00
5.068940860000450854e+00 -1.463760333468815844e+00
5.058358520000451719e+00 -1.463940553983109627e+00
5.047776180000452584e+00 -1.464120966414470981e+00
5.037193840000453449e+00 -1.464301558472521192e+00
5.026611500000454313e+00 -1.464482319361644080e+00
5.016029160000455178e+00 -1.464663232934534154e+00
5.005446820000456043e+00 -1.464844287190722794e+00
4.994864480000456908e+00 -1.465025468586252710e+00
4.984282140000457773e+00 -1.465206783022850345e+00
4.973699800000458637e+00 -1.465388222242089089e+00
4.963117460000459502e+00 -1.465569756789292244e+00
4.952535120000460367e+00 -1.465751386062781769e+00
4.941952780000461232e+00 -1.465933100403170153e+00
4.931370440000462096e+00 -1.466114905085555309e+00
4.920788100000462961e+00 -1.466296752095038958e+00
4.910205760000463826e+00 -1.466478662254385279e+00
4.899623420000464691e+00 -1.466660630742920635e+00
4.889041080000465556e+00 -1.466842584327940235e+00
4.878458740000466420e+00 -1.467024558303657633e+00
4.867876400000467285e+00 -1.467206542420412374e+00
4.857294060000468150e+00 -1.467388513828388419e+00
4.846711720000469015e+00 -1.467570444076146563e+00
4.836129380000469880e+00 -1.467752357367263283e+00
4.825547040000470744e+00 -1.467934155281834574e+00
4.814964700000471609e+00 -1.468115998517132148e+00
4.804382360000472474e+00 -1.468297704183340047e+00
4.793800020000473339e+00 -1.468479281345238974e+00
4.783217680000474203e+00 -1.468660784205548131e+00
4.772635340000475068e+00 -1.468842111337138379e+00
4.762053000000475933e+00 -1.469023312682567362e+00
4.751470660000476798e+00 -1.469204387254929856e+00
4.740888320000477663e+00 -1.469385227560335627e+00
4.730305980000478527e+00 -1.469565863139767892e+00
4.719723640000479392e+00 -1.469746315405823678e+00
4.709141300000480257e+00 -1.469926537057695048e+00
4.698558960000481122e+00 -1.470106450459791603e+00
4.687976620000481986e+00 -1.470286137759124312e+00
4.677394280000482851e+00 -1.470465609687479525e+00
4.666811940000483716e+00 -1.470644627803441740e+00
4.656229600000484581e+00 -1.470823379224848626e+00
4.645647260000485446e+00 -1.471001829729149391e+00
4.635064920000486310e+00 -1.471179917749904753e+00
4.624482580000487175e+00 -1.471357584216170356e+00
4.613900240000488040e+00 -1.471534895389492004e+00
4.603317900000488905e+00 -1.471711875578656681e+00
4.592735560000489770e+00 -1.471888258216627943e+00
4.582153220000490634e+00 -1.472064259822606580e+00
4.571570880000491499e+00 -1.472239787421499413e+00
4.560988540000492364e+00 -1.472414848997280146e+00
4.550406200000493229e+00 -1.472589389075321886e+00
4.539823860000494093e+00 -1.472763420661055811e+00
4.529241520000494958e+00 -1.472936856018281171e+00
4.518659180000495823e+00 -1.473109813061477924e+00
4.508076840000496688e+00 -1.473282090624264740e+00
4.497494500000497553e+00 -1.473453799697144628e+00
4.486912160000498417e+00 -1.473624875935727108e+00
4.476329820000499282e+00 -1.473795319355068356e+00
4.465747480000500147e+00 -1.473965099783706378e+00
4.455165140000501012e+00 -1.474134166318593175e+00
4.444582800000501877e+00 -1.474302522359457690e+00
4.434000460000502741e+00 -1.474470166523137005e+00
4.423418120000503606e+00 -1.474637032915634638e+00
4.412835780000504471e+00 -1.474803134003843663e+00
4.402253440000505336e+00 -1.474968415305489167e+00
4.391671100000506200e+00 -1.475132867632685585e+00
4.381088760000507065e+00 -1.475296463826211379e+00
4.370506420000507930e+00 -1.475459177515518583e+00
4.359924080000508795e+00 -1.475621020194723521e+00
4.349341740000509660e+00 -1.475781899347166970e+00
4.338759400000510524e+00 -1.475941817433344738e+00
4.328177060000511389e+00 -1.476100764192554760e+00
4.317594720000512254e+00 -1.476258629177497950e+00
4.307012380000513119e+00 -1.476415522245564382e+00
4.296430040000513984e+00 -1.476571322947955345e+00
4.285847700000514848e+00 -1.476726030388140432e+00
4.275265360000515713e+00 -1.476879611822267346e+00
4.264683020000516578e+00 -1.477032032101112335e+00
4.254100680000517443e+00 -1.477183264708018529e+00
4.243518340000518307e+00 -1.477333274286686704e+00
4.232936000000519172e+00 -1.477482023858966098e+00
4.222353660000520037e+00 -1.477629472273477074e+00
4.211771320000520902e+00 -1.477775631205331841e+00
4.201188980000521767e+00 -1.477920425152240647e+00
4.190606640000522631e+00 -1.478063835924602998e+00
4.180024300000523496e+00 -1.478205818928832960e+00
4.169441960000524361e+00 -1.478346360200262222e+00
4.158859620000525226e+00 -1.478485396365850191e+00
4.148277280000526090e+00 -1.478622907224721006e+00
4.137694940000526955e+00 -1.478758846737679988e+00
4.127112600000527820e+00 -1.478893161420039792e+00
4.116530260000528685e+00 -1.479025866571937575e+00
4.105947920000529550e+00 -1.479156875599659360e+00
4.095365580000530414e+00 -1.479286154696349609e+00
4.084783240000531279e+00 -1.479413676941978562e+00
4.074200900000532144e+00 -1.479539437221581988e+00
4.063618560000533009e+00 -1.479663265147759033e+00
4.053036220000533874e+00 -1.479785255205918082e+00
4.042453880000534738e+00 -1.479905267417372716e+00
4.031871540000535603e+00 -1.480023350647926783e+00
4.021289200000536468e+00 -1.480139411419969075e+00
4.010706860000537333e+00 -1.480253364647884595e+00
4.000124520000538197e+00 -1.480365232943152920e+00
3.989542180000539062e+00 -1.480474936988561918e+00
3.978959840000539927e+00 -1.480582427793714073e+00
3.968377500000540792e+00 -1.480687644742277875e+00
3.957795160000541657e+00 -1.480790583852529041e+00
3.947212820000542521e+00 -1.480891148868878737e+00
3.936630480000543386e+00 -1.480989303864074014e+00
3.926048140000544251e+00 -1.481085026450708497e+00
3.915465800000545116e+00 -1.481178177215663805e+00
3.904883460000545981e+00 -1.481268778716136048e+00
3.894301120000546845e+00 -1.481356750273688849e+00
3.883718780000547710e+00 -1.481442073902135448e+00
3.873136440000548575e+00 -1.481524640284064498e+00
3.862554100000549440e+00 -1.481604418922276123e+00
3.851971760000550304e+00 -1.481681337452100511e+00
3.841389420000551169e+00 -1.481755349603997907e+00
3.830807080000552034e+00 -1.481826373855541501e+00
3.820224740000552899e+00 -1.481894383775012258e+00
3.809642400000553764e+00 -1.481959324372898124e+00
3.799060060000554628e+00 -1.482021016383134882e+00
3.788477720000555493e+00 -1.482079538489974979e+00
3.777895380000556358e+00 -1.482134779072198594e+00
3.767313040000557223e+00 -1.482186643237490831e+00
3.756730700000558087e+00 -1.482235084589845098e+00
3.746148360000558952e+00 -1.482280029527533793e+00
3.735566020000559817e+00 -1.482321413734586812e+00
3.724983680000560682e+00 -1.482359152238343691e+00
3.714401340000561547e+00 -1.482393205799071190e+00
3.703819000000562411e+00 -1.482423474067539049e+00
3.693236660000563276e+00 -1.482449862199587409e+00
3.682654320000564141e+00 -1.482472347459109274e+00
3.672071980000565006e+00 -1.482490799048112651e+00
3.661489640000565871e+00 -1.482505182972644775e+00
3.650907300000566735e+00 -1.482515380764232393e+00
3.640324960000567600e+00 -1.482521335746501689e+00
3.629742620000568465e+00 -1.482522962849275094e+00
3.619160280000569330e+00 -1.482520179028098184e+00
3.608577940000570194e+00 -1.482512889894482155e+00
3.597995600000571059e+00 -1.482501035897608732e+00
3.587413260000571924e+00 -1.482484486396679291e+00
3.576830920000572789e+00 -1.482463181815802500e+00
3.566248580000573654e+00 -1.482437001697972656e+00
3.555666240000574518e+00 -1.482405902969748057e+00
3.545083900000575383e+00 -1.482369775762660380e+00
3.534501560000576248e+00 -1.482328488986537129e+00
3.523919220000577113e+00 -1.482282014121228508e+00
3.513336880000577978e+00 -1.482230194621135810e+00
3.502754540000578842e+00 -1.482172950945290779e+00
3.492172200000579707e+00 -1.482110183816068849e+00
3.481589860000580572e+00 -1.482041799516203184e+00
3.471007520000581437e+00 -1.481967668024291473e+00
3.460425180000582301e+00 -1.481887706681808581e+00
3.449842840000583166e+00 -1.481801807897737078e+00
3.439260500000584031e+00 -1.481709853069502536e+00
3.428678160000584896e+00 -1.481611744744582015e+00
3.418095820000585761e+00 -1.481507360687985164e+00
3.407513480000586625e+00 -1.481396586389598813e+00
3.396931140000587490e+00 -1.481279314080317766e+00
3.386348800000588355e+00 -1.481155427800849411e+00
3.375766460000589220e+00 -1.481024799300634465e+00
3.365184120000590084e+00 -1.480887317378636103e+00
3.354601780000590949e+00 -1.480742856886839709e+00
3.344019440000591814e+00 -1.480591277598150901e+00
3.333437100000592679e+00 -1.480432488467066987e+00
3.322854760000593544e+00 -1.480266358882821098e+00
3.312272420000594408e+00 -1.480092697685198466e+00
3.301690080000595273e+00 -1.479911444475319859e+00
3.291107740000596138e+00 -1.479722444156745365e+00
3.280525400000597003e+00 -1.479525562023333851e+00
3.269943060000597868e+00 -1.479320640599295800e+00
3.259360720000598732e+00 -1.479107567770516107e+00
3.248778380000599597e+00 -1.478886198767228155e+00
3.238196040000600462e+00 -1.478656376477848422e+00
3.227613700000601327e+00 -1.478417969849692426e+00
3.217031360000602191e+00 -1.478170826123998749e+00
3.206449020000603056e+00 -1.477914793030856266e+00
3.195866680000603921e+00 -1.477649727951644509e+00
3.185284340000604786e+00 -1.477375472841541137e+00
3.174702000000605651e+00 -1.477091874705374952e+00
3.164119660000606515e+00 -1.476798778465950646e+00
3.153537320000607380e+00 -1.476496021487607058e+00
3.142954980000608245e+00 -1.476183459600237668e+00
3.132372640000609110e+00 -1.475860877842090968e+00
3.121790300000609975e+00 -1.475528145710764294e+00
3.111207960000610839e+00 -1.475185158243373928e+00
3.100625620000611704e+00 -1.474831625277753577e+00
3.090043280000612569e+00 -1.474467479186257979e+00
3.079460940000613434e+00 -1.474092486720334438e+00
3.068878600000614298e+00 -1.473706502392249984e+00
3.058296260000615163e+00 -1.473309365298133278e+00
3.047713920000616028e+00 -1.472900874656205117e+00
3.037131580000616893e+00 -1.472480827285180816e+00
3.026549240000617758e+00 -1.472049084634593719e+00
3.015966900000618622e+00 -1.471605464421290810e+00
3.005384560000619487e+00 -1.471149789524396123e+00
2.994802220000620352e+00 -1.470681816517649620e+00
2.984219880000621217e+00 -1.470201468274082934e+00
2.973637540000622081e+00 -1.469708533502754655e+00
2.963055200000622946e+00 -1.469202824851288058e+00
2.952472860000623811e+00 -1.468684193951357519e+00
2.941890520000624676e+00 -1.468152430778200346e+00
2.931308180000625541e+00 -1.467607407220474114e+00
2.920725840000626405e+00 -1.467049010572735845e+00
2.910143500000627270e+00 -1.466477076432039173e+00
2.899561160000628135e+00 -1.465891441643384141e+00
2.888978820000629000e+00 -1.465292118274512667e+00
2.878396480000629865e+00 -1.464679003814017166e+00
2.867814140000630729e+00 -1.464052041006637328e+00
2.857231800000631594e+00 -1.463411337246340427e+00
2.846649460000632459e+00 -1.462756969929189799e+00
2.836067120000633324e+00 -1.462089222606694383e+00
2.825484780000634188e+00 -1.461408435189926802e+00
2.814902440000635053e+00 -1.460715043746873665e+00
2.804320100000635918e+00 -1.460009706062928680e+00
2.793737760000636783e+00 -1.459293093000487040e+00
2.783155420000637648e+00 -1.458565637486111566e+00
2.772573080000638512e+00 -1.457827176341661701e+00
2.761990740000639377e+00 -1.457076280795639667e+00
2.751408400000640242e+00 -1.456309786033615827e+00
2.740826060000641107e+00 -1.455522968281864671e+00
2.730243720000641972e+00 -1.454709243117720874e+00
2.719661380000642836e+00 -1.453860713547237893e+00
2.709079040000643701e+00 -1.452967537669915599e+00
2.698496700000644566e+00 -1.452015756707633054e+00
2.687914360000645431e+00 -1.450981801378391056e+00
2.677332020000646295e+00 -1.449814780048849894e+00
2.666749680000647160e+00 -1.448296706037848214e+00
2.656167340000648025e+00 -1.448967144284049935e+00
2.645585000000648890e+00 -1.449566737310553410e+00
2.635002660000649755e+00 -1.449965391280163995e+00
2.624420320000650619e+00 -1.450278010884084257e+00
2.613837980000651484e+00 -1.450542370935355541e+00
2.603255640000652349e+00 -1.450775622960750910e+00
2.592673300000653214e+00 -1.450986928625840111e+00
2.582090960000654078e+00 -1.451181639062542716e+00
2.571508620000654943e+00 -1.451362836679799484e+00
2.560926280000655808e+00 -1.451532986261065306e+00
2.550343940000656673e+00 -1.451692669378874090e+00
2.539761600000657538e+00 -1.451843573649058694e+00
2.529179260000658402e+00 -1.451985588442779251e+00
2.518596920000659267e+00 -1.452119439323649619e+00
2.508014580000660132e+00 -1.452245194340584078e+00
2.497432240000660997e+00 -1.452362924755914886e+00
2.486849900000661862e+00 -1.452472495539429254e+00
2.476267560000662726e+00 -1.452574170580428259e+00
2.465685220000663591e+00 -1.452667306073646802e+00
2.455102880000664456e+00 -1.452751943768992637e+00
2.444520540000665321e+00 -1.452827909939500284e+00
2.433938200000666185e+00 -1.452894878514711330e+00
2.423355860000667050e+00 -1.452952619738057338e+00
2.412773520000667915e+00 -1.453000708949581110e+00
2.402191180000668780e+00 -1.453038933983478165e+00
2.391608840000669645e+00 -1.453066833599200525e+00
2.381026500000670509e+00 -1.453084180167420136e+00
2.370444160000671374e+00 -1.453090411423927364e+00
2.359861820000672239e+00 -1.453085120372033412e+00
2.349279480000673104e+00 -1.453068036265845464e+00
2.338697140000673969e+00 -1.453038526084104998e+00
2.328114800000674833e+00 -1.452996316666372634e+00
2.317532460000675698e+00 -1.452940780950080280e+00
2.306950120000676563e+00 -1.452871506892571496e+00
2.296367780000677428e+00 -1.452787837340219657e+00
2.285785440000678292e+00 -1.452689338595880786e+00
2.275203100000679157e+00 -1.452575608931811590e+00
2.264620760000680022e+00 -1.452445814232514287e+00
2.254038420000680887e+00 -1.452299657307490888e+00
2.243456080000681752e+00 -1.452136180808840438e+00
2.232873740000682616e+00 -1.451955221168843346e+00
2.222291400000683481e+00 -1.451755769371209759e+00
2.211709060000684346e+00 -1.451537276026562795e+00
2.201126720000685211e+00 -1.451299074977331127e+00
2.190544380000686076e+00 -1.451040472603155607e+00
2.179962040000686940e+00 -1.450760798862831935e+00
2.169379700000687805e+00 -1.450459162240325783e+00
2.158797360000688670e+00 -1.450134987775365758e+00
2.148215020000689535e+00 -1.449787326081933836e+00
2.137632680000690399e+00 -1.449415555086225327e+00
2.127050340000691264e+00 -1.449018689044336616e+00
2.116468000000692129e+00 -1.448595939785189746e+00
2.105885660000692994e+00 -1.448146409418481273e+00
2.095303320000693859e+00 -1.447669209492457032e+00
2.084720980000694723e+00 -1.447163493817115398e+00
2.074138640000695588e+00 -1.446628114612388716e+00
2.063556300000696453e+00 -1.446062308369476579e+00
2.052973960000697318e+00 -1.445464865731659998e+00
2.042391620000698182e+00 -1.444834961861318767e+00
2.031809280000699047e+00 -1.444171367131422024e+00
2.021226940000699912e+00 -1.443473050029398408e+00
2.010644600000700777e+00 -1.442738873114129072e+00
2.000062260000701642e+00 -1.441967694768898411e+00
1.989479920000702506e+00 -1.441158366201036323e+00
1.978897580000703371e+00 -1.440309525160188731e+00
1.968315240000704236e+00 -1.439420114422372832e+00
1.957732900000705101e+00 -1.438488637896770950e+00
1.947150560000705966e+00 -1.437513988455294989e+00
1.936568220000706830e+00 -1.436494488615082332e+00
1.925985880000707695e+00 -1.435429039887996749e+00
1.915403540000708560e+00 -1.434316181961754477e+00
1.904821200000709425e+00 -1.433154330025776968e+00
1.894238860000710289e+00 -1.431942083624093920e+00
1.883656520000711154e+00 -1.430677700934498642e+00
1.873074180000712019e+00 -1.429359781126047002e+00
1.862491840000712884e+00 -1.427986491866408469e+00
1.851909500000713749e+00 -1.426556381535584173e+00
1.841327160000714613e+00 -1.425067472561251547e+00
1.830744820000715478e+00 -1.423518030706905524e+00
1.820162480000716343e+00 -1.421906359827197042e+00
1.809580140000717208e+00 -1.420230410783031250e+00
1.798997800000718073e+00 -1.418488401217139483e+00
1.788415460000718937e+00 -1.416678224598637570e+00
1.777833120000719802e+00 -1.414797865571959079e+00
1.767250780000720667e+00 -1.412845219200172808e+00
1.756668440000721532e+00 -1.410818220910425413e+00
1.746086100000722396e+00 -1.408714570162909574e+00
1.735503760000723261e+00 -1.406531929532891523e+00
1.724921420000724126e+00 -1.404268092178417637e+00
1.714339080000724991e+00 -1.401920490323276480e+00
1.703756740000725856e+00 -1.399486814053888750e+00
1.693174400000726720e+00 -1.396964391997988830e+00
1.682592060000727585e+00 -1.394350646897265289e+00
1.672009720000728450e+00 -1.391642893528141967e+00
1.661427380000729315e+00 -1.388838332414556564e+00
1.650845040000730179e+00 -1.385934172814420551e+00
1.640262700000731044e+00 -1.382927377210331432e+00
1.629680360000731909e+00 -1.379815041603979164e+00
1.619098020000732774e+00 -1.376593959513449761e+00
1.608515680000733639e+00 -1.373261026015251129e+00
1.597933340000734503e+00 -1.369812875184544643e+00
1.587351000000735368e+00 -1.366246144696013909e+00
1.576768660000736233e+00 -1.362556963431273527e+00
1.566186320000737098e+00 -1.358742482842838939e+00
1.555603980000737963e+00 -1.354798648531245764e+00
1.545021640000738827e+00 -1.350721595491043425e+00
1.534439300000739692e+00 -1.346507435953421039e+00
1.523856960000740557e+00 -1.342152081920978457e+00
1.513274620000741422e+00 -1.337651393678034317e+00
1.502692280000742286e+00 -1.333001011630317700e+00
1.492109940000743151e+00 -1.328196517927757059e+00
1.481527600000744016e+00 -1.323233322541996326e+00
1.470945260000744881e+00 -1.318106681067129138e+00
1.460362920000745746e+00 -1.312811713739318265e+00
1.449780580000746610e+00 -1.307343407357943299e+00
1.439198240000747475e+00 -1.301696477042706412e+00
1.428615900000748340e+00 -1.295865644737721034e+00
1.418033560000749205e+00 -1.289845265975296584e+00
1.407451220000750070e+00 -1.283629629219069201e+00
1.396868880000750934e+00 -1.277212880711456666e+00
1.386286540000751799e+00 -1.270588796586270774e+00
1.375704200000752664e+00 -1.263751061460818059e+00
1.365121860000753529e+00 -1.256693104637100156e+00
1.354539520000754393e+00 -1.249408249963698925e+00
1.343957180000755258e+00 -1.241889310980174965e+00
1.333374840000756123e+00 -1.234129244128530978e+00
1.322792500000756988e+00 -1.226120373532266328e+00
1.312210160000757853e+00 -1.217854837355526465e+00
1.301627820000758717e+00 -1.209324921036128320e+00
1.291045480000759582e+00 -1.200521945049181527e+00
1.280463140000760447e+00 -1.191437577573283280e+00
1.269880800000761312e+00 -1.182062549610201518e+00
1.259298460000762176e+00 -1.172387814156701014e+00
1.248716120000763041e+00 -1.162403700276323448e+00
1.238133780000763906e+00 -1.152100326678981768e+00
1.227551440000764771e+00 -1.141466242026140998e+00
1.216969100000765636e+00 -1.130492501323637988e+00
1.206386760000766500e+00 -1.119167420307169536e+00
1.195804420000767365e+00 -1.107478954516369463e+00
1.185222080000768230e+00 -1.095415635600703652e+00
1.174639740000769095e+00 -1.082964452264194133e+00
1.164057400000769960e+00 -1.070112837382958482e+00
1.153475060000770824e+00 -1.056847225062803375e+00
1.142892720000771689e+00 -1.043153597817469525e+00
1.132310380000772554e+00 -1.029017359637654394e+00
1.121728040000773419e+00 -1.014423207179707909e+00
1.111145700000774283e+00 -9.993558788973047058e-01
1.100563360000775148e+00 -9.837981407324178917e-01
1.089981020000776013e+00 -9.677336765169307631e-01
1.079398680000776878e+00 -9.511437369812393294e-01
1.068816340000777743e+00 -9.340102449566320963e-01
1.058234000000778607e+00 -9.163135138833689020e-01
