6.793862280000309894e+00 -1.439275716036539254e+00
6.783279940000310759e+00 -1.439394182347874418e+00
6.772697600000311624e+00 -1.439513036762905873e+00
6.762115260000312489e+00 -1.439632286818434803e+00
6.751532920000313354e+00 -1.439751665427567273e+00
6.740950580000314218e+00 -1.439871790793122885e+00
6.730368240000315083e+00 -1.439992173477073978e+00
6.719785900000315948e+00 -1.440112891283309215e+00
6.709203560000316813e+00 -1.440233911174927606e+00
6.698621220000317678e+00 -1.440355354075581351e+00
6.688038880000318542e+00 -1.440477121830380014e+00
6.677456540000319407e+00 -1.440599253070146135e+00
6.666874200000320272e+00 -1.440722018593938669e+00
6.656291860000321137e+00 -1.440844997863344190e+00
6.645709520000322001e+00 -1.440968275273375898e+00
6.635127180000322866e+00 -1.441092015891739297e+00
6.624544840000323731e+00 -1.441216141428179887e+00
6.613962500000324596e+00 -1.441340687365873618e+00
6.603380160000325461e+00 -1.441465592578782484e+00
6.592797820000326325e+00 -1.441590914545591184e+00
6.582215480000327190e+00 -1.441716631079930755e+00
6.571633140000328055e+00 -1.441842790203140323e+00
6.561050800000328920e+00 -1.441969260874927716e+00
6.550468460000329785e+00 -1.442096175890007492e+00
6.539886120000330649e+00 -1.442223513409686353e+00
6.529303780000331514e+00 -1.442351261503302062e+00
6.518721440000332379e+00 -1.442479397934511409e+00
6.508139100000333244e+00 -1.442607951517545395e+00
6.497556760000334108e+00 -1.442736916763592614e+00
6.486974420000334973e+00 -1.442866298100595079e+00
6.476392080000335838e+00 -1.442996095597922412e+00
6.465809740000336703e+00 -1.443126312722937232e+00
6.455227400000337568e+00 -1.443256949240626419e+00
6.444645060000338432e+00 -1.443388010230897134e+00
6.434062720000339297e+00 -1.443519498156986769e+00
6.423480380000340162e+00 -1.443651411789683037e+00
6.412898040000341027e+00 -1.443783754642311790e+00
6.402315700000341891e+00 -1.443916528361452123e+00
6.391733360000342756e+00 -1.444049736736835454e+00
6.381151020000343621e+00 -1.444183379590197713e+00
6.370568680000344486e+00 -1.444317461367728317e+00
6.359986340000345351e+00 -1.444451980332768448e+00
6.349404000000346215e+00 -1.444586940850505430e+00
6.338821660000347080e+00 -1.444722365875641845e+00
6.328239320000347945e+00 -1.444858207605602018e+00
6.317656980000348810e+00 -1.444994510730337467e+00
6.307074640000349675e+00 -1.445131264040253161e+00
6.296492300000350539e+00 -1.445268471327183057e+00
6.285909960000351404e+00 -1.445406133146915018e+00
6.275327620000352269e+00 -1.445544253668101353e+00
6.264745280000353134e+00 -1.445682830659146267e+00
6.254162940000353998e+00 -1.445821875816038604e+00
6.243580600000354863e+00 -1.445961381048993299e+00
6.232998260000355728e+00 -1.446101356616035893e+00
6.222415920000356593e+00 -1.446241798937809575e+00
6.211833580000357458e+00 -1.446382713143489873e+00
6.201251240000358322e+00 -1.446524091934558109e+00
6.190668900000359187e+00 -1.446665963833991819e+00
6.180086560000360052e+00 -1.446808311289152549e+00
6.169504220000360917e+00 -1.446951147431648321e+00
6.158921880000361782e+00 -1.447094454640308170e+00
6.148339540000362646e+00 -1.447238247735977312e+00
6.137757200000363511e+00 -1.447382531182827226e+00
6.127174860000364376e+00 -1.447527304339160770e+00
6.116592520000365241e+00 -1.447672570569819683e+00
6.106010180000366105e+00 -1.447818333258371393e+00
6.095427840000366970e+00 -1.447964593499090569e+00
6.084845500000367835e+00 -1.448111355534143607e+00
6.074263160000368700e+00 -1.448258606802912629e+00
6.063680820000369565e+00 -1.448406388604850825e+00
6.053098480000370429e+00 -1.448554671103737368e+00
6.042516140000371294e+00 -1.448703461312950358e+00
6.031933800000372159e+00 -1.448852765618495519e+00
6.021351460000373024e+00 -1.449002571514950155e+00
6.010769120000373889e+00 -1.449152920245806442e+00
6.000186780000374753e+00 -1.449303786509044123e+00
5.989604440000375618e+00 -1.449455159822609307e+00
5.979022100000376483e+00 -1.449607082868834107e+00
5.968439760000377348e+00 -1.449759524101737806e+00
5.957857420000378212e+00 -1.449912497933495192e+00
5.947275080000379077e+00 -1.450066005449699214e+00
5.936692740000379942e+00 -1.450220051760545248e+00
5.926110400000380807e+00 -1.450374622798591862e+00
5.915528060000381672e+00 -1.450529764104634411e+00
5.904945720000382536e+00 -1.450685429682488259e+00
5.894363380000383401e+00 -1.450841663722540087e+00
5.883781040000384266e+00 -1.450998440981733362e+00
5.873198700000385131e+00 -1.451155769051736710e+00
5.862616360000385995e+00 -1.451313639736735661e+00
5.852034020000386860e+00 -1.451472099882575861e+00
5.841451680000387725e+00 -1.451631104103197734e+00
5.830869340000388590e+00 -1.451790674245429846e+00
5.820287000000389455e+00 -1.451950808531055959e+00
5.809704660000390319e+00 -1.452111545850274466e+00
5.799122320000391184e+00 -1.452272833034203403e+00
5.788539980000392049e+00 -1.452434691893679464e+00
5.777957640000392914e+00 -1.452597122255025130e+00
5.767375300000393779e+00 -1.452760160675825585e+00
5.756792960000394643e+00 -1.452923763808006585e+00
5.746210620000395508e+00 -1.453087964712711511e+00
5.735628280000396373e+00 -1.453252729921731934e+00
5.725045940000397238e+00 -1.453418151824097837e+00
5.714463600000398102e+00 -1.453584108991007318e+00
5.703881260000398967e+00 -1.453750690921701505e+00
5.693298920000399832e+00 -1.453917865500137907e+00
5.682716580000400697e+00 -1.454085657600177051e+00
5.672134240000401562e+00 -1.454254067590948551e+00
5.661551900000402426e+00 -1.454423061046074217e+00
5.650969560000403291e+00 -1.454592667199612999e+00
5.640387220000404156e+00 -1.454762876099282787e+00
5.629804880000405021e+00 -1.454933726760855972e+00
5.619222540000405886e+00 -1.455105211900291406e+00
5.608640200000406750e+00 -1.455277295895908152e+00
5.598057860000407615e+00 -1.455450057304638722e+00
5.587475520000408480e+00 -1.455623404064704030e+00
5.576893180000409345e+00 -1.455797385496440555e+00
5.566310840000410209e+00 -1.455972043740628719e+00
5.555728500000411074e+00 -1.456147302436342050e+00
5.545146160000411939e+00 -1.456323214700163238e+00
5.534563820000412804e+00 -1.456499810479187085e+00
5.523981480000413669e+00 -1.456676984538828767e+00
5.513399140000414533e+00 -1.456854857745460530e+00
5.502816800000415398e+00 -1.457033397069096070e+00
5.492234460000416263e+00 -1.457212539826824083e+00
5.481652120000417128e+00 -1.457392393227237681e+00
5.471069780000417992e+00 -1.457572885174268862e+00
5.460487440000418857e+00 -1.457754065968358770e+00
5.449905100000419722e+00 -1.457935936159658441e+00
5.439322760000420587e+00 -1.458118392323043189e+00
5.428740420000421452e+00 -1.458301606311925847e+00
5.418158080000422316e+00 -1.458485479362403137e+00
5.407575740000423181e+00 -1.458669978069002005e+00
5.396993400000424046e+00 -1.458855263674371461e+00
5.386411060000424911e+00 -1.459041126221772844e+00
5.375828720000425776e+00 -1.459227744377096014e+00
5.365246380000426640e+00 -1.459415129323563542e+00
5.354664040000427505e+00 -1.459602897208492234e+00
5.344081700000428370e+00 -1.459791789061344769e+00
5.333499360000429235e+00 -1.459981139435849729e+00
5.322917020000430099e+00 -1.460171258385425608e+00
5.312334680000430964e+00 -1.460362068277010206e+00
5.301752340000431829e+00 -1.460553574028219170e+00
5.291170000000432694e+00 -1.460745833019513551e+00
5.280587660000433559e+00 -1.460938781369358619e+00
5.270005320000434423e+00 -1.461132473024758349e+00
5.259422980000435288e+00 -1.461326877850471773e+00
5.248840640000436153e+00 -1.461521998871651684e+00
5.238258300000437018e+00 -1.461717871212352637e+00
5.227675960000437883e+00 -1.461914463039530876e+00
5.217093620000438747e+00 -1.462111803796768861e+00
5.206511280000439612e+00 -1.462309884202862786e+00
5.195928940000440477e+00 -1.462508713436476260e+00
5.185346600000441342e+00 -1.462708263388531771e+00
5.174764260000442206e+00 -1.462908597386024079e+00
5.164181920000443071e+00 -1.463109673027010338e+00
5.153599580000443936e+00 -1.463311484806199436e+00
5.143017240000444801e+00 -1.463514078862457879e+00
5.132434900000445666e+00 -1.463717455380866506e+00
5.121852560000446530e+00 -1.463921568060538858e+00
5.111270220000447395e+00 -1.464126490729709129e+00
5.100687880000448260e+00 -1.464332170712997927e+00
5.090105540000449125e+00 -1.464538622357198561e+00
5.079523200000449989e+00 -1.464745855227307159e+00
5.068940860000450854e+00 -1.464953893126810902e+00
5.058358520000451719e+00 -1.465162702062448474e+00
5.047776180000452584e+00 -1.465372307787123018e+00
5.037193840000453449e+00 -1.465582714533291808e+00
5.026611500000454313e+00 -1.465793917813851044e+00
5.016029160000455178e+00 -1.466005933847624787e+00
5.005446820000456043e+00 -1.466218754012005521e+00
4.994864480000456908e+00 -1.466432389176173690e+00
4.984282140000457773e+00 -1.466646838419861876e+00
4.973699800000458637e+00 -1.466862107455450648e+00
4.963117460000459502e+00 -1.467078196954105351e+00
4.952535120000460367e+00 -1.467295122054965484e+00
4.941952780000461232e+00 -1.467512882125082685e+00
4.931370440000462096e+00 -1.467731477157083297e+00
4.920788100000462961e+00 -1.467950910188992486e+00
4.910205760000463826e+00 -1.468171187976857528e+00
4.899623420000464691e+00 -1.468392314345016825e+00
4.889041080000465556e+00 -1.468614292937932886e+00
4.878458740000466420e+00 -1.468837124816025685e+00
4.867876400000467285e+00 -1.469060820393103706e+00
4.857294060000468150e+00 -1.469285383858289329e+00
4.846711720000469015e+00 -1.469510811802830386e+00
4.836129380000469880e+00 -1.469737117699295048e+00
4.825547040000470744e+00 -1.469964292913615633e+00
4.814964700000471609e+00 -1.470192357395861960e+00
4.804382360000472474e+00 -1.470421302659794538e+00
4.793800020000473339e+00 -1.470651142861652882e+00
4.783217680000474203e+00 -1.470881871781102301e+00
4.772635340000475068e+00 -1.471113493979441911e+00
4.762053000000475933e+00 -1.471346046218196646e+00
4.751470660000476798e+00 -1.471579486852785168e+00
4.740888320000477663e+00 -1.471813850195910600e+00
4.730305980000478527e+00 -1.472049101166572616e+00
4.719723640000479392e+00 -1.472285295786601722e+00
4.709141300000480257e+00 -1.472522407498235042e+00
4.698558960000481122e+00 -1.472760418370960611e+00
4.687976620000481986e+00 -1.472999450079947037e+00
4.677394280000482851e+00 -1.473239251487486579e+00
4.666811940000483716e+00 -1.473480199842920335e+00
4.656229600000484581e+00 -1.473721949280901278e+00
4.645647260000485446e+00 -1.473964701753545770e+00
4.635064920000486310e+00 -1.474208400727199608e+00
4.624482580000487175e+00 -1.474453025516090587e+00
4.613900240000488040e+00 -1.474698681252283317e+00
4.603317900000488905e+00 -1.474945269805023829e+00
4.592735560000489770e+00 -1.475192841289704848e+00
4.582153220000490634e+00 -1.475441371134779356e+00
4.571570880000491499e+00 -1.475690902713125308e+00
4.560988540000492364e+00 -1.475941400686736182e+00
4.550406200000493229e+00 -1.476192892086884534e+00
4.539823860000494093e+00 -1.476445380016606634e+00
4.529241520000494958e+00 -1.476698867912853652e+00
4.518659180000495823e+00 -1.476953357907792030e+00
4.508076840000496688e+00 -1.477208850782386840e+00
4.497494500000497553e+00 -1.477465362799553983e+00
4.486912160000498417e+00 -1.477722891829909679e+00
4.476329820000499282e+00 -1.477981448306424861e+00
4.465747480000500147e+00 -1.478241018987970889e+00
4.455165140000501012e+00 -1.478501619249745769e+00
4.444582800000501877e+00 -1.478763254326574517e+00
4.434000460000502741e+00 -1.479025913242083767e+00
4.423418120000503606e+00 -1.479289652222715468e+00
4.412835780000504471e+00 -1.479554408548237721e+00
4.402253440000505336e+00 -1.479820252401553793e+00
4.391671100000506200e+00 -1.480087125268878978e+00
4.381088760000507065e+00 -1.480355057289298726e+00
4.370506420000507930e+00 -1.480624054467798878e+00
4.359924080000508795e+00 -1.480894118520540426e+00
4.349341740000509660e+00 -1.481165253179909325e+00
4.338759400000510524e+00 -1.481437469256476236e+00
4.328177060000511389e+00 -1.481710794239553097e+00
4.317594720000512254e+00 -1.481985140774443099e+00
4.307012380000513119e+00 -1.482260634481738171e+00
4.296430040000513984e+00 -1.482537230594710431e+00
4.285847700000514848e+00 -1.482814849384978650e+00
4.275265360000515713e+00 -1.483093667345979583e+00
4.264683020000516578e+00 -1.483373536318819186e+00
4.254100680000517443e+00 -1.483654505975150251e+00
4.243518340000518307e+00 -1.483936585912205119e+00
4.232936000000519172e+00 -1.484219803673434424e+00
4.222353660000520037e+00 -1.484504158065964363e+00
4.211771320000520902e+00 -1.484789666045503109e+00
4.201188980000521767e+00 -1.485076206987692826e+00
4.190606640000522631e+00 -1.485363924893180920e+00
4.180024300000523496e+00 -1.485652831799616491e+00
4.169441960000524361e+00 -1.485942832453234885e+00
4.158859620000525226e+00 -1.486233961545309734e+00
4.148277280000526090e+00 -1.486526254152494397e+00
4.137694940000526955e+00 -1.486819713469081039e+00
4.127112600000527820e+00 -1.487114318810534686e+00
4.116530260000528685e+00 -1.487410085649037539e+00
4.105947920000529550e+00 -1.487707004152570400e+00
4.095365580000530414e+00 -1.488005127519908655e+00
4.084783240000531279e+00 -1.488304359728218174e+00
4.074200900000532144e+00 -1.488604790166218272e+00
4.063618560000533009e+00 -1.488906394751936535e+00
4.053036220000533874e+00 -1.489209199052149213e+00
4.042453880000534738e+00 -1.489513155582214532e+00
4.031871540000535603e+00 -1.489818294293589362e+00
4.021289200000536468e+00 -1.490124617167519538e+00
4.010706860000537333e+00 -1.490432123189164848e+00
4.000124520000538197e+00 -1.490740820249934595e+00
3.989542180000539062e+00 -1.491050707142432596e+00
3.978959840000539927e+00 -1.491361786092193054e+00
3.968377500000540792e+00 -1.491674038114263245e+00
3.957795160000541657e+00 -1.491987561701482390e+00
3.947212820000542521e+00 -1.492302194966624418e+00
3.936630480000543386e+00 -1.492618050017020748e+00
3.926048140000544251e+00 -1.492935086292696001e+00
3.915465800000545116e+00 -1.493253376055772463e+00
3.904883460000545981e+00 -1.493572845904083124e+00
3.894301120000546845e+00 -1.493893502383449201e+00
3.883718780000547710e+00 -1.494215365707314724e+00
3.873136440000548575e+00 -1.494538432084117741e+00
3.862554100000549440e+00 -1.494862699079319013e+00
3.851971760000550304e+00 -1.495188166715006428e+00
3.841389420000551169e+00 -1.495514829682683899e+00
3.830807080000552034e+00 -1.495842688537783349e+00
3.820224740000552899e+00 -1.496171759354532727e+00
3.809642400000553764e+00 -1.496502014273681125e+00
3.799060060000554628e+00 -1.496833473573393025e+00
3.788477720000555493e+00 -1.497166120784535037e+00
3.777895380000556358e+00 -1.497499932470657047e+00
3.767313040000557223e+00 -1.497835060406223828e+00
3.756730700000558087e+00 -1.498171194913594073e+00
3.746148360000558952e+00 -1.498508582073077244e+00
3.735566020000559817e+00 -1.498847134082448074e+00
3.724983680000560682e+00 -1.499186894105865697e+00
3.714401340000561547e+00 -1.499527847150981197e+00
3.703819000000562411e+00 -1.499869913213676353e+00
3.693236660000563276e+00 -1.500213157244899120e+00
3.682654320000564141e+00 -1.500557471923433805e+00
3.672071980000565006e+00 -1.500903059595732669e+00
3.661489640000565871e+00 -1.501249706284190077e+00
3.650907300000566735e+00 -1.501597511804665830e+00
3.640324960000567600e+00 -1.501946453962830663e+00
3.629742620000568465e+00 -1.502296550890074744e+00
3.619160280000569330e+00 -1.502647602887812406e+00
3.608577940000570194e+00 -1.502999845000856372e+00
3.597995600000571059e+00 -1.503353168348388280e+00
3.587413260000571924e+00 -1.503707595391905016e+00
3.576830920000572789e+00 -1.504063049129314544e+00
3.566248580000573654e+00 -1.504419559632009573e+00
3.555666240000574518e+00 -1.504777120155199377e+00
3.545083900000575383e+00 -1.505135691422670119e+00
3.534501560000576248e+00 -1.505495293296381876e+00
3.523919220000577113e+00 -1.505855903664437667e+00
3.513336880000577978e+00 -1.506217469173708912e+00
3.502754540000578842e+00 -1.506579992904995446e+00
3.492172200000579707e+00 -1.506943506516265074e+00
3.481589860000580572e+00 -1.507307935039380764e+00
3.471007520000581437e+00 -1.507673241498824757e+00
3.460425180000582301e+00 -1.508039435079671753e+00
3.449842840000583166e+00 -1.508406540437028376e+00
3.439260500000584031e+00 -1.508774436330957869e+00
3.428678160000584896e+00 -1.509143194418724798e+00
3.418095820000585761e+00 -1.509512756945840639e+00
3.407513480000586625e+00 -1.509883079209280110e+00
3.396931140000587490e+00 -1.510254149443335470e+00
3.386348800000588355e+00 -1.510625944096031681e+00
3.375766460000589220e+00 -1.510998426491350966e+00
3.365184120000590084e+00 -1.511371571761517707e+00
3.354601780000590949e+00 -1.511745352094487904e+00
3.344019440000591814e+00 -1.512119777387517905e+00
3.333437100000592679e+00 -1.512494708346221017e+00
3.322854760000593544e+00 -1.512870176642443498e+00
3.312272420000594408e+00 -1.513246114653960417e+00
3.301690080000595273e+00 -1.513622521576771796e+00
3.291107740000596138e+00 -1.513999369470728995e+00
3.280525400000597003e+00 -1.514376574545797993e+00
3.269943060000597868e+00 -1.514754103984905953e+00
3.259360720000598732e+00 -1.515131921948222882e+00
3.248778380000599597e+00 -1.515509991842223458e+00
3.238196040000600462e+00 -1.515888231712804624e+00
3.227613700000601327e+00 -1.516266649760483531e+00
3.217031360000602191e+00 -1.516645124232862241e+00
3.206449020000603056e+00 -1.517023638243639505e+00
3.195866680000603921e+00 -1.517402146458616041e+00
3.185284340000604786e+00 -1.517780576618841248e+00
3.174702000000605651e+00 -1.518158894020126271e+00
3.164119660000606515e+00 -1.518536994671316975e+00
3.153537320000607380e+00 -1.518914841537466920e+00
3.142954980000608245e+00 -1.519292360944719755e+00
3.132372640000609110e+00 -1.519669524303647323e+00
3.121790300000609975e+00 -1.520046173917348087e+00
3.111207960000610839e+00 -1.520422331824650142e+00
3.100625620000611704e+00 -1.520797865685973305e+00
3.090043280000612569e+00 -1.521172724313780478e+00
3.079460940000613434e+00 -1.521546779612216849e+00
3.068878600000614298e+00 -1.521920068710183926e+00
3.058296260000615163e+00 -1.522292365205705211e+00
3.047713920000616028e+00 -1.522663677004880256e+00
3.037131580000616893e+00 -1.523033832543960742e+00
3.026549240000617758e+00 -1.523402847053071163e+00
3.015966900000618622e+00 -1.523770520573947573e+00
3.005384560000619487e+00 -1.524136800063686570e+00
2.994802220000620352e+00 -1.524501616659812209e+00
2.984219880000621217e+00 -1.524864832323349573e+00
2.973637540000622081e+00 -1.525226293394327692e+00
2.963055200000622946e+00 -1.525585939780934819e+00
2.952472860000623811e+00 -1.525943658117256518e+00
2.941890520000624676e+00 -1.526299343941454278e+00
2.931308180000625541e+00 -1.526652783730196861e+00
2.920725840000626405e+00 -1.527003974290905397e+00
2.910143500000627270e+00 -1.527352728137213234e+00
2.899561160000628135e+00 -1.527698906786401745e+00
2.888978820000629000e+00 -1.528042398155658343e+00
2.878396480000629865e+00 -1.528383052669872066e+00
2.867814140000630729e+00 -1.528720703378346313e+00
2.857231800000631594e+00 -1.529055247374267790e+00
2.846649460000632459e+00 -1.529386507388246219e+00
2.836067120000633324e+00 -1.529714347408320796e+00
2.825484780000634188e+00 -1.530038580372732993e+00
2.814902440000635053e+00 -1.530359043910186845e+00
2.804320100000635918e+00 -1.530675579300409872e+00
2.793737760000636783e+00 -1.530988018950516061e+00
2.783155420000637648e+00 -1.531296169642498484e+00
2.772573080000638512e+00 -1.531599867446848284e+00
2.761990740000639377e+00 -1.531898902250504291e+00
2.751408400000640242e+00 -1.532193100316969758e+00
2.740826060000641107e+00 -1.532482257746081045e+00
2.730243720000641972e+00 -1.532766201208164647e+00
2.719661380000642836e+00 -1.533044634139829832e+00
2.709079040000643701e+00 -1.533317426239475312e+00
2.698496700000644566e+00 -1.533584357639166562e+00
2.687914360000645431e+00 -1.533845145591698156e+00
2.677332020000646295e+00 -1.534099612027983284e+00
2.666749680000647160e+00 -1.534347495464592592e+00
2.656167340000648025e+00 -1.534588563322521138e+00
2.645585000000648890e+00 -1.534822561697881227e+00
2.635002660000649755e+00 -1.535049281378568109e+00
2.624420320000650619e+00 -1.535268365014879954e+00
2.613837980000651484e+00 -1.535479589864779948e+00
2.603255640000652349e+00 -1.535682710102491910e+00
2.592673300000653214e+00 -1.535877383228888338e+00
2.582090960000654078e+00 -1.536063377822918463e+00
2.571508620000654943e+00 -1.536240355885969189e+00
2.560926280000655808e+00 -1.536408015320396947e+00
2.550343940000656673e+00 -1.536566076222751320e+00
2.539761600000657538e+00 -1.536714180978389965e+00
2.529179260000658402e+00 -1.536851997916690138e+00
2.518596920000659267e+00 -1.536979213812748046e+00
2.508014580000660132e+00 -1.537095454065545486e+00
2.497432240000660997e+00 -1.537200382854238656e+00
2.486849900000661862e+00 -1.537293634333572578e+00
2.476267560000662726e+00 -1.537374790449097528e+00
2.465685220000663591e+00 -1.537443508224436206e+00
2.455102880000664456e+00 -1.537499369936460303e+00
2.444520540000665321e+00 -1.537542000185069702e+00
2.433938200000666185e+00 -1.537570895666393156e+00
2.423355860000667050e+00 -1.537585695735906643e+00
2.412773520000667915e+00 -1.537585938409455677e+00
2.402191180000668780e+00 -1.537571185063387746e+00
2.391608840000669645e+00 -1.537540969205258623e+00
2.381026500000670509e+00 -1.537494729129544213e+00
2.370444160000671374e+00 -1.537432076542159187e+00
2.359861820000672239e+00 -1.537352475806643248e+00
2.349279480000673104e+00 -1.537255359461161985e+00
2.338697140000673969e+00 -1.537140146441642763e+00
2.328114800000674833e+00 -1.537006598500659349e+00
2.317532460000675698e+00 -1.536853612760465504e+00
2.306950120000676563e+00 -1.536681013101856896e+00
2.296367780000677428e+00 -1.536488086119093932e+00
2.285785440000678292e+00 -1.536274173911678087e+00
2.275203100000679157e+00 -1.536038671279029932e+00
2.264620760000680022e+00 -1.535780930259899035e+00
2.254038420000680887e+00 -1.535500214208092462e+00
2.243456080000681752e+00 -1.535195956220118507e+00
2.232873740000682616e+00 -1.534867302410836354e+00
2.222291400000683481e+00 -1.534513564818036357e+00
2.211709060000684346e+00 -1.534134036838702864e+00
2.201126720000685211e+00 -1.533727843748286412e+00
2.190544380000686076e+00 -1.533294243939292922e+00
2.179962040000686940e+00 -1.532832378685426544e+00
2.169379700000687805e+00 -1.532341435240688776e+00
2.158797360000688670e+00 -1.531820477089220089e+00
2.148215020000689535e+00 -1.531268692256635644e+00
2.137632680000690399e+00 -1.530685040393253038e+00
2.127050340000691264e+00 -1.530068656042697706e+00
2.116468000000692129e+00 -1.529418444625269657e+00
2.105885660000692994e+00 -1.528733444325435009e+00
2.095303320000693859e+00 -1.528012687969685146e+00
2.084720980000694723e+00 -1.527254974551732536e+00
2.074138640000695588e+00 -1.526459274040701919e+00
2.063556300000696453e+00 -1.525624388409691834e+00
2.052973960000697318e+00 -1.524749224730101549e+00
2.042391620000698182e+00 -1.523832464345494353e+00
2.031809280000699047e+00 -1.522872934419120083e+00
2.021226940000699912e+00 -1.521869331098769207e+00
2.010644600000700777e+00 -1.520820336856421928e+00
2.000062260000701642e+00 -1.519724590863147151e+00
1.989479920000702506e+00 -1.518580683070935855e+00
1.978897580000703371e+00 -1.517387233272639691e+00
1.968315240000704236e+00 -1.516142668072806732e+00
1.957732900000705101e+00 -1.514845572966801779e+00
1.947150560000705966e+00 -1.513494267463183940e+00
1.936568220000706830e+00 -1.512087106807077808e+00
1.925985880000707695e+00 -1.510622726950354711e+00
1.915403540000708560e+00 -1.509099151247774717e+00
1.904821200000709425e+00 -1.507514679848264372e+00
1.894238860000710289e+00 -1.505867562076971033e+00
1.883656520000711154e+00 -1.504155990536998555e+00
1.873074180000712019e+00 -1.502377878179326887e+00
1.862491840000712884e+00 -1.500531542861723411e+00
1.851909500000713749e+00 -1.498614658172884306e+00
1.841327160000714613e+00 -1.496625431286683350e+00
1.830744820000715478e+00 -1.494561691198911912e+00
1.820162480000716343e+00 -1.492421103856916176e+00
1.809580140000717208e+00 -1.490201655327605623e+00
1.798997800000718073e+00 -1.487900829442604156e+00
1.788415460000718937e+00 -1.485516392554915521e+00
1.777833120000719802e+00 -1.483045943874737871e+00
1.767250780000720667e+00 -1.480486988169674945e+00
1.756668440000721532e+00 -1.477836801102740516e+00
1.746086100000722396e+00 -1.475092894471842886e+00
1.735503760000723261e+00 -1.472252701624481297e+00
1.724921420000724126e+00 -1.469313131399788253e+00
1.714339080000724991e+00 -1.466271742963426439e+00
1.703756740000725856e+00 -1.463125116663955838e+00
1.693174400000726720e+00 -1.459870699986444809e+00
1.682592060000727585e+00 -1.456505228623619086e+00
1.672009720000728450e+00 -1.453025548801266220e+00
1.661427380000729315e+00 -1.449428426072361331e+00
1.650845040000730179e+00 -1.445710439937426539e+00
1.640262700000731044e+00 -1.441868387946918961e+00
1.629680360000731909e+00 -1.437898439364438286e+00
1.619098020000732774e+00 -1.433797317110518055e+00
1.608515680000733639e+00 -1.429560879810727547e+00
1.597933340000734503e+00 -1.425185807040052932e+00
1.587351000000735368e+00 -1.420667850443069424e+00
1.576768660000736233e+00 -1.416002839145265257e+00
1.566186320000737098e+00 -1.411187065046407563e+00
1.555603980000737963e+00 -1.406215987291197678e+00
1.545021640000738827e+00 -1.401085470359922480e+00
1.534439300000739692e+00 -1.395790638946373230e+00
1.523856960000740557e+00 -1.390327311158837231e+00
1.513274620000741422e+00 -1.384690246357972443e+00
1.502692280000742286e+00 -1.378874902288209636e+00
1.492109940000743151e+00 -1.372876185762980095e+00
1.481527600000744016e+00 -1.366688809399896787e+00
1.470945260000744881e+00 -1.360307530226314787e+00
1.460362920000745746e+00 -1.353726703602718962e+00
1.449780580000746610e+00 -1.346941026625417370e+00
1.439198240000747475e+00 -1.339944378516587875e+00
1.428615900000748340e+00 -1.332731000464822957e+00
1.418033560000749205e+00 -1.325294540393923581e+00
1.407451220000750070e+00 -1.317628632301024227e+00
1.396868880000750934e+00 -1.309727226114239640e+00
1.386286540000751799e+00 -1.301583116636439552e+00
1.375704200000752664e+00 -1.293189510941248344e+00
1.365121860000753529e+00 -1.284539162373171228e+00
1.354539520000754393e+00 -1.275625246572080762e+00
1.343957180000755258e+00 -1.266439505281593769e+00
1.333374840000756123e+00 -1.256975019090283530e+00
1.322792500000756988e+00 -1.247222906635795825e+00
1.312210160000757853e+00 -1.237174910070831801e+00
1.301627820000758717e+00 -1.226823602864473894e+00
1.291045480000759582e+00 -1.216159088939047450e+00
1.280463140000760447e+00 -1.205173311078768794e+00
1.269880800000761312e+00 -1.193856079949040527e+00
1.259298460000762176e+00 -1.182198470873144780e+00
1.248716120000763041e+00 -1.170190461455150377e+00
1.238133780000763906e+00 -1.157822148428295339e+00
1.227551440000764771e+00 -1.145081669205191721e+00
1.216969100000765636e+00 -1.131960039689657638e+00
1.206386760000766500e+00 -1.118446137905608762e+00
1.195804420000767365e+00 -1.104527385922001947e+00
1.185222080000768230e+00 -1.090193229137838671e+00
1.174639740000769095e+00 -1.075430311985034804e+00
1.164057400000769960e+00 -1.060227004906491466e+00
1.153475060000770824e+00 -1.044570167629459867e+00
1.142892720000771689e+00 -1.028446429824366071e+00
1.132310380000772554e+00 -1.011842110257924032e+00
1.121728040000773419e+00 -9.947426638755239026e-01
1.111145700000774283e+00 -9.771344393530918548e-01
1.100563360000775148e+00 -9.590008161194409908e-01
1.089981020000776013e+00 -9.403276473901740484e-01
1.079398680000776878e+00 -9.210971586291040181e-01
1.068816340000777743e+00 -9.012935178360558242e-01
1.058234000000778607e+00 -8.808988736742461301e-01
