2.402191180000668780e+00 -1.398804622217219018e+00
2.391608840000669645e+00 -1.399472840887909131e+00
2.381026500000670509e+00 -1.400126780460440479e+00
2.370444160000671374e+00 -1.400772471023233878e+00
2.359861820000672239e+00 -1.401420040529541167e+00
2.349279480000673104e+00 -1.402084293707539953e+00
2.338697140000673969e+00 -1.402782107275245993e+00
2.328114800000674833e+00 -1.403526566099826622e+00
2.317532460000675698e+00 -1.404317589759240814e+00
2.306950120000676563e+00 -1.405143186313134951e+00
2.296367780000677428e+00 -1.405987859296639275e+00
2.285785440000678292e+00 -1.406839087410245659e+00
2.275203100000679157e+00 -1.407688520587185632e+00
2.264620760000680022e+00 -1.408530193798562369e+00
2.254038420000680887e+00 -1.409360882432680429e+00
2.243456080000681752e+00 -1.410177870293272351e+00
2.232873740000682616e+00 -1.410979370671072708e+00
2.222291400000683481e+00 -1.411764003066644735e+00
2.211709060000684346e+00 -1.412530606553661139e+00
2.201126720000685211e+00 -1.413277942994305203e+00
2.190544380000686076e+00 -1.414005264987352017e+00
2.179962040000686940e+00 -1.414711342952977402e+00
2.169379700000687805e+00 -1.415395471673934313e+00
2.158797360000688670e+00 -1.416056947705699010e+00
2.148215020000689535e+00 -1.416694561990384571e+00
2.137632680000690399e+00 -1.417307566086528858e+00
2.127050340000691264e+00 -1.417895137860953447e+00
2.116468000000692129e+00 -1.418456241513998073e+00
2.105885660000692994e+00 -1.418989977591508911e+00
2.095303320000693859e+00 -1.419495618984263130e+00
2.084720980000694723e+00 -1.419971957985870281e+00
2.074138640000695588e+00 -1.420417985599944144e+00
2.063556300000696453e+00 -1.420833027670955540e+00
2.052973960000697318e+00 -1.421215645166236108e+00
2.042391620000698182e+00 -1.421565035876092953e+00
2.031809280000699047e+00 -1.421880173453438090e+00
2.021226940000699912e+00 -1.422159817547421046e+00
2.010644600000700777e+00 -1.422402922803756242e+00
2.000062260000701642e+00 -1.422608517073450152e+00
1.989479920000702506e+00 -1.422774830717566275e+00
1.978897580000703371e+00 -1.422901181096576151e+00
1.968315240000704236e+00 -1.422986300612689714e+00
1.957732900000705101e+00 -1.423028658771808397e+00
1.947150560000705966e+00 -1.423027094632900447e+00
1.936568220000706830e+00 -1.422980216909380813e+00
1.925985880000707695e+00 -1.422886839967393735e+00
1.915403540000708560e+00 -1.422745393094573041e+00
1.904821200000709425e+00 -1.422554584294881908e+00
1.894238860000710289e+00 -1.422312735209382950e+00
1.883656520000711154e+00 -1.422018287077124299e+00
1.873074180000712019e+00 -1.421670048753903792e+00
1.862491840000712884e+00 -1.421266007132058640e+00
1.851909500000713749e+00 -1.420804867968390006e+00
1.841327160000714613e+00 -1.420284628381943026e+00
1.830744820000715478e+00 -1.419703732843923039e+00
1.820162480000716343e+00 -1.419060561730448811e+00
1.809580140000717208e+00 -1.418352937943658798e+00
1.798997800000718073e+00 -1.417579271607938285e+00
1.788415460000718937e+00 -1.416737747844174944e+00
1.777833120000719802e+00 -1.415826004975433206e+00
1.767250780000720667e+00 -1.414842346607581236e+00
1.756668440000721532e+00 -1.413784681101846630e+00
1.746086100000722396e+00 -1.412650695565123460e+00
1.735503760000723261e+00 -1.411438334372273173e+00
1.724921420000724126e+00 -1.410145523815478530e+00
1.714339080000724991e+00 -1.408769602773070950e+00
1.703756740000725856e+00 -1.407308306912264051e+00
1.693174400000726720e+00 -1.405759532377279131e+00
1.682592060000727585e+00 -1.404120307012429514e+00
1.672009720000728450e+00 -1.402388260845320866e+00
1.661427380000729315e+00 -1.400560953410935339e+00
1.650845040000730179e+00 -1.398635151080167782e+00
1.640262700000731044e+00 -1.396608460042629840e+00
1.629680360000731909e+00 -1.394478041650764499e+00
1.619098020000732774e+00 -1.392240521122633856e+00
1.608515680000733639e+00 -1.389893115590608463e+00
1.597933340000734503e+00 -1.387432809291666347e+00
1.587351000000735368e+00 -1.384855948168328910e+00
1.576768660000736233e+00 -1.382159020493861856e+00
1.566186320000737098e+00 -1.379339553011587727e+00
1.555603980000737963e+00 -1.376393072784600546e+00
1.545021640000738827e+00 -1.373316256134089031e+00
1.534439300000739692e+00 -1.370105403624133134e+00
1.523856960000740557e+00 -1.366756295869527182e+00
1.513274620000741422e+00 -1.363264835834065991e+00
1.502692280000742286e+00 -1.359627395133601757e+00
1.492109940000743151e+00 -1.355838961187481706e+00
1.481527600000744016e+00 -1.351895345491062272e+00
1.470945260000744881e+00 -1.347792229178334411e+00
1.460362920000745746e+00 -1.343524086175973631e+00
1.449780580000746610e+00 -1.339086618796581085e+00
1.439198240000747475e+00 -1.334474548218981482e+00
1.428615900000748340e+00 -1.329682416500359121e+00
1.418033560000749205e+00 -1.324704505305144053e+00
1.407451220000750070e+00 -1.319535712809130734e+00
1.396868880000750934e+00 -1.314169717058510267e+00
1.386286540000751799e+00 -1.308600403385545841e+00
1.375704200000752664e+00 -1.302821784029510432e+00
1.365121860000753529e+00 -1.296826497981608428e+00
1.354539520000754393e+00 -1.290608470561382948e+00
1.343957180000755258e+00 -1.284160387967202777e+00
1.333374840000756123e+00 -1.277474878018891813e+00
1.322792500000756988e+00 -1.270544084049514133e+00
1.312210160000757853e+00 -1.263360304481646379e+00
1.301627820000758717e+00 -1.255915491269065543e+00
1.291045480000759582e+00 -1.248200953970298954e+00
1.280463140000760447e+00 -1.240207877971974515e+00
1.269880800000761312e+00 -1.231926636432526978e+00
1.259298460000762176e+00 -1.223348741757528613e+00
1.248716120000763041e+00 -1.214463289958790604e+00
1.238133780000763906e+00 -1.205260653915670277e+00
1.227551440000764771e+00 -1.195729083863248166e+00
1.216969100000765636e+00 -1.185858761828362251e+00
1.206386760000766500e+00 -1.175638371998258824e+00
1.195804420000767365e+00 -1.165055341464865446e+00
1.185222080000768230e+00 -1.154097624300871594e+00
1.174639740000769095e+00 -1.142751669021956573e+00
1.164057400000769960e+00 -1.131005402082420064e+00
1.153475060000770824e+00 -1.118843877240906837e+00
1.142892720000771689e+00 -1.106253202833516358e+00
1.132310380000772554e+00 -1.093218865150709984e+00
1.121728040000773419e+00 -1.079724223324925125e+00
1.111145700000774283e+00 -1.065754638645997732e+00
1.100563360000775148e+00 -1.051292380466009702e+00
1.089981020000776013e+00 -1.036320751311704980e+00
1.079398680000776878e+00 -1.020820605627831501e+00
1.068816340000777743e+00 -1.004774677337061162e+00
1.058234000000778607e+00 -9.881622032958448099e-01
