1.058234000000000030e+01 -1.214026675223491392e+00
1.057175766000000117e+01 -1.214087697488462014e+00
1.056117532000000203e+01 -1.214148846880197752e+00
1.055059298000000290e+01 -1.214210121420195243e+00
1.054001064000000376e+01 -1.214271516828071107e+00
1.052942830000000463e+01 -1.214333040014216714e+00
1.051884596000000549e+01 -1.214394685952123965e+00
1.050826362000000636e+01 -1.214456461588581782e+00
1.049768128000000722e+01 -1.214518358919527863e+00
1.048709894000000808e+01 -1.214580387053073363e+00
1.047651660000000895e+01 -1.214642538688095241e+00
1.046593426000000981e+01 -1.214704820547913400e+00
1.045535192000001068e+01 -1.214767231258382818e+00
1.044476958000001154e+01 -1.214829766255860477e+00
1.043418724000001241e+01 -1.214892432692990631e+00
1.042360490000001327e+01 -1.214955225243224302e+00
1.041302256000001414e+01 -1.215018151096728616e+00
1.040244022000001500e+01 -1.215081208701103144e+00
1.039185788000001587e+01 -1.215144390588892787e+00
1.038127554000001673e+01 -1.215207703095370961e+00
1.037069320000001760e+01 -1.215271149405276585e+00
1.036011086000001846e+01 -1.215334728225299976e+00
1.034952852000001933e+01 -1.215398434881131084e+00
1.033894618000002019e+01 -1.215462276666528840e+00
1.032836384000002106e+01 -1.215526248163175893e+00
1.031778150000002192e+01 -1.215590352760634874e+00
1.030719916000002279e+01 -1.215654597636572909e+00
1.029661682000002365e+01 -1.215718969510649838e+00
1.028603448000002452e+01 -1.215783478624344660e+00
1.027545214000002538e+01 -1.215848119507372926e+00
1.026486980000002625e+01 -1.215912899573019512e+00
1.025428746000002711e+01 -1.215977810533268588e+00
1.024370512000002797e+01 -1.216042861704734523e+00
1.023312278000002884e+01 -1.216108045697571249e+00
1.022254044000002970e+01 -1.216173369520813452e+00
1.021195810000003057e+01 -1.216238831731024206e+00
1.020137576000003143e+01 -1.216304427638978058e+00
1.019079342000003230e+01 -1.216370164628014727e+00
1.018021108000003316e+01 -1.216436037201755749e+00
1.016962874000003403e+01 -1.216502052922548316e+00
1.015904640000003489e+01 -1.216568203386100944e+00
1.014846406000003576e+01 -1.216634497995403574e+00
1.013788172000003662e+01 -1.216700929456838054e+00
1.012729938000003749e+01 -1.216767504500810837e+00
1.011671704000003835e+01 -1.216834222052614045e+00
1.010613470000003922e+01 -1.216901077142022558e+00
1.009555236000004008e+01 -1.216968077443377538e+00
1.008497002000004095e+01 -1.217035217293094718e+00
1.007438768000004181e+01 -1.217102504407233443e+00
1.006380534000004268e+01 -1.217169930262276267e+00
1.005322300000004354e+01 -1.217237507588365464e+00
1.004264066000004441e+01 -1.217305222625786776e+00
1.003205832000004527e+01 -1.217373085338806504e+00
1.002147598000004614e+01 -1.217441094743373586e+00
1.001089364000004700e+01 -1.217509245747986135e+00
1.000031130000004786e+01 -1.217577546184179793e+00
9.989728960000048730e+00 -1.217645990288132474e+00
9.979146620000049595e+00 -1.217714585934341009e+00
9.968564280000050459e+00 -1.217783324476892304e+00
9.957981940000051324e+00 -1.217852215500107249e+00
9.947399600000052189e+00 -1.217921251716622466e+00
9.936817260000053054e+00 -1.217990439862973506e+00
9.926234920000053918e+00 -1.218059779048627611e+00
9.915652580000054783e+00 -1.218129264057732364e+00
9.905070240000055648e+00 -1.218198902884014778e+00
9.894487900000056513e+00 -1.218268689660659376e+00
9.883905560000057378e+00 -1.218338632425805645e+00
9.873323220000058242e+00 -1.218408726148203947e+00
9.862740880000059107e+00 -1.218478969286249658e+00
9.852158540000059972e+00 -1.218549365777656490e+00
9.841576200000060837e+00 -1.218619918622179554e+00
9.830993860000061701e+00 -1.218690627026169260e+00
9.820411520000062566e+00 -1.218761485645960096e+00
9.809829180000063431e+00 -1.218832502642644755e+00
9.799246840000064296e+00 -1.218903672043924580e+00
9.788664500000065161e+00 -1.218974997869080479e+00
9.778082160000066025e+00 -1.219046487560107472e+00
9.767499820000066890e+00 -1.219118126992506213e+00
9.756917480000067755e+00 -1.219189927413447894e+00
9.746335140000068620e+00 -1.219261882790804385e+00
9.735752800000069485e+00 -1.219334001427510916e+00
9.725170460000070349e+00 -1.219406274349787100e+00
9.714588120000071214e+00 -1.219478711391964509e+00
9.704005780000072079e+00 -1.219551304972917194e+00
9.693423440000072944e+00 -1.219624066240812876e+00
9.682841100000073808e+00 -1.219696986678073358e+00
9.672258760000074673e+00 -1.219770064519942743e+00
9.661676420000075538e+00 -1.219843308198634180e+00
9.651094080000076403e+00 -1.219916711572202717e+00
9.640511740000077268e+00 -1.219990283120951702e+00
9.629929400000078132e+00 -1.220064013736605446e+00
9.619347060000078997e+00 -1.220137913357422388e+00
9.608764720000079862e+00 -1.220211974711898462e+00
9.598182380000080727e+00 -1.220286204552055498e+00
9.587600040000081592e+00 -1.220360602346985512e+00
9.577017700000082456e+00 -1.220435162410828500e+00
9.566435360000083321e+00 -1.220509893357438536e+00
9.555853020000084186e+00 -1.220584788932097986e+00
9.545270680000085051e+00 -1.220659857798266135e+00
9.534688340000085915e+00 -1.220735090709683668e+00
9.524106000000086780e+00 -1.220810497712057519e+00
9.513523660000087645e+00 -1.220886071539684314e+00
9.502941320000088510e+00 -1.220961818950204503e+00
9.492358980000089375e+00 -1.221037739521992460e+00
9.481776640000090239e+00 -1.221113827428794263e+00
9.471194300000091104e+00 -1.221190091472104111e+00
9.460611960000091969e+00 -1.221266525281498705e+00
9.450029620000092834e+00 -1.221343137709770321e+00
9.439447280000093699e+00 -1.221419919368772256e+00
9.428864940000094563e+00 -1.221496880415594788e+00
9.418282600000095428e+00 -1.221574013590927432e+00
9.407700260000096293e+00 -1.221651325658671627e+00
9.397117920000097158e+00 -1.221728816310438059e+00
9.386535580000098022e+00 -1.221806479575675120e+00
9.375953240000098887e+00 -1.221884324449880044e+00
9.365370900000099752e+00 -1.221962344443792592e+00
9.354788560000100617e+00 -1.222040548605952459e+00
9.344206220000101482e+00 -1.222118935137565199e+00
9.333623880000102346e+00 -1.222197494873206391e+00
9.323041540000103211e+00 -1.222276236239757896e+00
9.312459200000104076e+00 -1.222355162031820264e+00
9.301876860000104941e+00 -1.222434272058262827e+00
9.291294520000105805e+00 -1.222513560200277016e+00
9.280712180000106670e+00 -1.222593035653955162e+00
9.270129840000107535e+00 -1.222672691808097234e+00
9.259547500000108400e+00 -1.222752533437868161e+00
9.248965160000109265e+00 -1.222832568309974111e+00
9.238382820000110129e+00 -1.222912781319517528e+00
9.227800480000110994e+00 -1.222993184912918974e+00
9.217218140000111859e+00 -1.223073772409661863e+00
9.206635800000112724e+00 -1.223154553176178272e+00
9.196053460000113589e+00 -1.223235517443690412e+00
9.185471120000114453e+00 -1.223316675672513121e+00
9.174888780000115318e+00 -1.223398020069477177e+00
9.164306440000116183e+00 -1.223479559078663126e+00
9.153724100000117048e+00 -1.223561291039263921e+00
9.143141760000117912e+00 -1.223643210147123739e+00
9.132559420000118777e+00 -1.223725325924301721e+00
9.121977080000119642e+00 -1.223807631563195386e+00
9.111394740000120507e+00 -1.223890136643614124e+00
9.100812400000121372e+00 -1.223972831240395465e+00
9.090230060000122236e+00 -1.224055725940485839e+00
9.079647720000123101e+00 -1.224138813513379054e+00
9.069065380000123966e+00 -1.224222100751439335e+00
9.058483040000124831e+00 -1.224305587783403926e+00
9.047900700000125696e+00 -1.224389268092390459e+00
9.037318360000126560e+00 -1.224473151419354533e+00
9.026736020000127425e+00 -1.224557230826137211e+00
9.016153680000128290e+00 -1.224641516113514239e+00
9.005571340000129155e+00 -1.224725997195446059e+00
8.994989000000130019e+00 -1.224810688853062768e+00
8.984406660000130884e+00 -1.224895575750102772e+00
8.973824320000131749e+00 -1.224980668741941336e+00
8.963241980000132614e+00 -1.225065968090974788e+00
8.952659640000133479e+00 -1.225151467116632364e+00
8.942077300000134343e+00 -1.225237175786693555e+00
8.931494960000135208e+00 -1.225323087028664215e+00
8.920912620000136073e+00 -1.225409210872247190e+00
8.910330280000136938e+00 -1.225495537066044971e+00
8.899747940000137802e+00 -1.225582076464676984e+00
8.889165600000138667e+00 -1.225668821858807656e+00
8.878583260000139532e+00 -1.225755780061795530e+00
8.868000920000140397e+00 -1.225842951474713338e+00
8.857418580000141262e+00 -1.225930329248748230e+00
8.846836240000142126e+00 -1.226017923586434133e+00
8.836253900000142991e+00 -1.226105727277550184e+00
8.825671560000143856e+00 -1.226193750588839837e+00
8.815089220000144721e+00 -1.226281987355726688e+00
8.804506880000145586e+00 -1.226370435803664449e+00
8.793924540000146450e+00 -1.226459101506335081e+00
8.783342200000147315e+00 -1.226547987032181819e+00
8.772759860000148180e+00 -1.226637092926437411e+00
8.762177520000149045e+00 -1.226726412167105540e+00
8.751595180000149909e+00 -1.226815955200216024e+00
8.741012840000150774e+00 -1.226905714673876435e+00
8.730430500000151639e+00 -1.226995701100557667e+00
8.719848160000152504e+00 -1.227085908196893449e+00
8.709265820000153369e+00 -1.227176334167042526e+00
8.698683480000154233e+00 -1.227266988085761845e+00
8.688101140000155098e+00 -1.227357862520767284e+00
8.677518800000155963e+00 -1.227448968124955186e+00
8.666936460000156828e+00 -1.227540294202480453e+00
8.656354120000157693e+00 -1.227631851981034306e+00
8.645771780000158557e+00 -1.227723633433904560e+00
8.635189440000159422e+00 -1.227815652376707423e+00
8.624607100000160287e+00 -1.227907898215947036e+00
8.614024760000161152e+00 -1.228000368906460249e+00
8.603442420000162016e+00 -1.228093075291043501e+00
8.592860080000162881e+00 -1.228186009789565158e+00
8.582277740000163746e+00 -1.228279183315120093e+00
8.571695400000164611e+00 -1.228372584988809191e+00
8.561113060000165476e+00 -1.228466226194826927e+00
8.550530720000166340e+00 -1.228560099772704195e+00
8.539948380000167205e+00 -1.228654212584227245e+00
8.529366040000168070e+00 -1.228748565569651063e+00
8.518783700000168935e+00 -1.228843151241194143e+00
8.508201360000169799e+00 -1.228937980709035482e+00
8.497619020000170664e+00 -1.229033046241035709e+00
8.487036680000171529e+00 -1.229128359020308370e+00
8.476454340000172394e+00 -1.229223907979581920e+00
8.465872000000173259e+00 -1.229319704665880142e+00
8.455289660000174123e+00 -1.229415741935584450e+00
8.444707320000174988e+00 -1.229512026667138436e+00
8.434124980000175853e+00 -1.229608559966629322e+00
8.423542640000176718e+00 -1.229705334154517882e+00
8.412960300000177583e+00 -1.229802360618475809e+00
8.402377960000178447e+00 -1.229899631470190435e+00
8.391795620000179312e+00 -1.229997158173051996e+00
8.381213280000180177e+00 -1.230094929465978204e+00
8.370630940000181042e+00 -1.230192957065423975e+00
8.360048600000181906e+00 -1.230291233846205756e+00
8.349466260000182771e+00 -1.230389766705036081e+00
8.338883920000183636e+00 -1.230488556920770638e+00
8.328301580000184501e+00 -1.230587596616238510e+00
8.317719240000185366e+00 -1.230686897467579755e+00
8.307136900000186230e+00 -1.230786451425711636e+00
8.296554560000187095e+00 -1.230886281860835041e+00
8.285972220000187960e+00 -1.230986363957336405e+00
8.275389880000188825e+00 -1.231086697464281121e+00
8.264807540000189690e+00 -1.231187293782031178e+00
8.254225200000190554e+00 -1.231288155530004591e+00
8.243642860000191419e+00 -1.231389283162774406e+00
8.233060520000192284e+00 -1.231490670115359620e+00
8.222478180000193149e+00 -1.231592326815045713e+00
8.211895840000194013e+00 -1.231694245972378310e+00
8.201313500000194878e+00 -1.231796434414112795e+00
8.190731160000195743e+00 -1.231898892484373675e+00
8.180148820000196608e+00 -1.232001606351915246e+00
8.169566480000197473e+00 -1.232104612506051078e+00
8.158984140000198337e+00 -1.232207886905003269e+00
8.148401800000199202e+00 -1.232311426045427094e+00
8.137819460000200067e+00 -1.232415237254929963e+00
8.127237120000200932e+00 -1.232519336785443231e+00
8.116654780000201796e+00 -1.232623699350683610e+00
8.106072440000202661e+00 -1.232728358222004328e+00
8.095490100000203526e+00 -1.232833279234717194e+00
8.084907760000204391e+00 -1.232938484395200707e+00
8.074325420000205256e+00 -1.233043989022089892e+00
8.063743080000206120e+00 -1.233149755283409643e+00
8.053160740000206985e+00 -1.233255812771703930e+00
8.042578400000207850e+00 -1.233362142206304357e+00
8.031996060000208715e+00 -1.233468777162325836e+00
8.021413720000209580e+00 -1.233575693743514945e+00
8.010831380000210444e+00 -1.233682886544668733e+00
8.000249040000211309e+00 -1.233790378524020515e+00
7.989666700000212174e+00 -1.233898152454570463e+00
7.979084360000213039e+00 -1.234006224257150341e+00
7.968502020000213903e+00 -1.234114583744437832e+00
7.957919680000214768e+00 -1.234223243804337677e+00
7.947337340000215633e+00 -1.234332185330680121e+00
7.936755000000216498e+00 -1.234441441565069297e+00
7.926172660000217363e+00 -1.234550998794144538e+00
7.915590320000218227e+00 -1.234660834302456323e+00
7.905007980000219092e+00 -1.234770983860948412e+00
7.894425640000219957e+00 -1.234881423121976907e+00
7.883843300000220822e+00 -1.234992174493749983e+00
7.873260960000221687e+00 -1.235103222038725246e+00
7.862678620000222551e+00 -1.235214581359422858e+00
7.852096280000223416e+00 -1.235326231106485206e+00
7.841513940000224281e+00 -1.235438207845181990e+00
7.830931600000225146e+00 -1.235550492539923217e+00
7.820349260000226010e+00 -1.235663071580039407e+00
7.809766920000226875e+00 -1.235775974081535722e+00
7.799184580000227740e+00 -1.235889182045412760e+00
7.788602240000228605e+00 -1.236002708974581088e+00
7.778019900000229470e+00 -1.236116549634113770e+00
7.767437560000230334e+00 -1.236230710200224348e+00
7.756855220000231199e+00 -1.236345182497937234e+00
7.746272880000232064e+00 -1.236459976931381766e+00
7.735690540000232929e+00 -1.236575093750918786e+00
7.725108200000233794e+00 -1.236690525394346762e+00
7.714525860000234658e+00 -1.236806288229254314e+00
7.703943520000235523e+00 -1.236922363237129119e+00
7.693361180000236388e+00 -1.237038774287629650e+00
7.682778840000237253e+00 -1.237155507262927445e+00
7.672196500000238117e+00 -1.237272579598479139e+00
7.661614160000238982e+00 -1.237389979128554085e+00
7.651031820000239847e+00 -1.237507696092343679e+00
7.640449480000240712e+00 -1.237625757282870387e+00
7.629867140000241577e+00 -1.237744147326795385e+00
7.619284800000242441e+00 -1.237862880421825906e+00
7.608702460000243306e+00 -1.237981941790929907e+00
7.598120120000244171e+00 -1.238101357718056850e+00
7.587537780000245036e+00 -1.238221099337339925e+00
7.576955440000245900e+00 -1.238341185215411144e+00
7.566373100000246765e+00 -1.238461618366968775e+00
7.555790760000247630e+00 -1.238582388394292799e+00
7.545208420000248495e+00 -1.238703509791800217e+00
7.534626080000249360e+00 -1.238824973023419984e+00
7.524043740000250224e+00 -1.238946803047759060e+00
7.513461400000251089e+00 -1.239068957002740889e+00
7.502879060000251954e+00 -1.239191475026058420e+00
7.492296720000252819e+00 -1.239314353940559998e+00
7.481714380000253684e+00 -1.239437583196278947e+00
7.471132040000254548e+00 -1.239561170539147383e+00
7.460549700000255413e+00 -1.239685095009407156e+00
7.449967360000256278e+00 -1.239809397434860960e+00
7.439385020000257143e+00 -1.239934069716621901e+00
7.428802680000258007e+00 -1.240059083832576903e+00
7.418220340000258872e+00 -1.240184475420887500e+00
7.407638000000259737e+00 -1.240310241723797224e+00
7.397055660000260602e+00 -1.240436355455675654e+00
7.386473320000261467e+00 -1.240562854982381280e+00
7.375890980000262331e+00 -1.240689703773647956e+00
7.365308640000263196e+00 -1.240816934648959702e+00
7.354726300000264061e+00 -1.240944545402011379e+00
7.344143960000264926e+00 -1.241072546680683120e+00
7.333561620000265791e+00 -1.241200892131339550e+00
7.322979280000266655e+00 -1.241329642521773913e+00
7.312396940000267520e+00 -1.241458753035820539e+00
7.301814600000268385e+00 -1.241588265063403362e+00
7.291232260000269250e+00 -1.241718168923250820e+00
7.280649920000270114e+00 -1.241848422275193542e+00
7.270067580000270979e+00 -1.241979080257035406e+00
7.259485240000271844e+00 -1.242110161839258931e+00
7.248902900000272709e+00 -1.242241601374894255e+00
7.238320560000273574e+00 -1.242373442005301198e+00
7.227738220000274438e+00 -1.242505681470513101e+00
7.217155880000275303e+00 -1.242638305012752520e+00
7.206573540000276168e+00 -1.242771304285459788e+00
7.195991200000277033e+00 -1.242904718829232147e+00
7.185408860000277897e+00 -1.243038549379096303e+00
7.174826520000278762e+00 -1.243172775213083225e+00
7.164244180000279627e+00 -1.243307452851319495e+00
7.153661840000280492e+00 -1.243442451188482512e+00
7.143079500000281357e+00 -1.243577911018125537e+00
7.132497160000282221e+00 -1.243713772264751327e+00
7.121914820000283086e+00 -1.243850090857983481e+00
7.111332480000283951e+00 -1.243986736536958571e+00
7.100750140000284816e+00 -1.244123890348210804e+00
7.090167800000285681e+00 -1.244261422590132948e+00
7.079585460000286545e+00 -1.244399357574015763e+00
7.069003120000287410e+00 -1.244537739983167635e+00
7.058420780000288275e+00 -1.244676472189693905e+00
7.047838440000289140e+00 -1.244815693983643445e+00
7.037256100000290004e+00 -1.244955346487461645e+00
7.026673760000290869e+00 -1.245095420629625638e+00
7.016091420000291734e+00 -1.245235933490649982e+00
7.005509080000292599e+00 -1.245376874290614388e+00
6.994926740000293464e+00 -1.245518260249342646e+00
6.984344400000294328e+00 -1.245660066152794343e+00
6.973762060000295193e+00 -1.245802338272973042e+00
6.963179720000296058e+00 -1.245945049430206675e+00
6.952597380000296923e+00 -1.246088186348963012e+00
6.942015040000297788e+00 -1.246231785025354144e+00
6.931432700000298652e+00 -1.246375823528722782e+00
6.920850360000299517e+00 -1.246520319481105199e+00
6.910268020000300382e+00 -1.246665261854829954e+00
6.899685680000301247e+00 -1.246810668417672741e+00
6.889103340000302111e+00 -1.246956513460827587e+00
6.878521000000302976e+00 -1.247102851189739070e+00
6.867938660000303841e+00 -1.247249640086618205e+00
6.857356320000304706e+00 -1.247396873578321852e+00
6.846773980000305571e+00 -1.247544588582979674e+00
6.836191640000306435e+00 -1.247692762663382693e+00
6.825609300000307300e+00 -1.247841414010144589e+00
6.815026960000308165e+00 -1.247990531339693510e+00
6.804444620000309030e+00 -1.248140132995505747e+00
6.793862280000309894e+00 -1.248290192753304551e+00
6.783279940000310759e+00 -1.248440758733387002e+00
6.772697600000311624e+00 -1.248591803160178149e+00
6.762115260000312489e+00 -1.248743312123437033e+00
6.751532920000313354e+00 -1.248895323512717592e+00
6.740950580000314218e+00 -1.249047814364709463e+00
6.730368240000315083e+00 -1.249200803467813703e+00
6.719785900000315948e+00 -1.249354279273610757e+00
6.709203560000316813e+00 -1.249508260731147402e+00
6.698621220000317678e+00 -1.249662738146133600e+00
6.688038880000318542e+00 -1.249817709442784253e+00
6.677456540000319407e+00 -1.249973197723768914e+00
6.666874200000320272e+00 -1.250129171673535877e+00
6.656291860000321137e+00 -1.250285670207115007e+00
6.645709520000322001e+00 -1.250442669813443208e+00
6.635127180000322866e+00 -1.250600189910586080e+00
6.624544840000323731e+00 -1.250758218675744882e+00
6.613962500000324596e+00 -1.250916779685919522e+00
6.603380160000325461e+00 -1.251075851004499695e+00
6.592797820000326325e+00 -1.251235442656694508e+00
6.582215480000327190e+00 -1.251395567731779623e+00
6.571633140000328055e+00 -1.251556214250231003e+00
6.561050800000328920e+00 -1.251717402167360937e+00
6.550468460000329785e+00 -1.251879103835343399e+00
6.539886120000330649e+00 -1.252041370079757465e+00
6.529303780000331514e+00 -1.252204158048994653e+00
6.518721440000332379e+00 -1.252367503377312508e+00
6.508139100000333244e+00 -1.252531388440062621e+00
6.497556760000334108e+00 -1.252695810844221658e+00
6.486974420000334973e+00 -1.252860791055659062e+00
6.476392080000335838e+00 -1.253026316804015883e+00
6.465809740000336703e+00 -1.253192408737133778e+00
6.455227400000337568e+00 -1.253359038611097986e+00
6.444645060000338432e+00 -1.253526258413350192e+00
6.434062720000339297e+00 -1.253694039129553461e+00
6.423480380000340162e+00 -1.253862365554923919e+00
6.412898040000341027e+00 -1.254031279522356712e+00
6.402315700000341891e+00 -1.254200756009243412e+00
6.391733360000342756e+00 -1.254370816204279260e+00
6.381151020000343621e+00 -1.254541447534173404e+00
6.370568680000344486e+00 -1.254712671378235944e+00
6.359986340000345351e+00 -1.254884458882208342e+00
6.349404000000346215e+00 -1.255056863232481223e+00
6.338821660000347080e+00 -1.255229855049138976e+00
6.328239320000347945e+00 -1.255403418749254651e+00
6.317656980000348810e+00 -1.255577597385126420e+00
6.307074640000349675e+00 -1.255752365313625996e+00
6.296492300000350539e+00 -1.255927744486251996e+00
6.285909960000351404e+00 -1.256103722014518809e+00
6.275327620000352269e+00 -1.256280320051466504e+00
6.264745280000353134e+00 -1.256457509100741499e+00
6.254162940000353998e+00 -1.256635343639126212e+00
6.243580600000354863e+00 -1.256813793889811848e+00
6.232998260000355728e+00 -1.256992843858957487e+00
6.222415920000356593e+00 -1.257172537911522392e+00
6.211833580000357458e+00 -1.257352849751095514e+00
6.201251240000358322e+00 -1.257533802137916545e+00
6.190668900000359187e+00 -1.257715381853637959e+00
6.180086560000360052e+00 -1.257897611870897325e+00
6.169504220000360917e+00 -1.258080490060881074e+00
6.158921880000361782e+00 -1.258263996934691598e+00
6.148339540000362646e+00 -1.258448168884990892e+00
6.137757200000363511e+00 -1.258632970201793988e+00
6.127174860000364376e+00 -1.258818446635838972e+00
6.116592520000365241e+00 -1.259004571212391843e+00
6.106010180000366105e+00 -1.259191367549766349e+00
6.095427840000366970e+00 -1.259378822083548233e+00
6.084845500000367835e+00 -1.259566958655952584e+00
6.074263160000368700e+00 -1.259755766176054115e+00
6.063680820000369565e+00 -1.259945242629049167e+00
6.053098480000370429e+00 -1.260135409066501566e+00
6.042516140000371294e+00 -1.260326251723948632e+00
6.031933800000372159e+00 -1.260517794950041459e+00
6.021351460000373024e+00 -1.260710007486036677e+00
6.010769120000373889e+00 -1.260902947459054291e+00
6.000186780000374753e+00 -1.261096567351269959e+00
5.989604440000375618e+00 -1.261290899978968261e+00
5.979022100000376483e+00 -1.261485943468182880e+00
5.968439760000377348e+00 -1.261681686383065770e+00
5.957857420000378212e+00 -1.261878153785542134e+00
5.947275080000379077e+00 -1.262075331535729816e+00
5.936692740000379942e+00 -1.262273244938883376e+00
5.926110400000380807e+00 -1.262471862011944168e+00
5.915528060000381672e+00 -1.262671242432016783e+00
5.904945720000382536e+00 -1.262871354879241848e+00
5.894363380000383401e+00 -1.263072181765520385e+00
5.883781040000384266e+00 -1.263273772743069179e+00
5.873198700000385131e+00 -1.263476098986592300e+00
5.862616360000385995e+00 -1.263679186563600121e+00
5.852034020000386860e+00 -1.263883020936591217e+00
5.841451680000387725e+00 -1.264087628430206278e+00
5.830869340000388590e+00 -1.264292976302746396e+00
5.820287000000389455e+00 -1.264499115583489930e+00
5.809704660000390319e+00 -1.264706044211154623e+00
5.799122320000391184e+00 -1.264913714872913930e+00
5.788539980000392049e+00 -1.265122188667274328e+00
5.777957640000392914e+00 -1.265331435994165643e+00
5.767375300000393779e+00 -1.265541483991488469e+00
5.756792960000394643e+00 -1.265752317695889362e+00
5.746210620000395508e+00 -1.265963964516767737e+00
5.735628280000396373e+00 -1.266176390922659767e+00
5.725045940000397238e+00 -1.266389659986681293e+00
5.714463600000398102e+00 -1.266603739427480058e+00
5.703881260000398967e+00 -1.266818610663885680e+00
5.693298920000399832e+00 -1.267034326799021393e+00
5.682716580000400697e+00 -1.267250857432548949e+00
5.672134240000401562e+00 -1.267468232082922919e+00
5.661551900000402426e+00 -1.267686432933431862e+00
5.650969560000403291e+00 -1.267905491021723341e+00
5.640387220000404156e+00 -1.268125391783174294e+00
5.629804880000405021e+00 -1.268346134445362150e+00
5.619222540000405886e+00 -1.268567753136232712e+00
5.608640200000406750e+00 -1.268790206453608516e+00
5.598057860000407615e+00 -1.269013549366805549e+00
5.587475520000408480e+00 -1.269237750647895790e+00
5.576893180000409345e+00 -1.269462839807087740e+00
5.566310840000410209e+00 -1.269688800939043238e+00
5.555728500000411074e+00 -1.269915651627399722e+00
5.545146160000411939e+00 -1.270143416329931441e+00
5.534563820000412804e+00 -1.270372056336906752e+00
5.523981480000413669e+00 -1.270601610646910018e+00
5.513399140000414533e+00 -1.270832063066221096e+00
5.502816800000415398e+00 -1.271063444136545151e+00
5.492234460000416263e+00 -1.271295718188945933e+00
5.481652120000417128e+00 -1.271528953192941236e+00
5.471069780000417992e+00 -1.271763095568746005e+00
5.460487440000418857e+00 -1.271998196250976321e+00
5.449905100000419722e+00 -1.272234231558657891e+00
5.439322760000420587e+00 -1.272471199785253804e+00
5.428740420000421452e+00 -1.272709132525344344e+00
5.418158080000422316e+00 -1.272948013030775538e+00
5.407575740000423181e+00 -1.273187873227053846e+00
5.396993400000424046e+00 -1.273428676555379502e+00
5.386411060000424911e+00 -1.273670493086987099e+00
5.375828720000425776e+00 -1.273913288683300227e+00
5.365246380000426640e+00 -1.274157042845195820e+00
5.354664040000427505e+00 -1.274401815782755687e+00
5.344081700000428370e+00 -1.274647574013437312e+00
5.333499360000429235e+00 -1.274894350597172155e+00
5.322917020000430099e+00 -1.275142128179054701e+00
5.312334680000430964e+00 -1.275390940168801057e+00
5.301752340000431829e+00 -1.275640749085457992e+00
5.291170000000432694e+00 -1.275891627211531487e+00
5.280587660000433559e+00 -1.276143539848252795e+00
5.270005320000434423e+00 -1.276396465917213785e+00
5.259422980000435288e+00 -1.276650467872509243e+00
5.248840640000436153e+00 -1.276905511290020279e+00
5.238258300000437018e+00 -1.277161630802654546e+00
5.227675960000437883e+00 -1.277418808386374449e+00
5.217093620000438747e+00 -1.277677079043380237e+00
5.206511280000439612e+00 -1.277936404334872211e+00
5.195928940000440477e+00 -1.278196858867233443e+00
5.185346600000441342e+00 -1.278458407362133453e+00
5.174764260000442206e+00 -1.278721028141306615e+00
5.164181920000443071e+00 -1.278984786015712860e+00
5.153599580000443936e+00 -1.279249645581151729e+00
5.143017240000444801e+00 -1.279515643158573912e+00
5.132434900000445666e+00 -1.279782759980057971e+00
5.121852560000446530e+00 -1.280051032756057028e+00
5.111270220000447395e+00 -1.280320460612307754e+00
5.100687880000448260e+00 -1.280591017016143418e+00
5.090105540000449125e+00 -1.280862757587184264e+00
5.079523200000449989e+00 -1.281135633536810703e+00
5.068940860000450854e+00 -1.281409712146567959e+00
5.058358520000451719e+00 -1.281684956987828805e+00
5.047776180000452584e+00 -1.281961406191665542e+00
5.037193840000453449e+00 -1.282239040156390120e+00
5.026611500000454313e+00 -1.282517883907823730e+00
5.016029160000455178e+00 -1.282797964915349809e+00
5.005446820000456043e+00 -1.283079240010826627e+00
4.994864480000456908e+00 -1.283361758332405955e+00
4.984282140000457773e+00 -1.283645499769130449e+00
4.973699800000458637e+00 -1.283930503933203182e+00
4.963117460000459502e+00 -1.284216729739392049e+00
4.952535120000460367e+00 -1.284504258249269171e+00
4.941952780000461232e+00 -1.284793027925045683e+00
4.931370440000462096e+00 -1.285083089408568968e+00
4.920788100000462961e+00 -1.285374440068286717e+00
4.910205760000463826e+00 -1.285667066433932693e+00
4.899623420000464691e+00 -1.285961009707517366e+00
4.889041080000465556e+00 -1.286256248764025223e+00
4.878458740000466420e+00 -1.286552825244968501e+00
4.867876400000467285e+00 -1.286850696928582227e+00
4.857294060000468150e+00 -1.287149947597236332e+00
4.846711720000469015e+00 -1.287450539678891781e+00
4.836129380000469880e+00 -1.287752449115832976e+00
4.825547040000470744e+00 -1.288055750003578748e+00
4.814964700000471609e+00 -1.288360403030782697e+00
4.804382360000472474e+00 -1.288666451541706115e+00
4.793800020000473339e+00 -1.288973873247622359e+00
4.783217680000474203e+00 -1.289282711949778948e+00
4.772635340000475068e+00 -1.289592924211910852e+00
4.762053000000475933e+00 -1.289904609780128331e+00
4.751470660000476798e+00 -1.290217704069927196e+00
4.740888320000477663e+00 -1.290532195356761003e+00
4.730305980000478527e+00 -1.290848160577943604e+00
4.719723640000479392e+00 -1.291165559151005615e+00
4.709141300000480257e+00 -1.291484436692564186e+00
4.698558960000481122e+00 -1.291804769566504474e+00
4.687976620000481986e+00 -1.292126603860533018e+00
4.677394280000482851e+00 -1.292449894826168899e+00
4.666811940000483716e+00 -1.292774731966756629e+00
4.656229600000484581e+00 -1.293101076127410876e+00
4.645647260000485446e+00 -1.293428901603467462e+00
4.635064920000486310e+00 -1.293758280483148448e+00
4.624482580000487175e+00 -1.294089185661381647e+00
4.613900240000488040e+00 -1.294421657998793274e+00
4.603317900000488905e+00 -1.294755672280932135e+00
4.592735560000489770e+00 -1.295091276995526286e+00
4.582153220000490634e+00 -1.295428458421539419e+00
4.571570880000491499e+00 -1.295767211609712311e+00
4.560988540000492364e+00 -1.296107593871345776e+00
4.550406200000493229e+00 -1.296449546049859958e+00
4.539823860000494093e+00 -1.296793150960946495e+00
4.529241520000494958e+00 -1.297138365100158675e+00
4.518659180000495823e+00 -1.297485238977315936e+00
4.508076840000496688e+00 -1.297833745519144211e+00
4.497494500000497553e+00 -1.298183921133704510e+00
4.486912160000498417e+00 -1.298535795588333652e+00
4.476329820000499282e+00 -1.298889319148465837e+00
4.465747480000500147e+00 -1.299244555519508459e+00
4.455165140000501012e+00 -1.299601476449548931e+00
4.444582800000501877e+00 -1.299960134355301555e+00
4.434000460000502741e+00 -1.300320494695841322e+00
4.423418120000503606e+00 -1.300682611884772522e+00
4.412835780000504471e+00 -1.301046455323411122e+00
4.402253440000505336e+00 -1.301412090405606126e+00
4.391671100000506200e+00 -1.301779482529469956e+00
4.381088760000507065e+00 -1.302148630711545962e+00
4.370506420000507930e+00 -1.302519589509480102e+00
4.359924080000508795e+00 -1.302892328234118935e+00
4.349341740000509660e+00 -1.303266901905766773e+00
4.338759400000510524e+00 -1.303643274727602108e+00
4.328177060000511389e+00 -1.304021501957791429e+00
4.317594720000512254e+00 -1.304401570001764821e+00
4.307012380000513119e+00 -1.304783479193419193e+00
4.296430040000513984e+00 -1.305167274595363303e+00
4.285847700000514848e+00 -1.305552922881912492e+00
4.275265360000515713e+00 -1.305940481253622609e+00
4.264683020000516578e+00 -1.306329916096238275e+00
4.254100680000517443e+00 -1.306721285042399261e+00
4.243518340000518307e+00 -1.307114550788456064e+00
4.232936000000519172e+00 -1.307509769145045020e+00
4.222353660000520037e+00 -1.307906925416754129e+00
4.211771320000520902e+00 -1.308306021369806782e+00
4.201188980000521767e+00 -1.308707101705104625e+00
4.190606640000522631e+00 -1.309110131380845976e+00
4.180024300000523496e+00 -1.309515170203932932e+00
4.169441960000524361e+00 -1.309922181032143973e+00
4.158859620000525226e+00 -1.310331224052123655e+00
4.148277280000526090e+00 -1.310742260126471326e+00
4.137694940000526955e+00 -1.311155345211101553e+00
4.127112600000527820e+00 -1.311570464995598595e+00
4.116530260000528685e+00 -1.311987619063895272e+00
4.105947920000529550e+00 -1.312406852907587629e+00
4.095365580000530414e+00 -1.312828129385815945e+00
4.084783240000531279e+00 -1.313251510796061616e+00
4.074200900000532144e+00 -1.313676955725848305e+00
4.063618560000533009e+00 -1.314104526772937209e+00
4.053036220000533874e+00 -1.314534220226809103e+00
4.042453880000534738e+00 -1.314965992152169694e+00
4.031871540000535603e+00 -1.315399913260574927e+00
4.021289200000536468e+00 -1.315835958175869624e+00
4.010706860000537333e+00 -1.316274171773014645e+00
4.000124520000538197e+00 -1.316714514322725016e+00
3.989542180000539062e+00 -1.317157050390315387e+00
3.978959840000539927e+00 -1.317601733381778883e+00
3.968377500000540792e+00 -1.318048631604066934e+00
3.957795160000541657e+00 -1.318497715144098636e+00
3.947212820000542521e+00 -1.318948974275085728e+00
3.936630480000543386e+00 -1.319402471180857406e+00
3.926048140000544251e+00 -1.319858155716175929e+00
3.915465800000545116e+00 -1.320316094052417455e+00
3.904883460000545981e+00 -1.320776239989760903e+00
3.894301120000546845e+00 -1.321238646917711312e+00
3.883718780000547710e+00 -1.321703275032261926e+00
3.873136440000548575e+00 -1.322170187466073177e+00
3.862554100000549440e+00 -1.322639359617226784e+00
3.851971760000550304e+00 -1.323110768723569475e+00
3.841389420000551169e+00 -1.323584482105450988e+00
3.830807080000552034e+00 -1.324060442807450499e+00
3.820224740000552899e+00 -1.324538718069796506e+00
3.809642400000553764e+00 -1.325019257959978214e+00
3.799060060000554628e+00 -1.325502113136887816e+00
3.788477720000555493e+00 -1.325987250559152564e+00
3.777895380000556358e+00 -1.326474703371705921e+00
3.767313040000557223e+00 -1.326964471348094143e+00
3.756730700000558087e+00 -1.327456518060102342e+00
3.746148360000558952e+00 -1.327950911824806512e+00
3.735566020000559817e+00 -1.328447587165049404e+00
3.724983680000560682e+00 -1.328946612072684941e+00
3.714401340000561547e+00 -1.329447942405649563e+00
3.703819000000562411e+00 -1.329951604481610650e+00
3.693236660000563276e+00 -1.330457583373918728e+00
3.682654320000564141e+00 -1.330965870693916919e+00
3.672071980000565006e+00 -1.331476500877862845e+00
3.661489640000565871e+00 -1.331989418825267890e+00
3.650907300000566735e+00 -1.332504692967120929e+00
3.640324960000567600e+00 -1.333022247492605228e+00
3.629742620000568465e+00 -1.333542150189716891e+00
3.619160280000569330e+00 -1.334064347837417674e+00
3.608577940000570194e+00 -1.334588858286074542e+00
3.597995600000571059e+00 -1.335115668841475589e+00
3.587413260000571924e+00 -1.335644780775494089e+00
3.576830920000572789e+00 -1.336176198913936908e+00
3.566248580000573654e+00 -1.336709868974201187e+00
3.555666240000574518e+00 -1.337245858330145643e+00
3.545083900000575383e+00 -1.337784078672495047e+00
3.534501560000576248e+00 -1.338324596328126281e+00
3.523919220000577113e+00 -1.338867373284867490e+00
3.513336880000577978e+00 -1.339412351424771330e+00
3.502754540000578842e+00 -1.339959579587989280e+00
3.492172200000579707e+00 -1.340509031544414364e+00
3.481589860000580572e+00 -1.341060702034737151e+00
3.471007520000581437e+00 -1.341614528745372459e+00
3.460425180000582301e+00 -1.342170576478192157e+00
3.449842840000583166e+00 -1.342728741866417330e+00
3.439260500000584031e+00 -1.343289111623350518e+00
3.428678160000584896e+00 -1.343851569487538367e+00
3.418095820000585761e+00 -1.344416113290202164e+00
3.407513480000586625e+00 -1.344982790281569640e+00
3.396931140000587490e+00 -1.345551487464000662e+00
3.386348800000588355e+00 -1.346122265531690010e+00
3.375766460000589220e+00 -1.346695052842820983e+00
3.365184120000590084e+00 -1.347269829191601431e+00
3.354601780000590949e+00 -1.347846553681968595e+00
3.344019440000591814e+00 -1.348425273619671572e+00
3.333437100000592679e+00 -1.349005890397642293e+00
3.322854760000593544e+00 -1.349588351348536275e+00
3.312272420000594408e+00 -1.350172713313590789e+00
3.301690080000595273e+00 -1.350758843374167517e+00
3.291107740000596138e+00 -1.351346795801767531e+00
3.280525400000597003e+00 -1.351936487143321486e+00
3.269943060000597868e+00 -1.352527879808873124e+00
3.259360720000598732e+00 -1.353120939932602518e+00
3.248778380000599597e+00 -1.353715647238458608e+00
3.238196040000600462e+00 -1.354311947289743134e+00
3.227613700000601327e+00 -1.354909751204247614e+00
3.217031360000602191e+00 -1.355509107464661245e+00
3.206449020000603056e+00 -1.356109859494818659e+00
3.195866680000603921e+00 -1.356712052383987288e+00
3.185284340000604786e+00 -1.357315588441043719e+00
3.174702000000605651e+00 -1.357920407344594294e+00
3.164119660000606515e+00 -1.358526466590880721e+00
3.153537320000607380e+00 -1.359133725779002377e+00
3.142954980000608245e+00 -1.359742113227360383e+00
3.132372640000609110e+00 -1.360351522218390841e+00
3.121790300000609975e+00 -1.360961989744358558e+00
3.111207960000610839e+00 -1.361573331340366177e+00
3.100625620000611704e+00 -1.362185579638022448e+00
3.090043280000612569e+00 -1.362798636243453876e+00
3.079460940000613434e+00 -1.363412367198584274e+00
3.068878600000614298e+00 -1.364026745250306316e+00
3.058296260000615163e+00 -1.364641742495512178e+00
3.047713920000616028e+00 -1.365257215294497728e+00
3.037131580000616893e+00 -1.365873053309726082e+00
3.026549240000617758e+00 -1.366489278082440251e+00
3.015966900000618622e+00 -1.367105672547228368e+00
3.005384560000619487e+00 -1.367722253082969353e+00
2.994802220000620352e+00 -1.368338898982886187e+00
2.984219880000621217e+00 -1.368955441431515041e+00
2.973637540000622081e+00 -1.369571845183150449e+00
2.963055200000622946e+00 -1.370188058767709549e+00
2.952472860000623811e+00 -1.370803901248187850e+00
2.941890520000624676e+00 -1.371419241943459211e+00
2.931308180000625541e+00 -1.372034082943504263e+00
2.920725840000626405e+00 -1.372648169471177404e+00
2.910143500000627270e+00 -1.373261459760870995e+00
2.899561160000628135e+00 -1.373873932590350622e+00
2.888978820000629000e+00 -1.374485249612481086e+00
2.878396480000629865e+00 -1.375095467308889763e+00
2.867814140000630729e+00 -1.375704307675932325e+00
2.857231800000631594e+00 -1.376311753309899633e+00
2.846649460000632459e+00 -1.376917652023334160e+00
2.836067120000633324e+00 -1.377521762207887246e+00
2.825484780000634188e+00 -1.378124010594275584e+00
2.814902440000635053e+00 -1.378724327188174836e+00
2.804320100000635918e+00 -1.379322447383635408e+00
2.793737760000636783e+00 -1.379918206226118382e+00
2.783155420000637648e+00 -1.380511567873695222e+00
2.772573080000638512e+00 -1.381102208746148641e+00
2.761990740000639377e+00 -1.381690084496123516e+00
2.751408400000640242e+00 -1.382275029658548426e+00
2.740826060000641107e+00 -1.382856719899377307e+00
2.730243720000641972e+00 -1.383435077186867757e+00
2.719661380000642836e+00 -1.384010022147512453e+00
2.709079040000643701e+00 -1.384581214418569628e+00
2.698496700000644566e+00 -1.385148471456947306e+00
2.687914360000645431e+00 -1.385711729649193868e+00
2.677332020000646295e+00 -1.386270617614385081e+00
2.666749680000647160e+00 -1.386825063351135645e+00
2.656167340000648025e+00 -1.387374844270947261e+00
2.645585000000648890e+00 -1.387919685955491200e+00
2.635002660000649755e+00 -1.388459380801946086e+00
2.624420320000650619e+00 -1.388993839732415969e+00
2.613837980000651484e+00 -1.389522738637026356e+00
2.603255640000652349e+00 -1.390045844428533517e+00
2.592673300000653214e+00 -1.390563076228889861e+00
2.582090960000654078e+00 -1.391074027622754450e+00
2.571508620000654943e+00 -1.391578616866928853e+00
2.560926280000655808e+00 -1.392076620859688862e+00
2.550343940000656673e+00 -1.392567748261639871e+00
2.539761600000657538e+00 -1.393051845230261598e+00
2.529179260000658402e+00 -1.393528766195854418e+00
2.518596920000659267e+00 -1.393998246657307760e+00
2.508014580000660132e+00 -1.394460119400075193e+00
2.497432240000660997e+00 -1.394914394412207104e+00
2.486849900000661862e+00 -1.395360772538628780e+00
2.476267560000662726e+00 -1.395799358408923663e+00
2.465685220000663591e+00 -1.396230227436892513e+00
2.455102880000664456e+00 -1.396653387158292237e+00
2.444520540000665321e+00 -1.397069370637431973e+00
2.433938200000666185e+00 -1.397478963438900434e+00
2.423355860000667050e+00 -1.397883654770832429e+00
2.412773520000667915e+00 -1.398287177565658013e+00
