1.058234000000000030e+01 -1.397798444503628668e+00
1.057175766000000117e+01 -1.397834359343518740e+00
1.056117532000000203e+01 -1.397870350960103369e+00
1.055059298000000290e+01 -1.397906414636964190e+00
1.054001064000000376e+01 -1.397942549972503556e+00
1.052942830000000463e+01 -1.397978760498999717e+00
1.051884596000000549e+01 -1.398015043230936172e+00
1.050826362000000636e+01 -1.398051401715695530e+00
1.049768128000000722e+01 -1.398087831857350416e+00
1.048709894000000808e+01 -1.398124339998031207e+00
1.047651660000000895e+01 -1.398160919354438647e+00
1.046593426000000981e+01 -1.398197577172842543e+00
1.045535192000001068e+01 -1.398234309287192279e+00
1.044476958000001154e+01 -1.398271115081529459e+00
1.043418724000001241e+01 -1.398307998265484242e+00
1.042360490000001327e+01 -1.398344955586826810e+00
1.041302256000001414e+01 -1.398381990771423666e+00
1.040244022000001500e+01 -1.398419104041843219e+00
1.039185788000001587e+01 -1.398456290421999260e+00
1.038127554000001673e+01 -1.398493552752303026e+00
1.037069320000001760e+01 -1.398530895657448703e+00
1.036011086000001846e+01 -1.398568314996241346e+00
1.034952852000001933e+01 -1.398605810112869552e+00
1.033894618000002019e+01 -1.398643384790868360e+00
1.032836384000002106e+01 -1.398681035721534460e+00
1.031778150000002192e+01 -1.398718764060171704e+00
1.030719916000002279e+01 -1.398756576213060709e+00
1.029661682000002365e+01 -1.398794462696584695e+00
1.028603448000002452e+01 -1.398832429983379200e+00
1.027545214000002538e+01 -1.398870474732761826e+00
1.026486980000002625e+01 -1.398908600787320822e+00
1.025428746000002711e+01 -1.398946803948933670e+00
1.024370512000002797e+01 -1.398985090623727334e+00
1.023312278000002884e+01 -1.399023454898690844e+00
1.022254044000002970e+01 -1.399061901501783334e+00
1.021195810000003057e+01 -1.399100428873728319e+00
1.020137576000003143e+01 -1.399139035482677151e+00
1.019079342000003230e+01 -1.399177725161564911e+00
1.018021108000003316e+01 -1.399216494546053680e+00
1.016962874000003403e+01 -1.399255347556747520e+00
1.015904640000003489e+01 -1.399294279953864573e+00
1.014846406000003576e+01 -1.399333298170226891e+00
1.013788172000003662e+01 -1.399372395455489304e+00
1.012729938000003749e+01 -1.399411579088950530e+00
1.011671704000003835e+01 -1.399450844996998677e+00
1.010613470000003922e+01 -1.399490192417537804e+00
1.009555236000004008e+01 -1.399529625333586713e+00
1.008497002000004095e+01 -1.399569140285430446e+00
1.007438768000004181e+01 -1.399608741274168677e+00
1.006380534000004268e+01 -1.399648424017396087e+00
1.005322300000004354e+01 -1.399688196826949893e+00
1.004264066000004441e+01 -1.399728049263978313e+00
1.003205832000004527e+01 -1.399767990465524692e+00
1.002147598000004614e+01 -1.399808016386199450e+00
1.001089364000004700e+01 -1.399848126220446298e+00
1.000031130000004786e+01 -1.399888324033724984e+00
9.989728960000048730e+00 -1.399928606304590151e+00
9.979146620000049595e+00 -1.399968977117111990e+00
9.968564280000050459e+00 -1.400009432145210786e+00
9.957981940000051324e+00 -1.400049977878000673e+00
9.947399600000052189e+00 -1.400090607586192970e+00
9.936817260000053054e+00 -1.400131328570350941e+00
9.926234920000053918e+00 -1.400172136814163970e+00
9.915652580000054783e+00 -1.400213031467675506e+00
9.905070240000055648e+00 -1.400254016681436342e+00
9.894487900000056513e+00 -1.400295088870527227e+00
9.883905560000057378e+00 -1.400336252204797294e+00
9.873323220000058242e+00 -1.400377505041483506e+00
9.862740880000059107e+00 -1.400418845714958005e+00
9.852158540000059972e+00 -1.400460275691789880e+00
9.841576200000060837e+00 -1.400501799555724070e+00
9.830993860000061701e+00 -1.400543413320793240e+00
9.820411520000062566e+00 -1.400585116091430438e+00
9.809829180000063431e+00 -1.400626912105999100e+00
9.799246840000064296e+00 -1.400668797714607727e+00
9.788664500000065161e+00 -1.400710774430137029e+00
9.778082160000066025e+00 -1.400752848819319496e+00
9.767499820000066890e+00 -1.400795010953376662e+00
9.756917480000067755e+00 -1.400837267868494607e+00
9.746335140000068620e+00 -1.400879615877898887e+00
9.735752800000069485e+00 -1.400922059290208077e+00
9.725170460000070349e+00 -1.400964593662688218e+00
9.714588120000071214e+00 -1.401007225562673097e+00
9.704005780000072079e+00 -1.401049949035205744e+00
9.693423440000072944e+00 -1.401092771171963847e+00
9.682841100000073808e+00 -1.401135686286496096e+00
9.672258760000074673e+00 -1.401178694654925172e+00
9.661676420000075538e+00 -1.401221800657961758e+00
9.651094080000076403e+00 -1.401265000541117134e+00
9.640511740000077268e+00 -1.401308298706041455e+00
9.629929400000078132e+00 -1.401351690662301808e+00
9.619347060000078997e+00 -1.401395183009964462e+00
9.608764720000079862e+00 -1.401438769062717249e+00
9.598182380000080727e+00 -1.401482456164325985e+00
9.587600040000081592e+00 -1.401526240411512303e+00
9.577017700000082456e+00 -1.401570120787073881e+00
9.566435360000083321e+00 -1.401614101767164389e+00
9.555853020000084186e+00 -1.401658179527715209e+00
9.545270680000085051e+00 -1.401702358566439210e+00
9.534688340000085915e+00 -1.401746634344195108e+00
9.524106000000086780e+00 -1.401791013494895877e+00
9.513523660000087645e+00 -1.401835489345823138e+00
9.502941320000088510e+00 -1.401880069254331174e+00
9.492358980000089375e+00 -1.401924749351729949e+00
9.481776640000090239e+00 -1.401969528571115786e+00
9.471194300000091104e+00 -1.402014411487258583e+00
9.460611960000091969e+00 -1.402059394204680842e+00
9.450029620000092834e+00 -1.402104481320484153e+00
9.439447280000093699e+00 -1.402149668245439962e+00
9.428864940000094563e+00 -1.402194961648784766e+00
9.418282600000095428e+00 -1.402240354872030137e+00
9.407700260000096293e+00 -1.402285855286820482e+00
9.397117920000097158e+00 -1.402331459060461194e+00
9.386535580000098022e+00 -1.402377165075068932e+00
9.375953240000098887e+00 -1.402422978007402676e+00
9.365370900000099752e+00 -1.402468893888633827e+00
9.354788560000100617e+00 -1.402514917418668627e+00
9.344206220000101482e+00 -1.402561048947886579e+00
9.333623880000102346e+00 -1.402607282361908680e+00
9.323041540000103211e+00 -1.402653621689952113e+00
9.312459200000104076e+00 -1.402700071475449839e+00
9.301876860000104941e+00 -1.402746627923025624e+00
9.291294520000105805e+00 -1.402793289862562132e+00
9.280712180000106670e+00 -1.402840062076348149e+00
9.270129840000107535e+00 -1.402886940520246428e+00
9.259547500000108400e+00 -1.402933927136782000e+00
9.248965160000109265e+00 -1.402981028690086562e+00
9.238382820000110129e+00 -1.403028234734400082e+00
9.227800480000110994e+00 -1.403075552978947371e+00
9.217218140000111859e+00 -1.403122979336754561e+00
9.206635800000112724e+00 -1.403170518674758283e+00
9.196053460000113589e+00 -1.403218166269982747e+00
9.185471120000114453e+00 -1.403265928888328018e+00
9.174888780000115318e+00 -1.403313800533872779e+00
9.164306440000116183e+00 -1.403361786750696005e+00
9.153724100000117048e+00 -1.403409885672397550e+00
9.143141760000117912e+00 -1.403458095422328356e+00
9.132559420000118777e+00 -1.403506420954351519e+00
9.121977080000119642e+00 -1.403554858102949776e+00
9.111394740000120507e+00 -1.403603411847232696e+00
9.100812400000121372e+00 -1.403652077409519805e+00
9.090230060000122236e+00 -1.403700861596419047e+00
9.079647720000123101e+00 -1.403749757806460607e+00
9.069065380000123966e+00 -1.403798773468767802e+00
9.058483040000124831e+00 -1.403847904890626941e+00
9.047900700000125696e+00 -1.403897150762248858e+00
9.037318360000126560e+00 -1.403946516152769108e+00
9.026736020000127425e+00 -1.403995996815974978e+00
9.016153680000128290e+00 -1.404045597847186411e+00
9.005571340000129155e+00 -1.404095314412580509e+00
8.994989000000130019e+00 -1.404145155681435275e+00
8.984406660000130884e+00 -1.404195110435273897e+00
8.973824320000131749e+00 -1.404245188436180625e+00
8.963241980000132614e+00 -1.404295386034650317e+00
8.952659640000133479e+00 -1.404345701863707330e+00
8.942077300000134343e+00 -1.404396141112037366e+00
8.931494960000135208e+00 -1.404446699450301095e+00
8.920912620000136073e+00 -1.404497382094299640e+00
8.910330280000136938e+00 -1.404548184152719648e+00
8.899747940000137802e+00 -1.404599112518575499e+00
8.889165600000138667e+00 -1.404650160627562538e+00
8.878583260000139532e+00 -1.404701335946264562e+00
8.868000920000140397e+00 -1.404752634870095385e+00
8.857418580000141262e+00 -1.404804055973554400e+00
8.846836240000142126e+00 -1.404855604569018812e+00
8.836253900000142991e+00 -1.404907276241971870e+00
8.825671560000143856e+00 -1.404959076332972234e+00
8.815089220000144721e+00 -1.405011002872023740e+00
8.804506880000145586e+00 -1.405063053857237954e+00
8.793924540000146450e+00 -1.405115231685408306e+00
8.783342200000147315e+00 -1.405167540863075937e+00
8.772759860000148180e+00 -1.405219977832592448e+00
8.762177520000149045e+00 -1.405272541108333995e+00
8.751595180000149909e+00 -1.405325236131107491e+00
8.741012840000150774e+00 -1.405378058398703001e+00
8.730430500000151639e+00 -1.405431013381069238e+00
8.719848160000152504e+00 -1.405484099075187343e+00
8.709265820000153369e+00 -1.405537313444923386e+00
8.698683480000154233e+00 -1.405590662008122882e+00
8.688101140000155098e+00 -1.405644140212776616e+00
8.677518800000155963e+00 -1.405697753602821454e+00
8.666936460000156828e+00 -1.405751497133284511e+00
8.656354120000157693e+00 -1.405805377818673874e+00
8.645771780000158557e+00 -1.405859389626113565e+00
8.635189440000159422e+00 -1.405913541164891534e+00
8.624607100000160287e+00 -1.405967825351079004e+00
8.614024760000161152e+00 -1.406022242639806574e+00
8.603442420000162016e+00 -1.406076798681266782e+00
8.592860080000162881e+00 -1.406131488831873444e+00
8.582277740000163746e+00 -1.406186318772731925e+00
8.571695400000164611e+00 -1.406241283395880171e+00
8.561113060000165476e+00 -1.406296389767234478e+00
8.550530720000166340e+00 -1.406351631399590074e+00
8.539948380000167205e+00 -1.406407015837071173e+00
8.529366040000168070e+00 -1.406462539651653021e+00
8.518783700000168935e+00 -1.406518201196912843e+00
8.508201360000169799e+00 -1.406574006264288190e+00
8.497619020000170664e+00 -1.406629950115940719e+00
8.487036680000171529e+00 -1.406686038575384545e+00
8.476454340000172394e+00 -1.406742266470109914e+00
8.465872000000173259e+00 -1.406798640919709520e+00
8.455289660000174123e+00 -1.406855155461618878e+00
8.444707320000174988e+00 -1.406911817664675768e+00
8.434124980000175853e+00 -1.406968624155678693e+00
8.423542640000176718e+00 -1.407025573222460579e+00
8.412960300000177583e+00 -1.407082670803040170e+00
8.402377960000178447e+00 -1.407139912062760789e+00
8.391795620000179312e+00 -1.407197302973002051e+00
8.381213280000180177e+00 -1.407254838295137089e+00
8.370630940000181042e+00 -1.407312525204796438e+00
8.360048600000181906e+00 -1.407370357265504524e+00
8.349466260000182771e+00 -1.407428342072367222e+00
8.338883920000183636e+00 -1.407486476309531609e+00
8.328301580000184501e+00 -1.407544758197257551e+00
8.317719240000185366e+00 -1.407603193826097332e+00
8.307136900000186230e+00 -1.407661778261627417e+00
8.296554560000187095e+00 -1.407720514444315008e+00
8.285972220000187960e+00 -1.407779409130909043e+00
8.275389880000188825e+00 -1.407838451670582636e+00
8.264807540000189690e+00 -1.407897648270257873e+00
8.254225200000190554e+00 -1.407956982067051666e+00
8.243642860000191419e+00 -1.408016511092917700e+00
8.233060520000192284e+00 -1.408076152159111860e+00
8.222478180000193149e+00 -1.408135994273651104e+00
8.211895840000194013e+00 -1.408195957489237982e+00
8.201313500000194878e+00 -1.408256102088570660e+00
8.190731160000195743e+00 -1.408316399543467989e+00
8.180148820000196608e+00 -1.408376810111889865e+00
8.169566480000197473e+00 -1.408437462145682995e+00
8.158984140000198337e+00 -1.408498231859889538e+00
8.148401800000199202e+00 -1.408559137197666677e+00
8.137819460000200067e+00 -1.408620256459427456e+00
8.127237120000200932e+00 -1.408681455300877516e+00
8.116654780000201796e+00 -1.408742930722047371e+00
8.106072440000202661e+00 -1.408804512764378680e+00
8.095490100000203526e+00 -1.408866236810772943e+00
8.084907760000204391e+00 -1.408928150544764835e+00
8.074325420000205256e+00 -1.408990243233417372e+00
8.063743080000206120e+00 -1.409052489845392220e+00
8.053160740000206985e+00 -1.409114902799185165e+00
8.042578400000207850e+00 -1.409177443253665007e+00
8.031996060000208715e+00 -1.409240187617095019e+00
8.021413720000209580e+00 -1.409303127120837829e+00
8.010831380000210444e+00 -1.409366178879557063e+00
8.000249040000211309e+00 -1.409429430661647498e+00
7.989666700000212174e+00 -1.409492886328009842e+00
7.979084360000213039e+00 -1.409556481898412983e+00
7.968502020000213903e+00 -1.409620246321878545e+00
7.957919680000214768e+00 -1.409684186738226375e+00
7.947337340000215633e+00 -1.409748254432807713e+00
7.936755000000216498e+00 -1.409117095645232576e+00
7.926172660000217363e+00 -1.409179552957966708e+00
7.915590320000218227e+00 -1.409242177874749702e+00
7.905007980000219092e+00 -1.409304917594092377e+00
7.894425640000219957e+00 -1.409367927868765857e+00
7.883843300000220822e+00 -1.409431000350876539e+00
7.873260960000221687e+00 -1.409494294296595784e+00
7.862678620000222551e+00 -1.409557761520764174e+00
7.852096280000223416e+00 -1.409621396579311403e+00
7.841513940000224281e+00 -1.409685274155330292e+00
7.830931600000225146e+00 -1.409749255972893911e+00
7.820349260000226010e+00 -1.409813414458048086e+00
7.809766920000226875e+00 -1.409877746577800295e+00
7.799184580000227740e+00 -1.409942250227356642e+00
7.788602240000228605e+00 -1.410006932213920816e+00
7.778019900000229470e+00 -1.410071700498435998e+00
7.767437560000230334e+00 -1.410136731572727786e+00
7.756855220000231199e+00 -1.410202034022717488e+00
7.746272880000232064e+00 -1.410267323263692862e+00
7.735690540000232929e+00 -1.410332987217142175e+00
7.725108200000233794e+00 -1.410398629933858672e+00
7.714525860000234658e+00 -1.410464554769499834e+00
7.703943520000235523e+00 -1.410530772841728231e+00
7.693361180000236388e+00 -1.410597065104661318e+00
7.682778840000237253e+00 -1.410663536849375621e+00
7.672196500000238117e+00 -1.410730191781363052e+00
7.661614160000238982e+00 -1.410796901756764754e+00
7.651031820000239847e+00 -1.410864061657798985e+00
7.640449480000240712e+00 -1.410931274636502364e+00
7.629867140000241577e+00 -1.410998670873759853e+00
7.619284800000242441e+00 -1.411066257515275035e+00
7.608702460000243306e+00 -1.411133862796034144e+00
7.598120120000244171e+00 -1.411201819537617475e+00
7.587537780000245036e+00 -1.411269962265909061e+00
7.576955440000245900e+00 -1.411338488729154239e+00
7.566373100000246765e+00 -1.411407023288154372e+00
7.555790760000247630e+00 -1.411475746572711021e+00
7.545208420000248495e+00 -1.411544665884927108e+00
7.534626080000249360e+00 -1.411613775524506620e+00
7.524043740000250224e+00 -1.411682854438214729e+00
7.513461400000251089e+00 -1.411752344410466931e+00
7.502879060000251954e+00 -1.411822280703633359e+00
7.492296720000252819e+00 -1.411892172791718414e+00
7.481714380000253684e+00 -1.411961998675218544e+00
7.471132040000254548e+00 -1.412032279746633368e+00
7.460549700000255413e+00 -1.412103045747930663e+00
7.449967360000256278e+00 -1.412173737196718681e+00
7.439385020000257143e+00 -1.412244313620125480e+00
7.428802680000258007e+00 -1.412315720942659780e+00
7.418220340000258872e+00 -1.412386676764814553e+00
7.407638000000259737e+00 -1.412458164484696299e+00
7.397055660000260602e+00 -1.412530218233200907e+00
7.386473320000261467e+00 -1.412601749538735962e+00
7.375890980000262331e+00 -1.412674246873375283e+00
7.365308640000263196e+00 -1.412746568151111770e+00
7.354726300000264061e+00 -1.412819100976725473e+00
7.344143960000264926e+00 -1.412891396187374138e+00
7.333561620000265791e+00 -1.412964791177561574e+00
7.322979280000266655e+00 -1.413037471808480605e+00
7.312396940000267520e+00 -1.413111324735394803e+00
7.301814600000268385e+00 -1.413184908311207799e+00
7.291232260000269250e+00 -1.413258172393268008e+00
7.280649920000270114e+00 -1.413332724200528689e+00
7.270067580000270979e+00 -1.413406951375421050e+00
7.259485240000271844e+00 -1.413480797137503409e+00
7.248902900000272709e+00 -1.413555434885534812e+00
7.238320560000273574e+00 -1.413630293628334922e+00
7.227738220000274438e+00 -1.413705374268876103e+00
7.217155880000275303e+00 -1.413780667196066432e+00
7.206573540000276168e+00 -1.413856906458621721e+00
7.195991200000277033e+00 -1.413932672121743561e+00
7.185408860000277897e+00 -1.414008660991431299e+00
7.174826520000278762e+00 -1.414084870415248218e+00
7.164244180000279627e+00 -1.415028751627140036e+00
7.153661840000280492e+00 -1.415109017151124915e+00
7.143079500000281357e+00 -1.415188712581016972e+00
7.132497160000282221e+00 -1.415268659506605964e+00
7.121914820000283086e+00 -1.415347901753062354e+00
7.111332480000283951e+00 -1.415429269078384067e+00
7.100750140000284816e+00 -1.415508928381184806e+00
7.090167800000285681e+00 -1.415589810243200519e+00
7.079585460000286545e+00 -1.415670934572388129e+00
7.069003120000287410e+00 -1.415752308851189856e+00
7.058420780000288275e+00 -1.415835097571363610e+00
7.047838440000289140e+00 -1.415917012895867799e+00
7.037256100000290004e+00 -1.415999180004457569e+00
7.026673760000290869e+00 -1.416081596166443468e+00
7.016091420000291734e+00 -1.416164270333782671e+00
7.005509080000292599e+00 -1.416247195867295749e+00
6.994926740000293464e+00 -1.416330381781488068e+00
6.984344400000294328e+00 -1.416413822936347433e+00
6.973762060000295193e+00 -1.415576834916539184e+00
6.963179720000296058e+00 -1.415657744067351897e+00
6.952597380000296923e+00 -1.415738903028221030e+00
6.942015040000297788e+00 -1.415820309590916981e+00
6.931432700000298652e+00 -1.415901960864084597e+00
6.920850360000299517e+00 -1.415983865703937639e+00
6.910268020000300382e+00 -1.416066017518051057e+00
6.899685680000301247e+00 -1.416148425223897611e+00
6.889103340000302111e+00 -1.417176590686987314e+00
6.878521000000302976e+00 -1.417262682913549732e+00
6.867938660000303841e+00 -1.417349038834570640e+00
6.857356320000304706e+00 -1.417435668041335362e+00
6.846773980000305571e+00 -1.417522572681303217e+00
6.836191640000306435e+00 -1.417609748284349713e+00
6.825609300000307300e+00 -1.417697204388362664e+00
6.815026960000308165e+00 -1.417784934039070910e+00
6.804444620000309030e+00 -1.417872946843363957e+00
6.793862280000309894e+00 -1.417961234739116616e+00
6.783279940000310759e+00 -1.418049810635055197e+00
6.772697600000311624e+00 -1.418138666025512862e+00
6.762115260000312489e+00 -1.417243176836394003e+00
6.751532920000313354e+00 -1.417329237974483291e+00
6.740950580000314218e+00 -1.417415565239754205e+00
6.730368240000315083e+00 -1.417502168064638690e+00
6.719785900000315948e+00 -1.417589039548077912e+00
6.709203560000316813e+00 -1.417676189190057112e+00
6.698621220000317678e+00 -1.417763614191249966e+00
6.688038880000318542e+00 -1.417851311705071060e+00
6.677456540000319407e+00 -1.417939287505014079e+00
6.666874200000320272e+00 -1.418027546103717507e+00
6.656291860000321137e+00 -1.418116085668151394e+00
6.645709520000322001e+00 -1.418204903007252771e+00
6.635127180000322866e+00 -1.418294007858992734e+00
6.624544840000323731e+00 -1.418383393168275219e+00
6.613962500000324596e+00 -1.418473064870039879e+00
6.603380160000325461e+00 -1.418563031747632319e+00
6.592797820000326325e+00 -1.418653279290732705e+00
6.582215480000327190e+00 -1.418743821290943563e+00
6.571633140000328055e+00 -1.418834650599794633e+00
6.561050800000328920e+00 -1.418925777209440131e+00
6.550468460000329785e+00 -1.419017194338600740e+00
6.539886120000330649e+00 -1.419108910826386794e+00
6.529303780000331514e+00 -1.419200920673361788e+00
6.518721440000332379e+00 -1.420362316838650329e+00
6.508139100000333244e+00 -1.420458795084539538e+00
6.497556760000334108e+00 -1.420555592326796956e+00
6.486974420000334973e+00 -1.420652719355922411e+00
6.476392080000335838e+00 -1.420750168660083634e+00
6.465809740000336703e+00 -1.420847951111600338e+00
6.455227400000337568e+00 -1.420946061387960535e+00
6.444645060000338432e+00 -1.421044503913304835e+00
6.434062720000339297e+00 -1.421143276604866390e+00
6.423480380000340162e+00 -1.421242391447751663e+00
6.412898040000341027e+00 -1.421341842406032008e+00
6.402315700000341891e+00 -1.421441624731244024e+00
6.391733360000342756e+00 -1.421541755150948161e+00
6.381151020000343621e+00 -1.421642223284220963e+00
6.370568680000344486e+00 -1.421743040398363522e+00
6.359986340000345351e+00 -1.421844201139973007e+00
6.349404000000346215e+00 -1.421945709928857271e+00
6.338821660000347080e+00 -1.422047564918125895e+00
6.328239320000347945e+00 -1.422149778339607984e+00
6.317656980000348810e+00 -1.422252344149833814e+00
6.307074640000349675e+00 -1.422355260436940494e+00
6.296492300000350539e+00 -1.422458538791922411e+00
6.285909960000351404e+00 -1.422562171349370352e+00
6.275327620000352269e+00 -1.422666169792060398e+00
6.264745280000353134e+00 -1.422770528746188701e+00
6.254162940000353998e+00 -1.422875252620444897e+00
6.243580600000354863e+00 -1.422980339827076168e+00
6.232998260000355728e+00 -1.423085802867834815e+00
6.222415920000356593e+00 -1.423191635685633560e+00
6.211833580000357458e+00 -1.423297836351274936e+00
6.201251240000358322e+00 -1.423404416890222901e+00
6.190668900000359187e+00 -1.423511369254820469e+00
6.180086560000360052e+00 -1.423618705567065934e+00
6.169504220000360917e+00 -1.423726427948979190e+00
6.158921880000361782e+00 -1.423834523304334798e+00
6.148339540000362646e+00 -1.423943002803088609e+00
6.137757200000363511e+00 -1.424051876746050160e+00
6.127174860000364376e+00 -1.424161139058421455e+00
6.116592520000365241e+00 -1.424270787803587179e+00
6.106010180000366105e+00 -1.424380835466688033e+00
6.095427840000366970e+00 -1.424491273813364378e+00
6.084845500000367835e+00 -1.424602115430190219e+00
6.074263160000368700e+00 -1.424713357430187566e+00
6.063680820000369565e+00 -1.424824996692795720e+00
6.053098480000370429e+00 -1.424937046029195020e+00
6.042516140000371294e+00 -1.425049497099323492e+00
6.031933800000372159e+00 -1.425162362759423651e+00
6.021351460000373024e+00 -1.425275637953822505e+00
6.010769120000373889e+00 -1.425389326415113178e+00
6.000186780000374753e+00 -1.425503428635752412e+00
5.989604440000375618e+00 -1.425617954896561956e+00
5.979022100000376483e+00 -1.425732902102446076e+00
5.968439760000377348e+00 -1.425848267324020036e+00
5.957857420000378212e+00 -1.425964063815622573e+00
5.947275080000379077e+00 -1.426080283043645647e+00
5.936692740000379942e+00 -1.426196938371492529e+00
5.926110400000380807e+00 -1.426314024444436335e+00
5.915528060000381672e+00 -1.426431545584351257e+00
5.904945720000382536e+00 -1.426549501326680680e+00
5.894363380000383401e+00 -1.426667905333853348e+00
5.883781040000384266e+00 -1.426786751455672908e+00
5.873198700000385131e+00 -1.426906037798269189e+00
5.862616360000385995e+00 -1.427025778147576807e+00
5.852034020000386860e+00 -1.427145963771677462e+00
5.841451680000387725e+00 -1.427266608570702866e+00
5.830869340000388590e+00 -1.427387706888177510e+00
5.820287000000389455e+00 -1.427509230418011477e+00
5.809704660000390319e+00 -1.427631248748518100e+00
5.799122320000391184e+00 -1.427753733404469427e+00
5.788539980000392049e+00 -1.427876683831306392e+00
5.777957640000392914e+00 -1.428000098176082977e+00
5.767375300000393779e+00 -1.428123990777857788e+00
5.756792960000394643e+00 -1.428248352691880108e+00
5.746210620000395508e+00 -1.428373198375563202e+00
5.735628280000396373e+00 -1.428498522569783713e+00
5.725045940000397238e+00 -1.428624329477948818e+00
5.714463600000398102e+00 -1.428750619429087987e+00
5.703881260000398967e+00 -1.428877406903775071e+00
5.693298920000399832e+00 -1.429004685625875126e+00
5.682716580000400697e+00 -1.429132453809269565e+00
5.672134240000401562e+00 -1.429260745345884542e+00
5.661551900000402426e+00 -1.429389514264208572e+00
5.650969560000403291e+00 -1.429518791538175959e+00
5.640387220000404156e+00 -1.429648578321448094e+00
5.629804880000405021e+00 -1.429778869457102752e+00
5.619222540000405886e+00 -1.429909673137597093e+00
5.608640200000406750e+00 -1.430041001841114712e+00
5.598057860000407615e+00 -1.430172849209274011e+00
5.587475520000408480e+00 -1.430305213550023602e+00
5.576893180000409345e+00 -1.430438110418845499e+00
5.566310840000410209e+00 -1.430571530437767303e+00
5.555728500000411074e+00 -1.430705493199263323e+00
5.545146160000411939e+00 -1.430839984353631245e+00
5.534563820000412804e+00 -1.430975012310412353e+00
5.523981480000413669e+00 -1.431110589287307056e+00
5.513399140000414533e+00 -1.431246705779634087e+00
5.502816800000415398e+00 -1.431383377828711501e+00
5.492234460000416263e+00 -1.431520600447987679e+00
5.481652120000417128e+00 -1.431658377584700936e+00
5.471069780000417992e+00 -1.431796711892428631e+00
5.460487440000418857e+00 -1.431935622342168202e+00
5.449905100000419722e+00 -1.432075092747847833e+00
5.439322760000420587e+00 -1.432215126968592322e+00
5.428740420000421452e+00 -1.432355741589801390e+00
5.418158080000422316e+00 -1.432496926868356057e+00
5.407575740000423181e+00 -1.432638699520591974e+00
5.396993400000424046e+00 -1.432781054725335013e+00
5.386411060000424911e+00 -1.432923996266044053e+00
5.375828720000425776e+00 -1.433067526282585602e+00
5.365246380000426640e+00 -1.433211661120403102e+00
5.354664040000427505e+00 -1.433356394055105287e+00
5.344081700000428370e+00 -1.433501723778320747e+00
5.333499360000429235e+00 -1.433647667577241602e+00
5.322917020000430099e+00 -1.433794215456162258e+00
5.312334680000430964e+00 -1.433941384834853228e+00
5.301752340000431829e+00 -1.434089171095624060e+00
5.291170000000432694e+00 -1.434237577812228270e+00
5.280587660000433559e+00 -1.434386607740645303e+00
5.270005320000434423e+00 -1.434536277861666820e+00
5.259422980000435288e+00 -1.434686581226551461e+00
5.248840640000436153e+00 -1.434837516743922015e+00
5.238258300000437018e+00 -1.434989102431195818e+00
5.227675960000437883e+00 -1.435141328021021900e+00
5.217093620000438747e+00 -1.435294211662840214e+00
5.206511280000439612e+00 -1.435447748985444472e+00
5.195928940000440477e+00 -1.435601943292586613e+00
5.185346600000441342e+00 -1.435756798008478441e+00
5.174764260000442206e+00 -1.435912330803321035e+00
5.164181920000443071e+00 -1.436068534438006639e+00
5.153599580000443936e+00 -1.436225408083045885e+00
5.143017240000444801e+00 -1.436382970509952672e+00
5.132434900000445666e+00 -1.436541211154189757e+00
5.121852560000446530e+00 -1.436700148916319808e+00
5.111270220000447395e+00 -1.436859789342216587e+00
5.100687880000448260e+00 -1.437020113951658740e+00
5.090105540000449125e+00 -1.437181140926286682e+00
5.079523200000449989e+00 -1.437342886459681113e+00
5.068940860000450854e+00 -1.437505342939942254e+00
5.058358520000451719e+00 -1.437668509846613096e+00
5.047776180000452584e+00 -1.437832406721416767e+00
5.037193840000453449e+00 -1.437997022670775227e+00
5.026611500000454313e+00 -1.438162383103693376e+00
5.016029160000455178e+00 -1.438328469184449787e+00
5.005446820000456043e+00 -1.438495294267238211e+00
4.994864480000456908e+00 -1.438662873313946156e+00
4.984282140000457773e+00 -1.438831195229724802e+00
4.973699800000458637e+00 -1.439000280106547791e+00
4.963117460000459502e+00 -1.439170124423314601e+00
4.952535120000460367e+00 -1.439340730396735824e+00
4.941952780000461232e+00 -1.439512104862793462e+00
4.931370440000462096e+00 -1.439684263120060814e+00
4.920788100000462961e+00 -1.439857201146317101e+00
4.910205760000463826e+00 -1.440030917538774213e+00
4.899623420000464691e+00 -1.440205433047677674e+00
4.889041080000465556e+00 -1.440380736174624587e+00
4.878458740000466420e+00 -1.440556847774841165e+00
4.867876400000467285e+00 -1.440733764751979784e+00
4.857294060000468150e+00 -1.440911488676665853e+00
4.846711720000469015e+00 -1.441090025776427641e+00
4.836129380000469880e+00 -1.441269396620673104e+00
4.825547040000470744e+00 -1.441449592104588451e+00
4.814964700000471609e+00 -1.441630612725140592e+00
4.804382360000472474e+00 -1.441812479993264784e+00
4.793800020000473339e+00 -1.441995181939917714e+00
4.783217680000474203e+00 -1.442178740162155970e+00
4.772635340000475068e+00 -1.442363152039999985e+00
4.762053000000475933e+00 -1.442548426895660540e+00
4.751470660000476798e+00 -1.442734554753131171e+00
4.740888320000477663e+00 -1.442921565643671133e+00
4.730305980000478527e+00 -1.443109449580868286e+00
4.719723640000479392e+00 -1.443298207548210588e+00
4.709141300000480257e+00 -1.443487861780694992e+00
4.698558960000481122e+00 -1.443678399751949115e+00
4.687976620000481986e+00 -1.443869843756325988e+00
4.677394280000482851e+00 -1.444062191700643538e+00
4.666811940000483716e+00 -1.444255443302788100e+00
4.656229600000484581e+00 -1.444449606621720728e+00
4.645647260000485446e+00 -1.444644704127290291e+00
4.635064920000486310e+00 -1.444840700091293506e+00
4.624482580000487175e+00 -1.445037643155214102e+00
4.613900240000488040e+00 -1.445235533540250028e+00
4.603317900000488905e+00 -1.445434358037970268e+00
4.592735560000489770e+00 -1.445634139552599784e+00
4.582153220000490634e+00 -1.445834877919876860e+00
4.571570880000491499e+00 -1.446036567423998109e+00
4.560988540000492364e+00 -1.446239221180408929e+00
4.550406200000493229e+00 -1.446442861263456114e+00
4.539823860000494093e+00 -1.446647475156837670e+00
4.529241520000494958e+00 -1.446853064925801569e+00
4.518659180000495823e+00 -1.447059654008068241e+00
4.508076840000496688e+00 -1.447267228375027637e+00
4.497494500000497553e+00 -1.447475820312744910e+00
4.486912160000498417e+00 -1.447685403355900347e+00
4.476329820000499282e+00 -1.447895997602169693e+00
4.465747480000500147e+00 -1.448107620054895239e+00
4.455165140000501012e+00 -1.448320256155430696e+00
4.444582800000501877e+00 -1.448533929531513609e+00
4.434000460000502741e+00 -1.448748638040352921e+00
4.423418120000503606e+00 -1.448964382023763209e+00
4.412835780000504471e+00 -1.449181169962914018e+00
4.402253440000505336e+00 -1.449399030468189187e+00
4.391671100000506200e+00 -1.449617936039689470e+00
4.381088760000507065e+00 -1.449837897010312959e+00
4.370506420000507930e+00 -1.450058937380672264e+00
4.359924080000508795e+00 -1.450281041477339494e+00
4.349341740000509660e+00 -1.450504233171856283e+00
4.338759400000510524e+00 -1.450728510825388229e+00
4.328177060000511389e+00 -1.450953872889057417e+00
4.317594720000512254e+00 -1.451180327418903016e+00
4.307012380000513119e+00 -1.451407896908238460e+00
4.296430040000513984e+00 -1.451636568622098000e+00
4.285847700000514848e+00 -1.451866344451130830e+00
4.275265360000515713e+00 -1.452097248490229919e+00
4.264683020000516578e+00 -1.452329263712507146e+00
4.254100680000517443e+00 -1.452562413997182222e+00
4.243518340000518307e+00 -1.452796698208397075e+00
4.232936000000519172e+00 -1.453032112430585610e+00
4.222353660000520037e+00 -1.453268662547928525e+00
4.211771320000520902e+00 -1.453506376897872876e+00
4.201188980000521767e+00 -1.453745237687455116e+00
4.190606640000522631e+00 -1.453985247276371684e+00
4.180024300000523496e+00 -1.454226429576728874e+00
4.169441960000524361e+00 -1.454468765924822327e+00
4.158859620000525226e+00 -1.454712279913432882e+00
4.148277280000526090e+00 -1.454956970900166846e+00
4.137694940000526955e+00 -1.455202832040509264e+00
4.127112600000527820e+00 -1.455449872430876423e+00
4.116530260000528685e+00 -1.455698115683092153e+00
4.105947920000529550e+00 -1.455947543372588804e+00
4.095365580000530414e+00 -1.456198158319613523e+00
4.084783240000531279e+00 -1.456449983918258972e+00
4.074200900000532144e+00 -1.456702999552486055e+00
4.063618560000533009e+00 -1.456957228174238228e+00
4.053036220000533874e+00 -1.457212682560887096e+00
4.042453880000534738e+00 -1.457469328021663735e+00
4.031871540000535603e+00 -1.457727184090239270e+00
4.021289200000536468e+00 -1.457986276042884999e+00
4.010706860000537333e+00 -1.458246581636436279e+00
4.000124520000538197e+00 -1.458508104154814466e+00
3.989542180000539062e+00 -1.458770866080331796e+00
3.978959840000539927e+00 -1.459034844498023675e+00
3.968377500000540792e+00 -1.459300073405437548e+00
3.957795160000541657e+00 -1.459566517535112684e+00
3.947212820000542521e+00 -1.459834196435027875e+00
3.936630480000543386e+00 -1.460103125651210920e+00
3.926048140000544251e+00 -1.460373278265306274e+00
3.915465800000545116e+00 -1.460644680241752091e+00
3.904883460000545981e+00 -1.460917329915360607e+00
3.894301120000546845e+00 -1.461191209803476720e+00
3.883718780000547710e+00 -1.461466332911425470e+00
3.873136440000548575e+00 -1.461742713670501459e+00
3.862554100000549440e+00 -1.462020332245697052e+00
3.851971760000550304e+00 -1.462299189386016440e+00
3.841389420000551169e+00 -1.462579305228540960e+00
3.830807080000552034e+00 -1.462860652529268446e+00
3.820224740000552899e+00 -1.463143250580977384e+00
3.809642400000553764e+00 -1.463427100617697540e+00
3.799060060000554628e+00 -1.463712179511765799e+00
3.788477720000555493e+00 -1.463998503068168144e+00
3.777895380000556358e+00 -1.464286077362685345e+00
3.767313040000557223e+00 -1.464574885004153337e+00
3.756730700000558087e+00 -1.464864924535819179e+00
3.746148360000558952e+00 -1.465156213909184713e+00
3.735566020000559817e+00 -1.465448722602820109e+00
3.724983680000560682e+00 -1.465742467530641857e+00
3.714401340000561547e+00 -1.466037444874992879e+00
3.703819000000562411e+00 -1.466333655723367047e+00
3.693236660000563276e+00 -1.466631065308737325e+00
3.682654320000564141e+00 -1.466929717265785582e+00
3.672071980000565006e+00 -1.467229568878185120e+00
3.661489640000565871e+00 -1.467530625559950508e+00
3.650907300000566735e+00 -1.467832902482609336e+00
3.640324960000567600e+00 -1.468136365460643411e+00
3.629742620000568465e+00 -1.468441028412891702e+00
3.619160280000569330e+00 -1.468746894230581690e+00
3.608577940000570194e+00 -1.469053925345278344e+00
3.597995600000571059e+00 -1.469362131325875787e+00
3.587413260000571924e+00 -1.469671536119790956e+00
3.576830920000572789e+00 -1.469982089180612794e+00
3.566248580000573654e+00 -1.470293796828109567e+00
3.555666240000574518e+00 -1.470606670802666827e+00
3.545083900000575383e+00 -1.470920672874794333e+00
3.534501560000576248e+00 -1.471235813292106176e+00
3.523919220000577113e+00 -1.471552092795116673e+00
3.513336880000577978e+00 -1.471869474956358559e+00
3.502754540000578842e+00 -1.472187959682366820e+00
3.492172200000579707e+00 -1.472507572199603265e+00
3.481589860000580572e+00 -1.472828254533501191e+00
3.471007520000581437e+00 -1.473150013693196980e+00
3.460425180000582301e+00 -1.473472857268520064e+00
3.449842840000583166e+00 -1.473796742611435562e+00
3.439260500000584031e+00 -1.474121700990981942e+00
3.428678160000584896e+00 -1.474447657016046964e+00
3.418095820000585761e+00 -1.474774644505599808e+00
3.407513480000586625e+00 -1.475102657394785632e+00
3.396931140000587490e+00 -1.475431650418069784e+00
3.386348800000588355e+00 -1.475761626592101416e+00
3.375766460000589220e+00 -1.476092585162985804e+00
3.365184120000590084e+00 -1.476424485592640501e+00
3.354601780000590949e+00 -1.476757323610215611e+00
3.344019440000591814e+00 -1.477091117405659570e+00
3.333437100000592679e+00 -1.477425787483364283e+00
3.322854760000593544e+00 -1.477761350213963931e+00
3.312272420000594408e+00 -1.478097805096445949e+00
3.301690080000595273e+00 -1.478435101854714384e+00
3.291107740000596138e+00 -1.478773237736551671e+00
3.280525400000597003e+00 -1.479112213651972985e+00
3.269943060000597868e+00 -1.479451978516725053e+00
3.259360720000598732e+00 -1.479792524572165924e+00
3.248778380000599597e+00 -1.480133858850892770e+00
3.238196040000600462e+00 -1.480475915494108730e+00
3.227613700000601327e+00 -1.480818699501825986e+00
3.217031360000602191e+00 -1.481162203966334356e+00
3.206449020000603056e+00 -1.481506373214291239e+00
3.195866680000603921e+00 -1.481851197724675551e+00
3.185284340000604786e+00 -1.482196680632295038e+00
3.174702000000605651e+00 -1.482542757733200212e+00
3.164119660000606515e+00 -1.482889423425062692e+00
3.153537320000607380e+00 -1.483236676721866321e+00
3.142954980000608245e+00 -1.483584444434695726e+00
3.132372640000609110e+00 -1.483932732330105697e+00
3.121790300000609975e+00 -1.484281526057070311e+00
3.111207960000610839e+00 -1.484630764202916398e+00
3.100625620000611704e+00 -1.484980429420199144e+00
3.090043280000612569e+00 -1.485330526945063623e+00
3.079460940000613434e+00 -1.485680982947811257e+00
3.068878600000614298e+00 -1.486031787372436908e+00
3.058296260000615163e+00 -1.486382931751485614e+00
3.047713920000616028e+00 -1.486734338297790670e+00
3.037131580000616893e+00 -1.487086010777978196e+00
3.026549240000617758e+00 -1.487437927709860830e+00
3.015966900000618622e+00 -1.487790021808300445e+00
3.005384560000619487e+00 -1.488142266956679949e+00
2.994802220000620352e+00 -1.488494685140762552e+00
2.984219880000621217e+00 -1.488847164944325341e+00
2.973637540000622081e+00 -1.489199702349858878e+00
2.963055200000622946e+00 -1.489552289450272626e+00
2.952472860000623811e+00 -1.489904831054094991e+00
2.941890520000624676e+00 -1.490257341002439340e+00
2.931308180000625541e+00 -1.490609786269019077e+00
2.920725840000626405e+00 -1.490962094164438145e+00
2.910143500000627270e+00 -1.491314240548082370e+00
2.899561160000628135e+00 -1.491666202081177062e+00
2.888978820000629000e+00 -1.492017923115957156e+00
2.878396480000629865e+00 -1.492369389185161044e+00
2.867814140000630729e+00 -1.492720525294607636e+00
2.857231800000631594e+00 -1.493071291374477472e+00
2.846649460000632459e+00 -1.493421706862807508e+00
2.836067120000633324e+00 -1.493771644467406512e+00
2.825484780000634188e+00 -1.494121129312980356e+00
2.814902440000635053e+00 -1.494470118507668310e+00
2.804320100000635918e+00 -1.494818514479956173e+00
2.793737760000636783e+00 -1.495166336103425975e+00
2.783155420000637648e+00 -1.495513539935635405e+00
2.772573080000638512e+00 -1.495860049881554410e+00
2.761990740000639377e+00 -1.496205819731936781e+00
2.751408400000640242e+00 -1.496550878283847918e+00
2.740826060000641107e+00 -1.496895115560510581e+00
2.730243720000641972e+00 -1.497238518309188748e+00
2.719661380000642836e+00 -1.497581075128680439e+00
2.709079040000643701e+00 -1.497922673520628356e+00
2.698496700000644566e+00 -1.498263353431859013e+00
2.687914360000645431e+00 -1.498603071437814238e+00
2.677332020000646295e+00 -1.498941759273362928e+00
2.666749680000647160e+00 -1.499279373191803266e+00
2.656167340000648025e+00 -1.499615976312967280e+00
2.645585000000648890e+00 -1.499951432560408859e+00
2.635002660000649755e+00 -1.500285779155195121e+00
2.624420320000650619e+00 -1.500619015464236705e+00
2.613837980000651484e+00 -1.500951022511222366e+00
2.603255640000652349e+00 -1.501281887555056649e+00
2.592673300000653214e+00 -1.501611585450103092e+00
2.582090960000654078e+00 -1.501940077203120838e+00
2.571508620000654943e+00 -1.502267344013877626e+00
2.560926280000655808e+00 -1.502593507779903304e+00
2.550343940000656673e+00 -1.502918444330088477e+00
2.539761600000657538e+00 -1.503242237585691532e+00
2.529179260000658402e+00 -1.503564983876439332e+00
2.518596920000659267e+00 -1.503886577571858618e+00
2.508014580000660132e+00 -1.504207195020079268e+00
2.497432240000660997e+00 -1.504526876919603628e+00
2.486849900000661862e+00 -1.504845667470392057e+00
2.476267560000662726e+00 -1.505163632286601105e+00
2.465685220000663591e+00 -1.505480991425879100e+00
2.455102880000664456e+00 -1.505797797321178466e+00
2.444520540000665321e+00 -1.506114188158434342e+00
2.433938200000666185e+00 -1.506430461070502824e+00
2.423355860000667050e+00 -1.506746639445366576e+00
2.412773520000667915e+00 -1.507063116270208614e+00
2.402191180000668780e+00 -1.507380138820435755e+00
2.391608840000669645e+00 -1.507697995401860780e+00
2.381026500000670509e+00 -1.508017081053173669e+00
2.370444160000671374e+00 -1.508337777495844856e+00
2.359861820000672239e+00 -1.508660672861429575e+00
2.349279480000673104e+00 -1.508986325978908916e+00
2.338697140000673969e+00 -1.509315379554367231e+00
2.328114800000674833e+00 -1.509648587930803476e+00
2.317532460000675698e+00 -1.509987073194525298e+00
2.306950120000676563e+00 -1.510331715626090254e+00
2.296367780000677428e+00 -1.510684016625281956e+00
2.285785440000678292e+00 -1.511045600822124246e+00
2.275203100000679157e+00 -1.511418365057037860e+00
2.264620760000680022e+00 -1.511805048585664224e+00
2.254038420000680887e+00 -1.512209003451872924e+00
2.243456080000681752e+00 -1.512634873033473548e+00
2.232873740000682616e+00 -1.513089638202687048e+00
2.222291400000683481e+00 -1.513585762771234799e+00
