1.058234000000000030e+01 -8.054041456741140026e-01
1.057175766000000117e+01 -8.054728584675879821e-01
1.056117532000000203e+01 -8.055417132560439564e-01
1.055059298000000290e+01 -8.056107098623478402e-01
1.054001064000000376e+01 -8.056798328790298891e-01
1.052942830000000463e+01 -8.057491073261641157e-01
1.051884596000000549e+01 -8.058185086417856136e-01
1.050826362000000636e+01 -8.058880619461378236e-01
1.049768128000000722e+01 -8.059577480521661341e-01
1.048709894000000808e+01 -8.060275778665578761e-01
1.047651660000000895e+01 -8.060975452391819784e-01
1.046593426000000981e+01 -8.061676580538118531e-01
1.045535192000001068e+01 -8.062379167697658611e-01
1.044476958000001154e+01 -8.063083054946661443e-01
1.043418724000001241e+01 -8.063788498216618583e-01
1.042360490000001327e+01 -8.064495245321020578e-01
1.041302256000001414e+01 -8.065203553221999000e-01
1.040244022000001500e+01 -8.065913242802779104e-01
1.039185788000001587e+01 -8.066624312473177350e-01
1.038127554000001673e+01 -8.067336876759839681e-01
1.037069320000001760e+01 -8.068050934849159139e-01
1.036011086000001846e+01 -8.068766492471738383e-01
1.034952852000001933e+01 -8.069483387525561158e-01
1.033894618000002019e+01 -8.070201880753099521e-01
1.032836384000002106e+01 -8.070921715384719031e-01
1.031778150000002192e+01 -8.071643072303739119e-01
1.030719916000002279e+01 -8.072366077121339023e-01
1.029661682000002365e+01 -8.073090355262620976e-01
1.028603448000002452e+01 -8.073816255664841846e-01
1.027545214000002538e+01 -8.074543518958418042e-01
1.026486980000002625e+01 -8.075272409694759235e-01
1.025428746000002711e+01 -8.076002727860019936e-01
1.024370512000002797e+01 -8.076734585439638847e-01
1.023312278000002884e+01 -8.077467874661558023e-01
1.022254044000002970e+01 -8.078202815701099881e-01
1.021195810000003057e+01 -8.078939275424598110e-01
1.020137576000003143e+01 -8.079677133865760252e-01
1.019079342000003230e+01 -8.080416658825481102e-01
1.018021108000003316e+01 -8.081157586504957857e-01
1.016962874000003403e+01 -8.081900186514437978e-01
1.015904640000003489e+01 -8.082644255498779851e-01
1.014846406000003576e+01 -8.083389906648997814e-01
1.013788172000003662e+01 -8.084137079358878486e-01
1.012729938000003749e+01 -8.084885853366740038e-01
1.011671704000003835e+01 -8.085636237471397481e-01
1.010613470000003922e+01 -8.086388061051158482e-01
1.009555236000004008e+01 -8.087141597782460112e-01
1.008497002000004095e+01 -8.087896578602497000e-01
1.007438768000004181e+01 -8.088653278328060692e-01
1.006380534000004268e+01 -8.089411490171559693e-01
1.005322300000004354e+01 -8.090171260025477151e-01
1.004264066000004441e+01 -8.090932664497939575e-01
1.003205832000004527e+01 -8.091695715206818074e-01
1.002147598000004614e+01 -8.092460422219819316e-01
1.001089364000004700e+01 -8.093226611416660665e-01
1.000031130000004786e+01 -8.093994561799519039e-01
9.989728960000048730e+00 -8.094763999256299192e-01
9.979146620000049595e+00 -8.095535203962641591e-01
9.968564280000050459e+00 -8.096307965603418699e-01
9.957981940000051324e+00 -8.097082399895377813e-01
9.947399600000052189e+00 -8.097858446794600207e-01
9.936817260000053054e+00 -8.098636186606761322e-01
9.926234920000053918e+00 -8.099415630706959801e-01
9.915652580000054783e+00 -8.100196601380277306e-01
9.905070240000055648e+00 -8.100979383112579812e-01
9.894487900000056513e+00 -8.101763696598617281e-01
9.883905560000057378e+00 -8.102549827533697124e-01
9.873323220000058242e+00 -8.103337648729899145e-01
9.862740880000059107e+00 -8.104127016964836061e-01
9.852158540000059972e+00 -8.104918132757420457e-01
9.841576200000060837e+00 -8.105710989959958868e-01
9.830993860000061701e+00 -8.106505601298980013e-01
9.820411520000062566e+00 -8.107301785362660551e-01
9.809829180000063431e+00 -8.108099832284519914e-01
9.799246840000064296e+00 -8.108899457419856960e-01
9.788664500000065161e+00 -8.109700864190537706e-01
9.778082160000066025e+00 -8.110504186905921342e-01
9.767499820000066890e+00 -8.111309015775097775e-01
9.756917480000067755e+00 -8.112115737147159722e-01
9.746335140000068620e+00 -8.112924063344678638e-01
9.735752800000069485e+00 -8.113734288978476927e-01
9.725170460000070349e+00 -8.114546194261119672e-01
9.714588120000071214e+00 -8.115359898378439185e-01
9.704005780000072079e+00 -8.116175287958159457e-01
9.693423440000072944e+00 -8.116992532736938548e-01
9.682841100000073808e+00 -8.117811632559238655e-01
9.672258760000074673e+00 -8.118632380609257515e-01
9.661676420000075538e+00 -8.119455076147977790e-01
9.651094080000076403e+00 -8.120279425916659966e-01
9.640511740000077268e+00 -8.121105730481740226e-01
9.629929400000078132e+00 -8.121933766160082113e-01
9.619347060000078997e+00 -8.122763653575298948e-01
9.608764720000079862e+00 -8.123595333807879237e-01
9.598182380000080727e+00 -8.124428888297018370e-01
9.587600040000081592e+00 -8.125264333425078478e-01
9.577017700000082456e+00 -8.126101477848438615e-01
9.566435360000083321e+00 -8.126940626926856259e-01
9.555853020000084186e+00 -8.127781481656938256e-01
9.545270680000085051e+00 -8.128624348743519468e-01
9.534688340000085915e+00 -8.129469000497279163e-01
9.524106000000086780e+00 -8.130315559025916849e-01
9.513523660000087645e+00 -8.131163965759179435e-01
9.502941320000088510e+00 -8.132014302487301505e-01
9.492358980000089375e+00 -8.132866587108918965e-01
9.481776640000090239e+00 -8.133720624193098159e-01
9.471194300000091104e+00 -8.134576725387500096e-01
9.460611960000091969e+00 -8.135434585775297434e-01
9.450029620000092834e+00 -8.136294518391739006e-01
9.439447280000093699e+00 -8.137156291423138788e-01
9.428864940000094563e+00 -8.138020028512801263e-01
9.418282600000095428e+00 -8.138885671454659798e-01
9.407700260000096293e+00 -8.139753302406059765e-01
9.397117920000097158e+00 -8.140622940833458498e-01
9.386535580000098022e+00 -8.141494387098721086e-01
9.375953240000098887e+00 -8.142367959334980698e-01
9.365370900000099752e+00 -8.143243346536080951e-01
9.354788560000100617e+00 -8.144120868267158420e-01
9.344206220000101482e+00 -8.145000303946779985e-01
9.333623880000102346e+00 -8.145881652855259114e-01
9.323041540000103211e+00 -8.146765062455180173e-01
9.312459200000104076e+00 -8.147650520472599078e-01
9.301876860000104941e+00 -8.148538047995340650e-01
9.291294520000105805e+00 -8.149427441053681553e-01
9.280712180000106670e+00 -8.150319024472457707e-01
9.270129840000107535e+00 -8.151212480973678565e-01
9.259547500000108400e+00 -8.152108040624602703e-01
9.248965160000109265e+00 -8.153005848115176812e-01
9.238382820000110129e+00 -8.153905452368398477e-01
9.227800480000110994e+00 -8.154807283895878500e-01
9.217218140000111859e+00 -8.155711021852559695e-01
9.206635800000112724e+00 -8.156616996377298312e-01
9.196053460000113589e+00 -8.157524964555437075e-01
9.185471120000114453e+00 -8.158435054197160641e-01
9.174888780000115318e+00 -8.159347145483458741e-01
9.164306440000116183e+00 -8.160261509455698503e-01
9.153724100000117048e+00 -8.161177981969859330e-01
9.143141760000117912e+00 -8.162096414681739853e-01
9.132559420000118777e+00 -8.163017143255936192e-01
9.121977080000119642e+00 -8.163939840276638327e-01
9.111394740000120507e+00 -8.164864842961080393e-01
9.100812400000121372e+00 -8.165791903817699593e-01
9.090230060000122236e+00 -8.166721152390877814e-01
9.079647720000123101e+00 -8.167652531910777336e-01
9.069065380000123966e+00 -8.168586125983100521e-01
9.058483040000124831e+00 -8.169521960102558156e-01
9.047900700000125696e+00 -8.170459818630099180e-01
9.037318360000126560e+00 -8.171400044489297576e-01
9.026736020000127425e+00 -8.172342303491578752e-01
9.016153680000128290e+00 -8.173286940164538050e-01
9.005571340000129155e+00 -8.174233702300360838e-01
8.994989000000130019e+00 -8.175182635620698024e-01
8.984406660000130884e+00 -8.176133854838120163e-01
8.973824320000131749e+00 -8.177087358593179145e-01
8.963241980000132614e+00 -8.178043174215660072e-01
8.952659640000133479e+00 -8.179001081250999450e-01
8.942077300000134343e+00 -8.179961430122498767e-01
8.931494960000135208e+00 -8.180923879656577524e-01
8.920912620000136073e+00 -8.181888781933760457e-01
8.910330280000136938e+00 -8.182855879886260508e-01
8.899747940000137802e+00 -8.183825306712920744e-01
8.889165600000138667e+00 -8.184797006562160027e-01
8.878583260000139532e+00 -8.185771063966001959e-01
8.868000920000140397e+00 -8.186747508154620379e-01
8.857418580000141262e+00 -8.187726113710539488e-01
8.846836240000142126e+00 -8.188707238805120747e-01
8.836253900000142991e+00 -8.189690535063119947e-01
8.825671560000143856e+00 -8.190676362369581076e-01
8.815089220000144721e+00 -8.191664563016959333e-01
8.804506880000145586e+00 -8.192654959019057825e-01
8.793924540000146450e+00 -8.193647808130500865e-01
8.783342200000147315e+00 -8.194643091008898539e-01
8.772759860000148180e+00 -8.195640838855838828e-01
8.762177520000149045e+00 -8.196640821135080524e-01
8.751595180000149909e+00 -8.197643404029418823e-01
8.741012840000150774e+00 -8.198648231732460490e-01
8.730430500000151639e+00 -8.199655672198059575e-01
8.719848160000152504e+00 -8.200665564459496126e-01
8.709265820000153369e+00 -8.201677726807158342e-01
8.698683480000154233e+00 -8.202692536338337392e-01
8.688101140000155098e+00 -8.203709633015819902e-01
8.677518800000155963e+00 -8.204729389395019057e-01
8.666936460000156828e+00 -8.205751535290158882e-01
8.656354120000157693e+00 -8.206776208969718267e-01
8.645771780000158557e+00 -8.207803283157139029e-01
8.635189440000159422e+00 -8.208832969004659086e-01
8.624607100000160287e+00 -8.209865268299817442e-01
8.614024760000161152e+00 -8.210899922281739149e-01
8.603442420000162016e+00 -8.211937310143678781e-01
8.592860080000162881e+00 -8.212977064042698006e-01
8.582277740000163746e+00 -8.214019565039579751e-01
8.571695400000164611e+00 -8.215064537523880661e-01
8.561113060000165476e+00 -8.216112121882680475e-01
8.550530720000166340e+00 -8.217162264131118166e-01
8.539948380000167205e+00 -8.218215050683340683e-01
8.529366040000168070e+00 -8.219270518122420155e-01
8.518783700000168935e+00 -8.220328422082839870e-01
8.508201360000169799e+00 -8.221389150494501363e-01
8.497619020000170664e+00 -8.222452327454140564e-01
8.487036680000171529e+00 -8.223518342824539529e-01
8.476454340000172394e+00 -8.224586915397279485e-01
8.465872000000173259e+00 -8.225658187758618789e-01
8.455289660000174123e+00 -8.226732106510697973e-01
8.444707320000174988e+00 -8.227808758659259647e-01
8.434124980000175853e+00 -8.228888183037620374e-01
8.423542640000176718e+00 -8.229970129558078495e-01
8.412960300000177583e+00 -8.231054995193659574e-01
8.402377960000178447e+00 -8.232142395716940397e-01
8.391795620000179312e+00 -8.233232730102678643e-01
8.381213280000180177e+00 -8.234325711364357536e-01
8.370630940000181042e+00 -8.235421484371420187e-01
8.360048600000181906e+00 -8.236519996343917294e-01
8.349466260000182771e+00 -8.237621334910257831e-01
8.338883920000183636e+00 -8.238725541242358785e-01
8.328301580000184501e+00 -8.239832359342359469e-01
8.317719240000185366e+00 -8.240942195550516880e-01
8.307136900000186230e+00 -8.242054657037117815e-01
8.296554560000187095e+00 -8.243170152215996138e-01
8.285972220000187960e+00 -8.244288403050126224e-01
8.275389880000188825e+00 -8.245409410873895117e-01
8.264807540000189690e+00 -8.246533366255279773e-01
8.254225200000190554e+00 -8.247660253985934498e-01
8.243642860000191419e+00 -8.248790105345836787e-01
8.233060520000192284e+00 -8.249922662340202217e-01
8.222478180000193149e+00 -8.251058341014301245e-01
8.211895840000194013e+00 -8.252196739648018919e-01
8.201313500000194878e+00 -8.253338154332107157e-01
8.190731160000195743e+00 -8.254482770367845834e-01
8.180148820000196608e+00 -8.255630016819661687e-01
8.169566480000197473e+00 -8.256780444568517785e-01
8.158984140000198337e+00 -8.257933646826109975e-01
8.148401800000199202e+00 -8.259090047373234267e-01
8.137819460000200067e+00 -8.260249347959277566e-01
8.127237120000200932e+00 -8.261411686561829226e-01
8.116654780000201796e+00 -8.262576940395508496e-01
8.106072440000202661e+00 -8.263745449110330155e-01
8.095490100000203526e+00 -8.264917005626940538e-01
8.084907760000204391e+00 -8.266091422827459567e-01
8.074325420000205256e+00 -8.267269132564155631e-01
8.063743080000206120e+00 -8.268449718682471250e-01
8.053160740000206985e+00 -8.269633615307929730e-01
8.042578400000207850e+00 -8.270820459824591575e-01
8.031996060000208715e+00 -8.272010566467077330e-01
8.021413720000209580e+00 -8.273203778520863416e-01
8.010831380000210444e+00 -8.274400077388517349e-01
8.000249040000211309e+00 -8.275599675556339907e-01
7.989666700000212174e+00 -8.276802240306948555e-01
7.979084360000213039e+00 -8.278008214139316312e-01
7.968502020000213903e+00 -8.279217171208727022e-01
7.957919680000214768e+00 -8.280429556373742894e-01
7.947337340000215633e+00 -8.281644998003386826e-01
7.936755000000216498e+00 -8.282863819983664611e-01
7.926172660000217363e+00 -8.284085751361511818e-01
7.915590320000218227e+00 -8.285310990397781739e-01
7.905007980000219092e+00 -8.286539648884454490e-01
7.894425640000219957e+00 -8.287771385078145370e-01
7.883843300000220822e+00 -8.289006652526095253e-01
7.873260960000221687e+00 -8.290245015355900415e-01
7.862678620000222551e+00 -8.291486929564583219e-01
7.852096280000223416e+00 -8.292732014779347072e-01
7.841513940000224281e+00 -8.293980603145143515e-01
7.830931600000225146e+00 -8.295232531130374287e-01
7.820349260000226010e+00 -8.296487774189469366e-01
7.809766920000226875e+00 -8.297746562217820365e-01
7.799184580000227740e+00 -8.299008544629360440e-01
7.788602240000228605e+00 -8.300274186443014068e-01
7.778019900000229470e+00 -8.301543041404377821e-01
7.767437560000230334e+00 -8.302815577076274600e-01
7.756855220000231199e+00 -8.304091593187782339e-01
7.746272880000232064e+00 -8.305370863012209171e-01
7.735690540000232929e+00 -8.306653787295252833e-01
7.725108200000233794e+00 -8.307940150418764436e-01
7.714525860000234658e+00 -8.309230190000327365e-01
7.703943520000235523e+00 -8.310523546543051587e-01
7.693361180000236388e+00 -8.311820696979821399e-01
7.682778840000237253e+00 -8.313121184305426459e-01
7.672196500000238117e+00 -8.314425416452629891e-01
7.661614160000238982e+00 -8.315733403458226425e-01
7.651031820000239847e+00 -8.317044698349345122e-01
7.640449480000240712e+00 -8.318359864741233789e-01
7.629867140000241577e+00 -8.319678439488333854e-01
7.619284800000242441e+00 -8.321000909045845884e-01
7.608702460000243306e+00 -8.322326870270637666e-01
7.598120120000244171e+00 -8.323656674920542065e-01
7.587537780000245036e+00 -8.324989992409754791e-01
7.576955440000245900e+00 -8.326327156714274924e-01
7.566373100000246765e+00 -8.327668173866913381e-01
7.555790760000247630e+00 -8.329012711277690162e-01
7.545208420000248495e+00 -8.330361265357102418e-01
7.534626080000249360e+00 -8.331713361594061951e-01
7.524043740000250224e+00 -8.333069499205939534e-01
7.513461400000251089e+00 -8.334429265703251488e-01
7.502879060000251954e+00 -8.335793020671501408e-01
7.492296720000252819e+00 -8.337160593054203650e-01
7.481714380000253684e+00 -8.338531950919698676e-01
7.471132040000254548e+00 -8.339907351815071257e-01
7.460549700000255413e+00 -8.341286412404530504e-01
7.449967360000256278e+00 -8.342669642256395068e-01
7.439385020000257143e+00 -8.344056555076877491e-01
7.428802680000258007e+00 -8.345447663370552105e-01
7.418220340000258872e+00 -8.346842544968688937e-01
7.407638000000259737e+00 -8.348241567543261965e-01
7.397055660000260602e+00 -8.349644558047526477e-01
7.386473320000261467e+00 -8.351051482521469893e-01
7.375890980000262331e+00 -8.352462606718071836e-01
7.365308640000263196e+00 -8.353877537412520704e-01
7.354726300000264061e+00 -8.355296797879195880e-01
7.344143960000264926e+00 -8.356719889600492390e-01
7.333561620000265791e+00 -8.358147338903485490e-01
7.322979280000266655e+00 -8.359578713608040168e-01
7.312396940000267520e+00 -8.361014389769483302e-01
7.301814600000268385e+00 -8.362454192309447532e-01
7.291232260000269250e+00 -8.363898085222837286e-01
7.280649920000270114e+00 -8.365346342774704347e-01
7.270067580000270979e+00 -8.366798561497407194e-01
7.259485240000271844e+00 -8.368255278925230689e-01
7.248902900000272709e+00 -8.369715983879219001e-01
7.238320560000273574e+00 -8.371181217057429569e-01
7.227738220000274438e+00 -8.372650617804261453e-01
7.217155880000275303e+00 -8.374124192237670794e-01
7.206573540000276168e+00 -8.375602274475955067e-01
7.195991200000277033e+00 -8.377084611922679391e-01
7.185408860000277897e+00 -8.378571487676562679e-01
7.174826520000278762e+00 -8.380062487681698702e-01
7.164244180000279627e+00 -8.381558164318246851e-01
7.153661840000280492e+00 -8.383057993278344444e-01
7.143079500000281357e+00 -8.384562449716023158e-01
7.132497160000282221e+00 -8.386071541505683014e-01
7.121914820000283086e+00 -8.387584761985668047e-01
7.111332480000283951e+00 -8.389102762119511336e-01
7.100750140000284816e+00 -8.390625009933245781e-01
7.090167800000285681e+00 -8.392152069799768688e-01
7.079585460000286545e+00 -8.393683482267662033e-01
7.069003120000287410e+00 -8.395219646324389995e-01
7.058420780000288275e+00 -8.396760192879000329e-01
7.047838440000289140e+00 -8.398305646638424271e-01
7.037256100000290004e+00 -8.399855739003050381e-01
7.026673760000290869e+00 -8.401410227358322436e-01
7.016091420000291734e+00 -8.402969688486101596e-01
7.005509080000292599e+00 -8.404533576536026285e-01
6.994926740000293464e+00 -8.406102471819978383e-01
6.984344400000294328e+00 -8.407675903520064331e-01
6.973762060000295193e+00 -8.409254280283194882e-01
6.963179720000296058e+00 -8.410837419558664374e-01
6.952597380000296923e+00 -8.412425277702596516e-01
6.942015040000297788e+00 -8.414018162115197708e-01
6.931432700000298652e+00 -8.415615629786441509e-01
6.920850360000299517e+00 -8.417218274046193160e-01
6.910268020000300382e+00 -8.418825534533592725e-01
6.899685680000301247e+00 -8.420438008263311236e-01
6.889103340000302111e+00 -8.422055212593333451e-01
6.878521000000302976e+00 -8.423677419835814417e-01
6.867938660000303841e+00 -8.425304737604744076e-01
6.857356320000304706e+00 -8.426936974039629380e-01
6.846773980000305571e+00 -8.428574446791015085e-01
6.836191640000306435e+00 -8.430216700740394975e-01
6.825609300000307300e+00 -8.431864346493006535e-01
6.815026960000308165e+00 -8.433516808606149606e-01
6.804444620000309030e+00 -8.435174701533171282e-01
6.793862280000309894e+00 -8.436837530349311498e-01
6.783279940000310759e+00 -8.438505724299879551e-01
6.772697600000311624e+00 -8.440179096375992618e-01
6.762115260000312489e+00 -8.441857598376497629e-01
6.751532920000313354e+00 -8.443541558657181589e-01
6.740950580000314218e+00 -8.445230509514910500e-01
6.730368240000315083e+00 -8.446925079612515042e-01
6.719785900000315948e+00 -8.448624677807693439e-01
6.709203560000316813e+00 -8.450329936783990137e-01
6.698621220000317678e+00 -8.452040594814621555e-01
6.688038880000318542e+00 -8.453756354249104543e-01
6.677456540000319407e+00 -8.455477763668266533e-01
6.666874200000320272e+00 -8.457204526559215507e-01
6.656291860000321137e+00 -8.458936982466018772e-01
6.645709520000322001e+00 -8.460674650604984581e-01
6.635127180000322866e+00 -8.462418178514206080e-01
6.624544840000323731e+00 -8.464166958716589084e-01
6.613962500000324596e+00 -8.465921551076267537e-01
6.603380160000325461e+00 -8.467681962689963537e-01
6.592797820000326325e+00 -8.469447612386672430e-01
6.582215480000327190e+00 -8.471219261490000596e-01
6.571633140000328055e+00 -8.472996293160315329e-01
6.561050800000328920e+00 -8.474779370108106447e-01
6.550468460000329785e+00 -8.476567963764594094e-01
6.539886120000330649e+00 -8.478362532499352788e-01
6.529303780000331514e+00 -8.480162660744170466e-01
6.518721440000332379e+00 -8.481968798907433271e-01
6.508139100000333244e+00 -8.483780962758620259e-01
6.497556760000334108e+00 -8.485598710201260886e-01
6.486974420000334973e+00 -8.487422719884457623e-01
6.476392080000335838e+00 -8.489252357575689523e-01
6.465809740000336703e+00 -8.491088306438038247e-01
6.455227400000337568e+00 -8.492930023790189464e-01
6.444645060000338432e+00 -8.494777980348438007e-01
6.434062720000339297e+00 -8.496631980713057475e-01
6.423480380000340162e+00 -8.498491968084079806e-01
6.412898040000341027e+00 -8.500358313049787284e-01
6.402315700000341891e+00 -8.502230498944175485e-01
6.391733360000342756e+00 -8.504109225635124725e-01
6.381151020000343621e+00 -8.505993840757967162e-01
6.370568680000344486e+00 -8.507885048909866743e-01
6.359986340000345351e+00 -8.509782292716876473e-01
6.349404000000346215e+00 -8.511686055821441332e-01
6.338821660000347080e+00 -8.513596140375142562e-01
6.328239320000347945e+00 -8.515512487054142099e-01
6.317656980000348810e+00 -8.517435479628941986e-01
6.307074640000349675e+00 -8.519364586359010616e-01
6.296492300000350539e+00 -8.521300529344891794e-01
6.285909960000351404e+00 -8.523242637321759574e-01
6.275327620000352269e+00 -8.525191637350512108e-01
6.264745280000353134e+00 -8.527146956756788132e-01
6.254162940000353998e+00 -8.529109092755211563e-01
6.243580600000354863e+00 -8.531077844988751435e-01
6.232998260000355728e+00 -8.533053151562943750e-01
6.222415920000356593e+00 -8.535035410083456897e-01
6.211833580000357458e+00 -8.537024073101117105e-01
6.201251240000358322e+00 -8.539019886040051244e-01
6.190668900000359187e+00 -8.541022157913142898e-01
6.180086560000360052e+00 -8.543031639363678487e-01
6.169504220000360917e+00 -8.545047845448412449e-01
6.158921880000361782e+00 -8.547070793926344612e-01
6.148339540000362646e+00 -8.549100957590273220e-01
6.137757200000363511e+00 -8.551137986249791600e-01
6.127174860000364376e+00 -8.553182292024452682e-01
6.116592520000365241e+00 -8.555233311089722736e-01
6.106010180000366105e+00 -8.557291813358002264e-01
6.095427840000366970e+00 -8.559357087248764540e-01
6.084845500000367835e+00 -8.561429908169257974e-01
6.074263160000368700e+00 -8.563509964783773132e-01
6.063680820000369565e+00 -8.565596901690900600e-01
6.053098480000370429e+00 -8.567691516001317842e-01
6.042516140000371294e+00 -8.569793084313970244e-01
6.031933800000372159e+00 -8.571902396289323711e-01
6.021351460000373024e+00 -8.574018837129487869e-01
6.010769120000373889e+00 -8.576142941911418793e-01
6.000186780000374753e+00 -8.578274238097900461e-01
5.989604440000375618e+00 -8.580413453741377872e-01
5.979022100000376483e+00 -8.582560228358233623e-01
5.968439760000377348e+00 -8.584714236773757223e-01
5.957857420000378212e+00 -8.586876289497887837e-01
5.947275080000379077e+00 -8.589045641101182849e-01
5.936692740000379942e+00 -8.591223107975756168e-01
5.926110400000380807e+00 -8.593408057556989332e-01
5.915528060000381672e+00 -8.595601041083655858e-01
5.904945720000382536e+00 -8.597801848976983630e-01
5.894363380000383401e+00 -8.600010409856118088e-01
5.883781040000384266e+00 -8.602227176400231157e-01
5.873198700000385131e+00 -8.604451539662275605e-01
5.862616360000385995e+00 -8.606684337944464636e-01
5.852034020000386860e+00 -8.608924802777688789e-01
5.841451680000387725e+00 -8.611173778714774629e-01
5.830869340000388590e+00 -8.613430614584445255e-01
5.820287000000389455e+00 -8.615695878667597452e-01
5.809704660000390319e+00 -8.617969153493882928e-01
5.799122320000391184e+00 -8.620250774604929500e-01
5.788539980000392049e+00 -8.622541007626159937e-01
5.777957640000392914e+00 -8.624839224494248446e-01
5.767375300000393779e+00 -8.627146292760494717e-01
5.756792960000394643e+00 -8.629461419915473996e-01
5.746210620000395508e+00 -8.631785480043492331e-01
5.735628280000396373e+00 -8.634117802663943131e-01
5.725045940000397238e+00 -8.636458973942362505e-01
5.714463600000398102e+00 -8.638808778952051792e-01
5.703881260000398967e+00 -8.641167140672646463e-01
5.693298920000399832e+00 -8.643534547559105219e-01
5.682716580000400697e+00 -8.645910351566497010e-01
5.672134240000401562e+00 -8.648295651869060130e-01
5.661551900000402426e+00 -8.650689241011961794e-01
5.650969560000403291e+00 -8.653092419339625252e-01
5.640387220000404156e+00 -8.655504434094563049e-01
5.629804880000405021e+00 -8.657925073892009937e-01
5.619222540000405886e+00 -8.660355131732285772e-01
5.608640200000406750e+00 -8.662794190894194113e-01
5.598057860000407615e+00 -8.665242759351888813e-01
5.587475520000408480e+00 -8.667700168152332463e-01
5.576893180000409345e+00 -8.670167348366472071e-01
5.566310840000410209e+00 -8.672643455835175041e-01
5.555728500000411074e+00 -8.675129535296431937e-01
5.545146160000411939e+00 -8.677624903126953670e-01
5.534563820000412804e+00 -8.680129460843009070e-01
5.523981480000413669e+00 -8.682644067654109454e-01
5.513399140000414533e+00 -8.685167864060955312e-01
5.502816800000415398e+00 -8.687701807493146688e-01
5.492234460000416263e+00 -8.690245173729511663e-01
5.481652120000417128e+00 -8.692798599637139301e-01
5.471069780000417992e+00 -8.695361541754826895e-01
5.460487440000418857e+00 -8.697934647660663376e-01
5.449905100000419722e+00 -8.700517957114816125e-01
5.439322760000420587e+00 -8.703110856728702993e-01
5.428740420000421452e+00 -8.705714331814121687e-01
5.418158080000422316e+00 -8.708327494432265281e-01
5.407575740000423181e+00 -8.710951337834813568e-01
5.396993400000424046e+00 -8.713585114864221826e-01
5.386411060000424911e+00 -8.716229484301846187e-01
5.375828720000425776e+00 -8.718884221202574114e-01
5.365246380000426640e+00 -8.721549238205507093e-01
5.354664040000427505e+00 -8.724225097909251714e-01
5.344081700000428370e+00 -8.726911073348088133e-01
5.333499360000429235e+00 -8.729608187219701776e-01
5.322917020000430099e+00 -8.732315521638437383e-01
5.312334680000430964e+00 -8.735034107690389238e-01
5.301752340000431829e+00 -8.737763174185965154e-01
5.291170000000432694e+00 -8.740503403024325602e-01
5.280587660000433559e+00 -8.743254566297347097e-01
5.270005320000434423e+00 -8.746016573535774219e-01
5.259422980000435288e+00 -8.748790010977850473e-01
5.248840640000436153e+00 -8.751574126844517965e-01
5.238258300000437018e+00 -8.754369983335621441e-01
5.227675960000437883e+00 -8.757176631043308568e-01
5.217093620000438747e+00 -8.759995141032164145e-01
5.206511280000439612e+00 -8.762824716813272241e-01
5.195928940000440477e+00 -8.765666064753473430e-01
5.185346600000441342e+00 -8.768518953865828136e-01
5.174764260000442206e+00 -8.771383290442168468e-01
5.164181920000443071e+00 -8.774259685739755898e-01
5.153599580000443936e+00 -8.777147361826754812e-01
5.143017240000444801e+00 -8.780047422648655786e-01
5.132434900000445666e+00 -8.782958885556948481e-01
5.121852560000446530e+00 -8.785882863866913972e-01
5.111270220000447395e+00 -8.788818673918432633e-01
5.100687880000448260e+00 -8.791766363119500882e-01
5.090105540000449125e+00 -8.794726647266984942e-01
5.079523200000449989e+00 -8.797699024523208955e-01
5.068940860000450854e+00 -8.800684132621344746e-01
5.058358520000451719e+00 -8.803681165992510715e-01
5.047776180000452584e+00 -8.806691272695928996e-01
5.037193840000453449e+00 -8.809713434954042910e-01
5.026611500000454313e+00 -8.812748946318632592e-01
5.016029160000455178e+00 -8.815796967838067655e-01
5.005446820000456043e+00 -8.818857408175011514e-01
4.994864480000456908e+00 -8.821931324493121895e-01
4.984282140000457773e+00 -8.825017678606642546e-01
4.973699800000458637e+00 -8.828117654353561106e-01
4.963117460000459502e+00 -8.831230383870336542e-01
4.952535120000460367e+00 -8.834356642695861961e-01
4.941952780000461232e+00 -8.837495794943533989e-01
4.931370440000462096e+00 -8.840648925873915154e-01
4.920788100000462961e+00 -8.843815529161442868e-01
4.910205760000463826e+00 -8.846995148961301902e-01
4.899623420000464691e+00 -8.850189006925357482e-01
4.889041080000465556e+00 -8.853396026372409855e-01
4.878458740000466420e+00 -8.856617439720898544e-01
4.867876400000467285e+00 -8.859852348040402337e-01
4.857294060000468150e+00 -8.863101556690859972e-01
4.846711720000469015e+00 -8.866364821797148021e-01
4.836129380000469880e+00 -8.869642035985091377e-01
4.825547040000470744e+00 -8.872933911671038176e-01
4.814964700000471609e+00 -8.876239564570969076e-01
4.804382360000472474e+00 -8.879560266972941207e-01
4.793800020000473339e+00 -8.882894901182205594e-01
4.783217680000474203e+00 -8.886244750829644934e-01
4.772635340000475068e+00 -8.889608883760300451e-01
4.762053000000475933e+00 -8.892987831155989564e-01
4.751470660000476798e+00 -8.896381954249360513e-01
4.740888320000477663e+00 -8.899790836435190755e-01
4.730305980000478527e+00 -8.903215222169327259e-01
4.719723640000479392e+00 -8.906654192476036735e-01
4.709141300000480257e+00 -8.910109072936289731e-01
4.698558960000481122e+00 -8.913578701970624740e-01
4.687976620000481986e+00 -8.917064417077968930e-01
4.677394280000482851e+00 -8.920565250369358878e-01
4.666811940000483716e+00 -8.924082071572582153e-01
4.656229600000484581e+00 -8.927614626549302823e-01
4.645647260000485446e+00 -8.931162796990773645e-01
4.635064920000486310e+00 -8.934727360921803641e-01
4.624482580000487175e+00 -8.938307361926423056e-01
4.613900240000488040e+00 -8.941904181512055905e-01
4.603317900000488905e+00 -8.945516610896783183e-01
4.592735560000489770e+00 -8.949146044068122530e-01
4.582153220000490634e+00 -8.952791972082816407e-01
4.571570880000491499e+00 -8.956453806149842212e-01
4.560988540000492364e+00 -8.960132778271910903e-01
4.550406200000493229e+00 -8.963828265263311668e-01
4.539823860000494093e+00 -8.967541080128926811e-01
4.529241520000494958e+00 -8.971270225731229342e-01
4.518659180000495823e+00 -8.975017142035930373e-01
4.508076840000496688e+00 -8.978780569178892446e-01
4.497494500000497553e+00 -8.982562134854082947e-01
4.486912160000498417e+00 -8.986360784082811914e-01
4.476329820000499282e+00 -8.990176426765726925e-01
4.465747480000500147e+00 -8.994010385362315452e-01
4.455165140000501012e+00 -8.997861369697905953e-01
4.444582800000501877e+00 -9.001730866493179439e-01
4.434000460000502741e+00 -9.005618002994452143e-01
4.423418120000503606e+00 -9.009523135246791936e-01
4.412835780000504471e+00 -9.013446092392284337e-01
4.402253440000505336e+00 -9.017387673777744750e-01
4.391671100000506200e+00 -9.021347963931783953e-01
4.381088760000507065e+00 -9.025326037775244226e-01
4.370506420000507930e+00 -9.029323430647362425e-01
4.359924080000508795e+00 -9.033338793774959852e-01
4.349341740000509660e+00 -9.037373676154132340e-01
4.338759400000510524e+00 -9.041427164968023344e-01
4.328177060000511389e+00 -9.045499625477134709e-01
4.317594720000512254e+00 -9.049591189052194062e-01
4.307012380000513119e+00 -9.053702129387656283e-01
4.296430040000513984e+00 -9.057832715103640853e-01
4.285847700000514848e+00 -9.061982037767523090e-01
4.275265360000515713e+00 -9.066151696204248767e-01
4.264683020000516578e+00 -9.070340276950509262e-01
4.254100680000517443e+00 -9.074549392741876330e-01
4.243518340000518307e+00 -9.078778085482742677e-01
4.232936000000519172e+00 -9.083026727766101427e-01
4.222353660000520037e+00 -9.087295454248142113e-01
4.211771320000520902e+00 -9.091584541612958148e-01
4.201188980000521767e+00 -9.095894265324138139e-01
4.190606640000522631e+00 -9.100223667855911192e-01
4.180024300000523496e+00 -9.104574412361891023e-01
4.169441960000524361e+00 -9.108945013313780592e-01
4.158859620000525226e+00 -9.113337147818230122e-01
4.148277280000526090e+00 -9.117749805969460608e-01
4.137694940000526955e+00 -9.122183364760250157e-01
4.127112600000527820e+00 -9.126637958409730134e-01
4.116530260000528685e+00 -9.131113862693751582e-01
4.105947920000529550e+00 -9.135611356587788334e-01
4.095365580000530414e+00 -9.140129426043136496e-01
4.084783240000531279e+00 -9.144669798299245311e-01
4.074200900000532144e+00 -9.149230906763387017e-01
4.063618560000533009e+00 -9.153814492379832579e-01
4.053036220000533874e+00 -9.158419449107246813e-01
4.042453880000534738e+00 -9.163045833807559326e-01
4.031871540000535603e+00 -9.167694521084048809e-01
4.021289200000536468e+00 -9.172365390428770526e-01
4.010706860000537333e+00 -9.177058719451187674e-01
4.000124520000538197e+00 -9.181773428250056268e-01
3.989542180000539062e+00 -9.186511306397174836e-01
3.978959840000539927e+00 -9.191270695220919995e-01
3.968377500000540792e+00 -9.196053876556350426e-01
3.957795160000541657e+00 -9.200858677510026506e-01
3.947212820000542521e+00 -9.205685691773848323e-01
3.936630480000543386e+00 -9.210536292367325073e-01
3.926048140000544251e+00 -9.215408762450266744e-01
3.915465800000545116e+00 -9.220304939793513288e-01
3.904883460000545981e+00 -9.225223638483031063e-01
3.894301120000546845e+00 -9.230165222604737041e-01
3.883718780000547710e+00 -9.235129411973727054e-01
3.873136440000548575e+00 -9.240117602507558203e-01
3.862554100000549440e+00 -9.245128902509360813e-01
3.851971760000550304e+00 -9.250162489569987434e-01
3.841389420000551169e+00 -9.255220241784657409e-01
3.830807080000552034e+00 -9.260300329371414785e-01
3.820224740000552899e+00 -9.265404641387154916e-01
3.809642400000553764e+00 -9.270531901395524521e-01
3.799060060000554628e+00 -9.275682452949354229e-01
3.788477720000555493e+00 -9.280856411966279529e-01
3.777895380000556358e+00 -9.286053865112150474e-01
3.767313040000557223e+00 -9.291275174402305881e-01
3.756730700000558087e+00 -9.296518989751473283e-01
3.746148360000558952e+00 -9.301787236432892403e-01
3.735566020000559817e+00 -9.307077951971061136e-01
3.724983680000560682e+00 -9.312393070317777077e-01
3.714401340000561547e+00 -9.317731065749534913e-01
3.703819000000562411e+00 -9.323092154293552980e-01
3.693236660000563276e+00 -9.328476967517863594e-01
3.682654320000564141e+00 -9.333885300859291467e-01
3.672071980000565006e+00 -9.339317352327972666e-01
3.661489640000565871e+00 -9.344771691540589842e-01
3.650907300000566735e+00 -9.350250278955515304e-01
3.640324960000567600e+00 -9.355750997116983880e-01
3.629742620000568465e+00 -9.361275811926006440e-01
3.619160280000569330e+00 -9.366823169278022387e-01
3.608577940000570194e+00 -9.372393434738488516e-01
3.597995600000571059e+00 -9.377986501283885890e-01
3.587413260000571924e+00 -9.383602395549448527e-01
3.576830920000572789e+00 -9.389241364686160551e-01
3.566248580000573654e+00 -9.394901795848213943e-01
3.555666240000574518e+00 -9.400585668012318985e-01
3.545083900000575383e+00 -9.406290681983405788e-01
3.534501560000576248e+00 -9.412018817799534531e-01
3.523919220000577113e+00 -9.417768897498441927e-01
3.513336880000577978e+00 -9.423539607329369794e-01
3.502754540000578842e+00 -9.429332356236562740e-01
3.492172200000579707e+00 -9.435146545604944368e-01
3.481589860000580572e+00 -9.440982338598805645e-01
3.471007520000581437e+00 -9.446837946377999451e-01
3.460425180000582301e+00 -9.452715344173654444e-01
3.449842840000583166e+00 -9.458612019278664906e-01
3.439260500000584031e+00 -9.464530720474221281e-01
3.428678160000584896e+00 -9.470467767726415964e-01
3.418095820000585761e+00 -9.476424008258357290e-01
3.407513480000586625e+00 -9.482400659492847828e-01
3.396931140000587490e+00 -9.488395074377191651e-01
3.386348800000588355e+00 -9.494409205556675335e-01
3.375766460000589220e+00 -9.500441008419525657e-01
3.365184120000590084e+00 -9.506490654942119090e-01
3.354601780000590949e+00 -9.512557152365476165e-01
3.344019440000591814e+00 -9.518641234373427240e-01
3.333437100000592679e+00 -9.524742524959958212e-01
3.322854760000593544e+00 -9.530858793349916702e-01
3.312272420000594408e+00 -9.536991948940826136e-01
3.301690080000595273e+00 -9.543139070756461173e-01
3.291107740000596138e+00 -9.549302051408595782e-01
3.280525400000597003e+00 -9.555478590544264073e-01
3.269943060000597868e+00 -9.561668708406269035e-01
3.259360720000598732e+00 -9.567871790413681188e-01
3.248778380000599597e+00 -9.574087338751605669e-01
3.238196040000600462e+00 -9.580315217681912854e-01
3.227613700000601327e+00 -9.586552990058151424e-01
3.217031360000602191e+00 -9.592802472475302489e-01
3.206449020000603056e+00 -9.599060423651151197e-01
3.195866680000603921e+00 -9.605328633567361551e-01
3.185284340000604786e+00 -9.611604496650929530e-01
3.174702000000605651e+00 -9.617887826426689823e-01
3.164119660000606515e+00 -9.624177815270322789e-01
3.153537320000607380e+00 -9.630473664142151780e-01
3.142954980000608245e+00 -9.636775076216488323e-01
3.132372640000609110e+00 -9.643079262768941007e-01
3.121790300000609975e+00 -9.649387897183601126e-01
3.111207960000610839e+00 -9.655697365200475168e-01
3.100625620000611704e+00 -9.662009300759730746e-01
3.090043280000612569e+00 -9.668320744996865557e-01
3.079460940000613434e+00 -9.674631257857240207e-01
3.068878600000614298e+00 -9.680939743623802052e-01
3.058296260000615163e+00 -9.687245078824751054e-01
3.047713920000616028e+00 -9.693546726006104786e-01
3.037131580000616893e+00 -9.699841503853849911e-01
3.026549240000617758e+00 -9.706130874709693046e-01
3.015966900000618622e+00 -9.712410791780975439e-01
3.005384560000619487e+00 -9.718682669114832029e-01
2.994802220000620352e+00 -9.724942989806729665e-01
2.984219880000621217e+00 -9.731190561161257024e-01
2.973637540000622081e+00 -9.737425205569316677e-01
2.963055200000622946e+00 -9.743644734530894080e-01
2.952472860000623811e+00 -9.749848275751047399e-01
2.941890520000624676e+00 -9.756032179640711233e-01
2.931308180000625541e+00 -9.762197631548699128e-01
2.920725840000626405e+00 -9.768340084410085389e-01
2.910143500000627270e+00 -9.774459959385691787e-01
2.899561160000628135e+00 -9.780556184637537731e-01
2.888978820000629000e+00 -9.786623356718783251e-01
2.878396480000629865e+00 -9.792663194779073210e-01
2.867814140000630729e+00 -9.798670841816973232e-01
2.857231800000631594e+00 -9.804647205675726118e-01
2.846649460000632459e+00 -9.810588095800529818e-01
2.836067120000633324e+00 -9.816492107151666424e-01
2.825484780000634188e+00 -9.822356334752903040e-01
2.814902440000635053e+00 -9.828180785297556676e-01
2.804320100000635918e+00 -9.833961662462625819e-01
2.793737760000636783e+00 -9.839695170474662689e-01
2.783155420000637648e+00 -9.845381869814399112e-01
2.772573080000638512e+00 -9.851016272179297095e-01
2.761990740000639377e+00 -9.856598826452187545e-01
2.751408400000640242e+00 -9.862124718310359972e-01
2.740826060000641107e+00 -9.867591949117190397e-01
2.730243720000641972e+00 -9.872997794719593490e-01
2.719661380000642836e+00 -9.878339450813222733e-01
2.709079040000643701e+00 -9.883614718011433098e-01
2.698496700000644566e+00 -9.888818371959603448e-01
2.687914360000645431e+00 -9.893950403150035822e-01
2.677332020000646295e+00 -9.899004589053532754e-01
2.666749680000647160e+00 -9.903980772991824999e-01
2.656167340000648025e+00 -9.908873388435143204e-01
2.645585000000648890e+00 -9.913679737403549019e-01
2.635002660000649755e+00 -9.918395233185983706e-01
2.624420320000650619e+00 -9.923018598875660290e-01
2.613837980000651484e+00 -9.927545751751076786e-01
2.603255640000652349e+00 -9.931970636427680521e-01
2.592673300000653214e+00 -9.936292496923300188e-01
2.582090960000654078e+00 -9.940504239319339908e-01
2.571508620000654943e+00 -9.944604914372929816e-01
2.560926280000655808e+00 -9.948588035947334429e-01
2.550343940000656673e+00 -9.952450066530558193e-01
2.539761600000657538e+00 -9.956186630134045146e-01
2.529179260000658402e+00 -9.959793225142667961e-01
2.518596920000659267e+00 -9.963265985564815352e-01
2.508014580000660132e+00 -9.966597832986840988e-01
2.497432240000660997e+00 -9.969787029674938017e-01
2.486849900000661862e+00 -9.972825431263232510e-01
2.476267560000662726e+00 -9.975711045058188731e-01
2.465685220000663591e+00 -9.978437049877240117e-01
2.455102880000664456e+00 -9.980996465167784049e-01
2.444520540000665321e+00 -9.983386109987478774e-01
2.433938200000666185e+00 -9.985599484043511387e-01
2.423355860000667050e+00 -9.987631549880768844e-01
2.412773520000667915e+00 -9.989473966370414626e-01
2.402191180000668780e+00 -9.991123699038741979e-01
2.391608840000669645e+00 -9.992571313787999010e-01
2.381026500000670509e+00 -9.993814201407416054e-01
2.370444160000671374e+00 -9.994841855823792809e-01
2.359861820000672239e+00 -9.995648189628585367e-01
2.349279480000673104e+00 -9.996228509401148266e-01
2.338697140000673969e+00 -9.996572532339179640e-01
2.328114800000674833e+00 -9.996675934737817570e-01
2.317532460000675698e+00 -9.996528790609104931e-01
2.306950120000676563e+00 -9.996124121126770401e-01
2.296367780000677428e+00 -9.995453109110621348e-01
2.285785440000678292e+00 -9.994508175381242587e-01
2.275203100000679157e+00 -9.993282596953215746e-01
2.264620760000680022e+00 -9.991764576025019551e-01
2.254038420000680887e+00 -9.989948175149969689e-01
2.243456080000681752e+00 -9.987821280140536384e-01
2.232873740000682616e+00 -9.985377429801562954e-01
2.222291400000683481e+00 -9.982604692987613326e-01
2.211709060000684346e+00 -9.979493960484125958e-01
2.201126720000685211e+00 -9.976034973914666981e-01
2.190544380000686076e+00 -9.972217168931307718e-01
2.179962040000686940e+00 -9.968030583064966255e-01
2.169379700000687805e+00 -9.963461958915595940e-01
2.158797360000688670e+00 -9.958502698004636500e-01
2.148215020000689535e+00 -9.953138357712960627e-01
2.137632680000690399e+00 -9.947359648972903257e-01
2.127050340000691264e+00 -9.941152067823808558e-01
2.116468000000692129e+00 -9.934503720383169867e-01
2.105885660000692994e+00 -9.927401465105122336e-01
2.095303320000693859e+00 -9.919831763833466542e-01
2.084720980000694723e+00 -9.911781596351812995e-01
2.074138640000695588e+00 -9.903234762124477619e-01
2.063556300000696453e+00 -9.894179141172243508e-01
2.052973960000697318e+00 -9.884597305369653419e-01
2.042391620000698182e+00 -9.874476216243572857e-01
2.031809280000699047e+00 -9.863798071292515512e-01
2.021226940000699912e+00 -9.852547301460181650e-01
2.010644600000700777e+00 -9.840707010485708617e-01
2.000062260000701642e+00 -9.828259786766768702e-01
1.989479920000702506e+00 -9.815188576889811722e-01
1.978897580000703371e+00 -9.801473376349262301e-01
1.968315240000704236e+00 -9.787097402878939256e-01
1.957732900000705101e+00 -9.772039366881573041e-01
1.947150560000705966e+00 -9.756281267473355667e-01
1.936568220000706830e+00 -9.739799038442253920e-01
1.925985880000707695e+00 -9.722575704103493255e-01
1.915403540000708560e+00 -9.704588465512091755e-01
1.904821200000709425e+00 -9.685814297073815915e-01
1.894238860000710289e+00 -9.666230867610189348e-01
1.883656520000711154e+00 -9.645813185377107857e-01
1.873074180000712019e+00 -9.624538272182839860e-01
1.862491840000712884e+00 -9.602379786166075348e-01
1.851909500000713749e+00 -9.579313280867371994e-01
1.841327160000714613e+00 -9.555310834041566004e-01
1.830744820000715478e+00 -9.530345212405524347e-01
1.820162480000716343e+00 -9.504388859578477566e-01
1.809580140000717208e+00 -9.477411947529877922e-01
1.798997800000718073e+00 -9.449385274239233690e-01
1.788415460000718937e+00 -9.420277164599516473e-01
1.777833120000719802e+00 -9.390056404498486886e-01
1.767250780000720667e+00 -9.358689872234544627e-01
1.756668440000721532e+00 -9.326143962645934149e-01
1.746086100000722396e+00 -9.292383903221728136e-01
1.735503760000723261e+00 -9.257373649924413028e-01
1.724921420000724126e+00 -9.221076104777264915e-01
1.714339080000724991e+00 -9.183453510043019241e-01
1.703756740000725856e+00 -9.144466159661573945e-01
1.693174400000726720e+00 -9.104073445492593120e-01
1.682592060000727585e+00 -9.062233970116989612e-01
1.672009720000728450e+00 -9.018904281229367381e-01
1.661427380000729315e+00 -8.974039492180578836e-01
1.650845040000730179e+00 -8.927593911499600576e-01
1.640262700000731044e+00 -8.879520756303734830e-01
1.629680360000731909e+00 -8.829769513432327299e-01
1.619098020000732774e+00 -8.778291553442182371e-01
1.608515680000733639e+00 -8.725032764999598456e-01
1.597933340000734503e+00 -8.669940268586135979e-01
1.587351000000735368e+00 -8.612958590038248818e-01
1.576768660000736233e+00 -8.554025772818196760e-01
1.566186320000737098e+00 -8.493090040818601638e-01
1.555603980000737963e+00 -8.430085923907715273e-01
1.545021640000738827e+00 -8.364951850537651890e-01
1.534439300000739692e+00 -8.297618818354993708e-01
1.523856960000740557e+00 -8.228022934932839316e-01
1.513274620000741422e+00 -8.156090041246590872e-01
1.502692280000742286e+00 -8.081750063934609596e-01
1.492109940000743151e+00 -8.004927770609695514e-01
1.481527600000744016e+00 -7.925545126734596657e-01
1.470945260000744881e+00 -7.843521206110027899e-01
1.460362920000745746e+00 -7.758772368051458646e-01
1.449780580000746610e+00 -7.671216315632373162e-01
1.439198240000747475e+00 -7.580757779639651917e-01
1.428615900000748340e+00 -7.487311323763126136e-01
1.418033560000749205e+00 -7.390774569420343054e-01
1.407451220000750070e+00 -7.291051282481290086e-01
1.396868880000750934e+00 -7.188043618808237500e-01
1.386286540000751799e+00 -7.081639559149193186e-01
1.375704200000752664e+00 -6.971730150705067741e-01
1.365121860000753529e+00 -6.858200304097294975e-01
1.354539520000754393e+00 -6.740938102313178693e-01
1.343957180000755258e+00 -6.619811326961084763e-01
1.333374840000756123e+00 -6.494703698451202989e-01
1.322792500000756988e+00 -6.365475808062321939e-01
1.312210160000757853e+00 -6.231987072038065456e-01
1.301627820000758717e+00 -6.094111610130510392e-01
1.291045480000759582e+00 -5.951687068658502167e-01
1.280463140000760447e+00 -5.804574670904449896e-01
1.269880800000761312e+00 -5.652603251422880781e-01
1.259298460000762176e+00 -5.495618207869603644e-01
1.248716120000763041e+00 -5.333448079511425854e-01
1.238133780000763906e+00 -5.165919566549630471e-01
1.227551440000764771e+00 -4.992829902364109840e-01
1.216969100000765636e+00 -4.814013262753823463e-01
1.206386760000766500e+00 -4.629273210992110865e-01
1.195804420000767365e+00 -4.438386898361900701e-01
1.185222080000768230e+00 -4.241161030948970012e-01
1.174639740000769095e+00 -4.037354583053103241e-01
1.164057400000769960e+00 -3.826750148031202170e-01
1.153475060000770824e+00 -3.609104260374356721e-01
1.142892720000771689e+00 -3.384163367504051112e-01
1.132310380000772554e+00 -3.151660170891038559e-01
1.121728040000773419e+00 -2.911308539343446800e-01
1.111145700000774283e+00 -2.662819328120218376e-01
1.100563360000775148e+00 -2.405821579544036859e-01
1.089981020000776013e+00 -2.139913345133392930e-01
