1.058234000000000030e+01 -1.214026675215335693e+00
1.057175766000000117e+01 -1.214087697480289663e+00
1.056117532000000203e+01 -1.214148846872072918e+00
1.055059298000000290e+01 -1.214210121412057308e+00
1.054001064000000376e+01 -1.214271516819948715e+00
1.052942830000000463e+01 -1.214333040006120523e+00
1.051884596000000549e+01 -1.214394685944046870e+00
1.050826362000000636e+01 -1.214456461580515789e+00
1.049768128000000722e+01 -1.214518358911466311e+00
1.048709894000000808e+01 -1.214580387045043786e+00
1.047651660000000895e+01 -1.214642538680094530e+00
1.046593426000000981e+01 -1.214704820539915353e+00
1.045535192000001068e+01 -1.214767231250399426e+00
1.044476958000001154e+01 -1.214829766247907727e+00
1.043418724000001241e+01 -1.214892432685046320e+00
1.042360490000001327e+01 -1.214955225235303082e+00
1.041302256000001414e+01 -1.215018151088814502e+00
1.040244022000001500e+01 -1.215081208693209680e+00
1.039185788000001587e+01 -1.215144390581009537e+00
1.038127554000001673e+01 -1.215207703087523461e+00
1.037069320000001760e+01 -1.215271149397435302e+00
1.036011086000001846e+01 -1.215334728217459137e+00
1.034952852000001933e+01 -1.215398434873316003e+00
1.033894618000002019e+01 -1.215462276658729968e+00
1.032836384000002106e+01 -1.215526248155388789e+00
1.031778150000002192e+01 -1.215590352752882186e+00
1.030719916000002279e+01 -1.215654597628831546e+00
1.029661682000002365e+01 -1.215718969502912472e+00
1.028603448000002452e+01 -1.215783478616624835e+00
1.027545214000002538e+01 -1.215848119499671975e+00
1.026486980000002625e+01 -1.215912899565330552e+00
1.025428746000002711e+01 -1.215977810525581404e+00
1.024370512000002797e+01 -1.216042861697087529e+00
1.023312278000002884e+01 -1.216108045689928474e+00
1.022254044000002970e+01 -1.216173369513192659e+00
1.021195810000003057e+01 -1.216238831723420510e+00
1.020137576000003143e+01 -1.216304427563074331e+00
1.019079342000003230e+01 -1.216370164552288191e+00
1.018021108000003316e+01 -1.216436037126193526e+00
1.016962874000003403e+01 -1.216502052847137083e+00
1.015904640000003489e+01 -1.216568203310839147e+00
1.014846406000003576e+01 -1.216634497920313196e+00
1.013788172000003662e+01 -1.216700929381916207e+00
1.012729938000003749e+01 -1.216767504426033542e+00
1.011671704000003835e+01 -1.216834221978005059e+00
1.010613470000003922e+01 -1.216901077067571446e+00
1.009555236000004008e+01 -1.216968077369084522e+00
1.008497002000004095e+01 -1.217035217218959797e+00
1.007438768000004181e+01 -1.217102504333265944e+00
1.006380534000004268e+01 -1.217169930188442439e+00
1.005322300000004354e+01 -1.217237507514699946e+00
1.004264066000004441e+01 -1.217305222552294230e+00
1.003205832000004527e+01 -1.217373085265462507e+00
1.002147598000004614e+01 -1.217441094670195900e+00
1.001089364000004700e+01 -1.217509245674959439e+00
1.000031130000004786e+01 -1.217577546111322517e+00
9.989728960000048730e+00 -1.217645990215418861e+00
9.979146620000049595e+00 -1.217714585861789711e+00
9.968564280000050459e+00 -1.217783324404486445e+00
9.957981940000051324e+00 -1.217852215427870810e+00
9.947399600000052189e+00 -1.217921251644545899e+00
9.936817260000053054e+00 -1.217990439791052149e+00
9.926234920000053918e+00 -1.218059778976875673e+00
9.915652580000054783e+00 -1.218129263986132971e+00
9.905070240000055648e+00 -1.218198902812563933e+00
9.894487900000056513e+00 -1.218268689589361298e+00
9.883905560000057378e+00 -1.218338632354665885e+00
9.873323220000058242e+00 -1.218408726077227389e+00
9.862740880000059107e+00 -1.218478969215434304e+00
9.852158540000059972e+00 -1.218549365706985466e+00
9.841576200000060837e+00 -1.218619918551670622e+00
9.830993860000061701e+00 -1.218690626955804213e+00
9.820411520000062566e+00 -1.218761485575761139e+00
9.809829180000063431e+00 -1.218832502572598786e+00
9.799246840000064296e+00 -1.218903671974036262e+00
9.788664500000065161e+00 -1.218974997799343818e+00
9.778082160000066025e+00 -1.219046487490509367e+00
9.767499820000066890e+00 -1.219118126923077305e+00
9.756917480000067755e+00 -1.219189927344163760e+00
9.746335140000068620e+00 -1.219261882721678569e+00
9.735752800000069485e+00 -1.219334001358545638e+00
9.725170460000070349e+00 -1.219406274280962155e+00
9.714588120000071214e+00 -1.219478711323295439e+00
9.704005780000072079e+00 -1.219551304904405109e+00
9.693423440000072944e+00 -1.219624066172457333e+00
9.682841100000073808e+00 -1.219696986609858591e+00
9.672258760000074673e+00 -1.219770064451889624e+00
9.661676420000075538e+00 -1.219843308130732940e+00
9.651094080000076403e+00 -1.219916711504451801e+00
9.640511740000077268e+00 -1.219990283053355329e+00
9.629929400000078132e+00 -1.220064013669152958e+00
9.619347060000078997e+00 -1.220137913290131770e+00
9.608764720000079862e+00 -1.220211974644769715e+00
9.598182380000080727e+00 -1.220286204485067305e+00
9.587600040000081592e+00 -1.220360602280151197e+00
9.577017700000082456e+00 -1.220435162344147395e+00
9.566435360000083321e+00 -1.220509893290905534e+00
9.555853020000084186e+00 -1.220584788865712644e+00
9.545270680000085051e+00 -1.220659857732022235e+00
9.534688340000085915e+00 -1.220735090643596976e+00
9.524106000000086780e+00 -1.220810497646126036e+00
9.513523660000087645e+00 -1.220886071473910484e+00
9.502941320000088510e+00 -1.220961818884564787e+00
9.492358980000089375e+00 -1.221037739456511284e+00
9.481776640000090239e+00 -1.221113827363455417e+00
9.471194300000091104e+00 -1.221190091406927136e+00
9.460611960000091969e+00 -1.221266525216467835e+00
9.450029620000092834e+00 -1.221343137644881338e+00
9.439447280000093699e+00 -1.221419919304026269e+00
9.428864940000094563e+00 -1.221496880351004677e+00
9.418282600000095428e+00 -1.221574013526502078e+00
9.407700260000096293e+00 -1.221651325594377502e+00
9.397117920000097158e+00 -1.221728816246298255e+00
9.386535580000098022e+00 -1.221806479511684751e+00
9.375953240000098887e+00 -1.221884324386032894e+00
9.365370900000099752e+00 -1.221962344380089549e+00
9.354788560000100617e+00 -1.222040548542405514e+00
9.344206220000101482e+00 -1.222118935074159696e+00
9.333623880000102346e+00 -1.222197494809952545e+00
9.323041540000103211e+00 -1.222276236176644382e+00
9.312459200000104076e+00 -1.222355161968854187e+00
9.301876860000104941e+00 -1.222434271995449295e+00
9.291294520000105805e+00 -1.222513560137602706e+00
9.280712180000106670e+00 -1.222593035591433619e+00
9.270129840000107535e+00 -1.222672691745712692e+00
9.259547500000108400e+00 -1.222752533375641271e+00
9.248965160000109265e+00 -1.222832568247882890e+00
9.238382820000110129e+00 -1.222912781257583958e+00
9.227800480000110994e+00 -1.222993184851117521e+00
9.217218140000111859e+00 -1.223073772348007626e+00
9.206635800000112724e+00 -1.223154553114672360e+00
9.196053460000113589e+00 -1.223235517382319948e+00
9.185471120000114453e+00 -1.223316675611297422e+00
9.174888780000115318e+00 -1.223398020008410247e+00
9.164306440000116183e+00 -1.223479559017733642e+00
9.153724100000117048e+00 -1.223561290978475213e+00
9.143141760000117912e+00 -1.223643210086481581e+00
9.132559420000118777e+00 -1.223725325863813884e+00
9.121977080000119642e+00 -1.223807631502838333e+00
9.111394740000120507e+00 -1.223890136583410726e+00
9.100812400000121372e+00 -1.223972831180320409e+00
9.090230060000122236e+00 -1.224055725880570211e+00
9.079647720000123101e+00 -1.224138813453605756e+00
9.069065380000123966e+00 -1.224222100691805926e+00
9.058483040000124831e+00 -1.224305587723912403e+00
9.047900700000125696e+00 -1.224389268033034384e+00
9.037318360000126560e+00 -1.224473151360153445e+00
9.026736020000127425e+00 -1.224557230767076010e+00
9.016153680000128290e+00 -1.224641516054597146e+00
9.005571340000129155e+00 -1.224725997136668187e+00
8.994989000000130019e+00 -1.224810688794423008e+00
8.984406660000130884e+00 -1.224895575691607563e+00
8.973824320000131749e+00 -1.224980668683585794e+00
8.963241980000132614e+00 -1.225065968032763131e+00
8.952659640000133479e+00 -1.225151467058561039e+00
8.942077300000134343e+00 -1.225237175728760119e+00
8.931494960000135208e+00 -1.225323086970879105e+00
8.920912620000136073e+00 -1.225409210814595751e+00
8.910330280000136938e+00 -1.225495537008524316e+00
8.899747940000137802e+00 -1.225582076407310428e+00
8.889165600000138667e+00 -1.225668821801583208e+00
8.878583260000139532e+00 -1.225755780004710527e+00
8.868000920000140397e+00 -1.225842951417768445e+00
8.857418580000141262e+00 -1.225930329191937673e+00
8.846836240000142126e+00 -1.226017923529763687e+00
8.836253900000142991e+00 -1.226105727221022512e+00
8.825671560000143856e+00 -1.226193750532444948e+00
8.815089220000144721e+00 -1.226281987299469911e+00
8.804506880000145586e+00 -1.226370435747551335e+00
8.793924540000146450e+00 -1.226459101450355860e+00
8.783342200000147315e+00 -1.226547986976343374e+00
8.772759860000148180e+00 -1.226637092870730861e+00
8.762177520000149045e+00 -1.226726412111540876e+00
8.751595180000149909e+00 -1.226815955144789472e+00
8.741012840000150774e+00 -1.226905714618599763e+00
8.730430500000151639e+00 -1.226995701045419107e+00
8.719848160000152504e+00 -1.227085908141887671e+00
8.709265820000153369e+00 -1.227176334112166423e+00
8.698683480000154233e+00 -1.227266988031028294e+00
8.688101140000155098e+00 -1.227357862466171401e+00
8.677518800000155963e+00 -1.227448968070496305e+00
8.666936460000156828e+00 -1.227540294148158351e+00
8.656354120000157693e+00 -1.227631851926836770e+00
8.645771780000158557e+00 -1.227723633379858903e+00
8.635189440000159422e+00 -1.227815652322794104e+00
8.624607100000160287e+00 -1.227907898162159617e+00
8.614024760000161152e+00 -1.228000368852819824e+00
8.603442420000162016e+00 -1.228093075237527199e+00
8.592860080000162881e+00 -1.228186009736184525e+00
8.582277740000163746e+00 -1.228279183261874907e+00
8.571695400000164611e+00 -1.228372584935701006e+00
8.561113060000165476e+00 -1.228466226141850637e+00
8.550530720000166340e+00 -1.228560099719876231e+00
8.539948380000167205e+00 -1.228654212531527623e+00
8.529366040000168070e+00 -1.228748565517087110e+00
8.518783700000168935e+00 -1.228843151188758309e+00
8.508201360000169799e+00 -1.228937980656740425e+00
8.497619020000170664e+00 -1.229033046188878764e+00
8.487036680000171529e+00 -1.229128358968278434e+00
8.476454340000172394e+00 -1.229223907927683435e+00
8.465872000000173259e+00 -1.229319704614107334e+00
8.455289660000174123e+00 -1.229415741883963076e+00
8.444707320000174988e+00 -1.229512026615630527e+00
8.434124980000175853e+00 -1.229608559915268629e+00
8.423542640000176718e+00 -1.229705334103283310e+00
8.412960300000177583e+00 -1.229802360567371800e+00
8.402377960000178447e+00 -1.229899631419214767e+00
8.391795620000179312e+00 -1.229997158122217105e+00
8.381213280000180177e+00 -1.230094929415269434e+00
8.370630940000181042e+00 -1.230192957014848654e+00
8.360048600000181906e+00 -1.230291233795763439e+00
8.349466260000182771e+00 -1.230389766654721662e+00
8.338883920000183636e+00 -1.230488556870581673e+00
8.328301580000184501e+00 -1.230587596566191433e+00
8.317719240000185366e+00 -1.230686897417651915e+00
8.307136900000186230e+00 -1.230786451375931900e+00
8.296554560000187095e+00 -1.230886282361604245e+00
8.285972220000187960e+00 -1.230986364591478477e+00
8.275389880000188825e+00 -1.231086698082712205e+00
8.264807540000189690e+00 -1.231187294446207225e+00
8.254225200000190554e+00 -1.231288147700150493e+00
8.243642860000191419e+00 -1.231389283936171974e+00
8.233060520000192284e+00 -1.231490663025668786e+00
8.222478180000193149e+00 -1.231592327429977818e+00
8.211895840000194013e+00 -1.231694242189940613e+00
8.201313500000194878e+00 -1.231796435321736993e+00
8.190731160000195743e+00 -1.231898921536451308e+00
8.180148820000196608e+00 -1.232001620556951726e+00
8.169566480000197473e+00 -1.232104650481906649e+00
8.158984140000198337e+00 -1.232207922962468949e+00
8.148401800000199202e+00 -1.232311440339293851e+00
8.137819460000200067e+00 -1.232415304906328890e+00
8.127237120000200932e+00 -1.232519369584863078e+00
8.116654780000201796e+00 -1.232623775001419286e+00
8.106072440000202661e+00 -1.232728427666912818e+00
8.095490100000203526e+00 -1.232833339187234145e+00
8.084907760000204391e+00 -1.232938541556279688e+00
8.074325420000205256e+00 -1.233044062245246320e+00
8.063743080000206120e+00 -1.233149806575022822e+00
8.053160740000206985e+00 -1.233255866961064262e+00
8.042578400000207850e+00 -1.233362213607032354e+00
8.031996060000208715e+00 -1.233468837799602591e+00
8.021413720000209580e+00 -1.233575757318665200e+00
8.010831380000210444e+00 -1.233682952636915742e+00
8.000249040000211309e+00 -1.233790447518287703e+00
7.989666700000212174e+00 -1.233898239893881810e+00
7.979084360000213039e+00 -1.234006315524245778e+00
7.968502020000213903e+00 -1.234114679000572146e+00
7.957919680000214768e+00 -1.234223343217315749e+00
7.947337340000215633e+00 -1.234332284707309491e+00
7.936755000000216498e+00 -1.234441549822518525e+00
7.926172660000217363e+00 -1.234551098086722476e+00
7.915590320000218227e+00 -1.234660952160669289e+00
7.905007980000219092e+00 -1.234771085132913448e+00
7.894425640000219957e+00 -1.234881551398200106e+00
7.883843300000220822e+00 -1.234992284702112642e+00
7.873260960000221687e+00 -1.235103336995431178e+00
7.862678620000222551e+00 -1.235214701261205139e+00
7.852096280000223416e+00 -1.235326370523856410e+00
7.841513940000224281e+00 -1.235438366193362558e+00
7.830931600000225146e+00 -1.235550643708572816e+00
7.820349260000226010e+00 -1.235663243767062935e+00
7.809766920000226875e+00 -1.235776153617432094e+00
7.799184580000227740e+00 -1.235889369231571333e+00
7.788602240000228605e+00 -1.236002904124289925e+00
7.778019900000229470e+00 -1.236116717180007596e+00
7.767437560000230334e+00 -1.236230884850600287e+00
7.756855220000231199e+00 -1.236345403542248533e+00
7.746272880000232064e+00 -1.236460166670102945e+00
7.735690540000232929e+00 -1.236575319639233728e+00
7.725108200000233794e+00 -1.236690731471148164e+00
7.714525860000234658e+00 -1.236806502974208133e+00
7.703943520000235523e+00 -1.236922634941210353e+00
7.693361180000236388e+00 -1.237039057383961804e+00
7.682778840000237253e+00 -1.237155802209933153e+00
7.672196500000238117e+00 -1.237272872476812946e+00
7.661614160000238982e+00 -1.237390242742161917e+00
7.651031820000239847e+00 -1.237508029520234976e+00
7.640449480000240712e+00 -1.237626104577292496e+00
7.629867140000241577e+00 -1.237744509040659135e+00
7.619284800000242441e+00 -1.237863257129170114e+00
7.608702460000243306e+00 -1.237982280077384090e+00
7.598120120000244171e+00 -1.238101694141677145e+00
7.587537780000245036e+00 -1.238221449637553206e+00
7.576955440000245900e+00 -1.238341628086030877e+00
7.566373100000246765e+00 -1.238462079443986896e+00
7.555790760000247630e+00 -1.238582868394742409e+00
7.545208420000248495e+00 -1.238704009459610900e+00
7.534626080000249360e+00 -1.238825493130272681e+00
7.524043740000250224e+00 -1.238947248879181284e+00
7.513461400000251089e+00 -1.239069436527359791e+00
7.502879060000251954e+00 -1.239192061373957099e+00
7.492296720000252819e+00 -1.239314949208627059e+00
7.481714380000253684e+00 -1.239438106101512727e+00
7.471132040000254548e+00 -1.239561714622121613e+00
7.460549700000255413e+00 -1.239685782352502263e+00
7.449967360000256278e+00 -1.239810112518576979e+00
7.439385020000257143e+00 -1.239934682379610908e+00
7.428802680000258007e+00 -1.240059857648919017e+00
7.418220340000258872e+00 -1.240185154149611835e+00
7.407638000000259737e+00 -1.240310931205724998e+00
7.397055660000260602e+00 -1.240437210916031319e+00
7.386473320000261467e+00 -1.240563600712738301e+00
7.375890980000262331e+00 -1.240690645319036056e+00
7.365308640000263196e+00 -1.240817913679592266e+00
7.354726300000264061e+00 -1.240945563343420321e+00
7.344143960000264926e+00 -1.241073418364778247e+00
7.333561620000265791e+00 -1.241201992377914509e+00
7.322979280000266655e+00 -1.241330600721014532e+00
7.312396940000267520e+00 -1.241459941929445865e+00
7.301814600000268385e+00 -1.241589485303790097e+00
7.291232260000269250e+00 -1.241719226816525135e+00
7.280649920000270114e+00 -1.241849757049992231e+00
7.270067580000270979e+00 -1.241980467350667361e+00
7.259485240000271844e+00 -1.242111349112030583e+00
7.248902900000272709e+00 -1.242242835037833837e+00
7.238320560000273574e+00 -1.242374723787091240e+00
7.227738220000274438e+00 -1.242507013165588869e+00
7.217155880000275303e+00 -1.242639688469150627e+00
7.206573540000276168e+00 -1.242773033054473508e+00
7.195991200000277033e+00 -1.242906530963013845e+00
7.185408860000277897e+00 -1.243040431549432334e+00
7.174826520000278762e+00 -1.243174729997667871e+00
7.164244180000279627e+00 -1.243309125259041803e+00
7.153661840000280492e+00 -1.243444559296571050e+00
7.143079500000281357e+00 -1.243580083981190354e+00
7.132497160000282221e+00 -1.243716045121642244e+00
7.121914820000283086e+00 -1.243852035013299329e+00
7.111332480000283951e+00 -1.243989186369651723e+00
7.100750140000284816e+00 -1.244125985687692282e+00
7.090167800000285681e+00 -1.244263597660631104e+00
7.079585460000286545e+00 -1.244401632272974956e+00
7.069003120000287410e+00 -1.244540083271495012e+00
7.058420780000288275e+00 -1.244679423700888243e+00
7.047838440000289140e+00 -1.244818756932925208e+00
7.037256100000290004e+00 -1.244958524871483618e+00
7.026673760000290869e+00 -1.245098718580192942e+00
7.016091420000291734e+00 -1.245239355279205595e+00
7.005509080000292599e+00 -1.245380424331467895e+00
6.994926740000293464e+00 -1.245521943105345697e+00
6.984344400000294328e+00 -1.245663903163328090e+00
6.973762060000295193e+00 -1.245806301063229427e+00
6.963179720000296058e+00 -1.245949142941845666e+00
6.952597380000296923e+00 -1.246092449219142750e+00
6.942015040000297788e+00 -1.246236205911500194e+00
6.931432700000298652e+00 -1.246380407983510352e+00
6.920850360000299517e+00 -1.246525073240831727e+00
6.910268020000300382e+00 -1.246670190843849113e+00
6.899685680000301247e+00 -1.246815778755316018e+00
6.889103340000302111e+00 -1.246961828473396539e+00
6.878521000000302976e+00 -1.247108343408739328e+00
6.867938660000303841e+00 -1.247255316138702330e+00
6.857356320000304706e+00 -1.247402774624728927e+00
6.846773980000305571e+00 -1.247550704705899793e+00
6.836191640000306435e+00 -1.247699101279349021e+00
6.825609300000307300e+00 -1.247847982775892151e+00
6.815026960000308165e+00 -1.247997338157148972e+00
6.804444620000309030e+00 -1.248147186021385080e+00
6.793862280000309894e+00 -1.248297517813530932e+00
6.783279940000310759e+00 -1.248448329699702208e+00
6.772697600000311624e+00 -1.248599628899757841e+00
6.762115260000312489e+00 -1.248751436895233269e+00
6.751532920000313354e+00 -1.248903739354650710e+00
6.740950580000314218e+00 -1.249056531121574665e+00
6.730368240000315083e+00 -1.249209831296541395e+00
6.719785900000315948e+00 -1.249363628649047264e+00
6.709203560000316813e+00 -1.249517942458391540e+00
6.698621220000317678e+00 -1.249672763369622963e+00
6.688038880000318542e+00 -1.249828089653294283e+00
6.677456540000319407e+00 -1.249983926843338367e+00
6.666874200000320272e+00 -1.250140297778360887e+00
6.656291860000321137e+00 -1.250297187965814238e+00
6.645709520000322001e+00 -1.250454592213283256e+00
6.635127180000322866e+00 -1.250612530341170148e+00
6.624544840000323731e+00 -1.250770990936095117e+00
6.613962500000324596e+00 -1.250929979777461565e+00
6.603380160000325461e+00 -1.251089548711792565e+00
6.592797820000326325e+00 -1.251249617309598161e+00
6.582215480000327190e+00 -1.251410234964839940e+00
6.571633140000328055e+00 -1.251571390171330789e+00
6.561050800000328920e+00 -1.251733103376168277e+00
6.550468460000329785e+00 -1.251895365967554019e+00
6.539886120000330649e+00 -1.252058173690889120e+00
6.529303780000331514e+00 -1.252221539822377938e+00
6.518721440000332379e+00 -1.252385482068287370e+00
6.508139100000333244e+00 -1.252549983252825738e+00
6.497556760000334108e+00 -1.252715041614444358e+00
6.486974420000334973e+00 -1.252880678213821763e+00
6.476392080000335838e+00 -1.253046881384653810e+00
6.465809740000336703e+00 -1.253213672402135659e+00
6.455227400000337568e+00 -1.253381042675763890e+00
6.444645060000338432e+00 -1.253548987817568294e+00
6.434062720000339297e+00 -1.253717517400737780e+00
6.423480380000340162e+00 -1.253886655272401951e+00
6.412898040000341027e+00 -1.254056386609269103e+00
6.402315700000341891e+00 -1.254226706244690570e+00
6.391733360000342756e+00 -1.254397636121474369e+00
6.381151020000343621e+00 -1.254569164432250084e+00
6.370568680000344486e+00 -1.254741313351334764e+00
6.359986340000345351e+00 -1.254914074344564812e+00
6.349404000000346215e+00 -1.255087442910173490e+00
6.338821660000347080e+00 -1.255261429420874375e+00
6.328239320000347945e+00 -1.255436058534719290e+00
6.317656980000348810e+00 -1.255611315332536559e+00
6.307074640000349675e+00 -1.255787194718901434e+00
6.296492300000350539e+00 -1.255963719596886685e+00
6.285909960000351404e+00 -1.256140878041674069e+00
6.275327620000352269e+00 -1.256318693206806891e+00
6.264745280000353134e+00 -1.256497156653954894e+00
6.254162940000353998e+00 -1.256676263799918702e+00
6.243580600000354863e+00 -1.256856025890070949e+00
6.232998260000355728e+00 -1.257036468468911927e+00
6.222415920000356593e+00 -1.257217576555268224e+00
6.211833580000357458e+00 -1.257399345168212834e+00
6.201251240000358322e+00 -1.257581798259414185e+00
6.190668900000359187e+00 -1.257764923815045011e+00
6.180086560000360052e+00 -1.257948746058404677e+00
6.169504220000360917e+00 -1.258133264292556230e+00
6.158921880000361782e+00 -1.258318460026301100e+00
6.148339540000362646e+00 -1.258504350426809193e+00
6.137757200000363511e+00 -1.258690963313691125e+00
6.127174860000364376e+00 -1.258878283679156107e+00
6.116592520000365241e+00 -1.259066306709636152e+00
6.106010180000366105e+00 -1.259255057504744757e+00
6.095427840000366970e+00 -1.259444523995391085e+00
6.084845500000367835e+00 -1.259634731576477540e+00
6.074263160000368700e+00 -1.259825670745694737e+00
6.063680820000369565e+00 -1.260017341093443433e+00
6.053098480000370429e+00 -1.260209765345054578e+00
6.042516140000371294e+00 -1.260402931417202277e+00
6.031933800000372159e+00 -1.260596865404311151e+00
6.021351460000373024e+00 -1.260791561358102664e+00
6.010769120000373889e+00 -1.260987010777640638e+00
6.000186780000374753e+00 -1.261183234442399215e+00
5.989604440000375618e+00 -1.261380245570752567e+00
5.979022100000376483e+00 -1.261578044219352934e+00
5.968439760000377348e+00 -1.261776620954709216e+00
5.957857420000378212e+00 -1.261976002889924509e+00
5.947275080000379077e+00 -1.262176177950404377e+00
5.936692740000379942e+00 -1.262377173586302304e+00
5.926110400000380807e+00 -1.262578982155991403e+00
5.915528060000381672e+00 -1.262781599099139784e+00
5.904945720000382536e+00 -1.262985039539780363e+00
5.894363380000383401e+00 -1.263189332973160939e+00
5.883781040000384266e+00 -1.263394464524987271e+00
5.873198700000385131e+00 -1.263600430114497852e+00
5.862616360000385995e+00 -1.263807258315523319e+00
5.852034020000386860e+00 -1.264014937109762871e+00
5.841451680000387725e+00 -1.264223495438581590e+00
5.830869340000388590e+00 -1.264432926053958184e+00
5.820287000000389455e+00 -1.264643213377842690e+00
5.809704660000390319e+00 -1.264854405630821299e+00
5.799122320000391184e+00 -1.265066502903886558e+00
5.788539980000392049e+00 -1.265279500614779673e+00
5.777957640000392914e+00 -1.265493395114841935e+00
5.767375300000393779e+00 -1.265708216583368184e+00
5.756792960000394643e+00 -1.265923953108625488e+00
5.746210620000395508e+00 -1.266140635270456283e+00
5.735628280000396373e+00 -1.266358256306898245e+00
5.725045940000397238e+00 -1.266576811945695269e+00
5.714463600000398102e+00 -1.266796320178687152e+00
5.703881260000398967e+00 -1.267016813426414368e+00
5.693298920000399832e+00 -1.267238277161179205e+00
5.682716580000400697e+00 -1.267460708267454716e+00
5.672134240000401562e+00 -1.267684139946431365e+00
5.661551900000402426e+00 -1.267908558021585863e+00
5.650969560000403291e+00 -1.268133997334889962e+00
5.640387220000404156e+00 -1.268360447268791269e+00
5.629804880000405021e+00 -1.268587910925883522e+00
5.619222540000405886e+00 -1.268816402033570379e+00
5.608640200000406750e+00 -1.269045956688685806e+00
5.598057860000407615e+00 -1.269276560636631634e+00
5.587475520000408480e+00 -1.269508211406423337e+00
5.576893180000409345e+00 -1.269740942898342162e+00
5.566310840000410209e+00 -1.269974743595519762e+00
5.555728500000411074e+00 -1.270209660659357365e+00
5.545146160000411939e+00 -1.270445648158812668e+00
5.534563820000412804e+00 -1.270682747079647790e+00
5.523981480000413669e+00 -1.270920976275651926e+00
5.513399140000414533e+00 -1.271160324384837281e+00
5.502816800000415398e+00 -1.271400826973439369e+00
5.492234460000416263e+00 -1.271642479036518170e+00
5.481652120000417128e+00 -1.271885277048167451e+00
5.471069780000417992e+00 -1.272129249357289771e+00
5.460487440000418857e+00 -1.272374427711873812e+00
5.449905100000419722e+00 -1.272620792011462720e+00
5.439322760000420587e+00 -1.272868347084115781e+00
5.428740420000421452e+00 -1.273117130259941554e+00
5.418158080000422316e+00 -1.273367130507534251e+00
5.407575740000423181e+00 -1.273618385699979427e+00
5.396993400000424046e+00 -1.273870891753537515e+00
5.386411060000424911e+00 -1.274124645557280111e+00
5.375828720000425776e+00 -1.274379671868338004e+00
5.365246380000426640e+00 -1.274636010010109732e+00
5.354664040000427505e+00 -1.274893646738051389e+00
5.344081700000428370e+00 -1.275152581820975906e+00
5.333499360000429235e+00 -1.275412855075385377e+00
5.322917020000430099e+00 -1.275674455867924939e+00
5.312334680000430964e+00 -1.275937424604845827e+00
5.301752340000431829e+00 -1.276201758273928011e+00
5.291170000000432694e+00 -1.276467454250193478e+00
5.280587660000433559e+00 -1.276734539659773571e+00
5.270005320000434423e+00 -1.277003056243636525e+00
5.259422980000435288e+00 -1.277272991279801762e+00
5.248840640000436153e+00 -1.277544345677344761e+00
5.238258300000437018e+00 -1.277817161980569605e+00
5.227675960000437883e+00 -1.278091430020877439e+00
5.217093620000438747e+00 -1.278367192981862743e+00
5.206511280000439612e+00 -1.278644449084932022e+00
5.195928940000440477e+00 -1.278923196260288941e+00
5.185346600000441342e+00 -1.279203464239272670e+00
5.174764260000442206e+00 -1.279485297421190992e+00
5.164181920000443071e+00 -1.279768683675070129e+00
5.153599580000443936e+00 -1.280053625217331348e+00
5.143017240000444801e+00 -1.280340167578900346e+00
5.132434900000445666e+00 -1.280628301119848045e+00
5.121852560000446530e+00 -1.280918072062686042e+00
5.111270220000447395e+00 -1.281209491257357058e+00
5.100687880000448260e+00 -1.281502537761809668e+00
5.090105540000449125e+00 -1.281797249568011221e+00
5.079523200000449989e+00 -1.282093676861476128e+00
5.068940860000450854e+00 -1.282391808166336133e+00
5.058358520000451719e+00 -1.282691647183261230e+00
5.047776180000452584e+00 -1.282993242706264247e+00
5.037193840000453449e+00 -1.283296585682887514e+00
5.026611500000454313e+00 -1.283601742585176453e+00
5.016029160000455178e+00 -1.283908660774830013e+00
5.005446820000456043e+00 -1.284217399465511278e+00
4.994864480000456908e+00 -1.284527989010958215e+00
4.984282140000457773e+00 -1.284840420707288100e+00
4.973699800000458637e+00 -1.285154746064316900e+00
4.963117460000459502e+00 -1.285470967270540443e+00
4.952535120000460367e+00 -1.285789083951635714e+00
4.941952780000461232e+00 -1.286109140417429852e+00
4.931370440000462096e+00 -1.286431168875465492e+00
4.920788100000462961e+00 -1.286755179173651342e+00
4.910205760000463826e+00 -1.287081170963590537e+00
4.899623420000464691e+00 -1.287409198703650226e+00
4.889041080000465556e+00 -1.287739254351048634e+00
4.878458740000466420e+00 -1.288071393198491288e+00
4.867876400000467285e+00 -1.288405619331730811e+00
4.857294060000468150e+00 -1.288741933120772343e+00
4.846711720000469015e+00 -1.289080375720686122e+00
4.836129380000469880e+00 -1.289421003188864656e+00
4.825547040000470744e+00 -1.289763805945882913e+00
4.814964700000471609e+00 -1.290108792354150991e+00
4.804382360000472474e+00 -1.290456020914177326e+00
4.793800020000473339e+00 -1.290805484273950254e+00
4.783217680000474203e+00 -1.291157241826443425e+00
4.772635340000475068e+00 -1.291511299759451781e+00
4.762053000000475933e+00 -1.291867676451522895e+00
4.751470660000476798e+00 -1.292226382568685494e+00
4.740888320000477663e+00 -1.292587495264398534e+00
4.730305980000478527e+00 -1.292951005744173543e+00
4.719723640000479392e+00 -1.293316924552146308e+00
4.709141300000480257e+00 -1.293685314558292054e+00
4.698558960000481122e+00 -1.294056169111856169e+00
4.687976620000481986e+00 -1.294429552033250275e+00
4.677394280000482851e+00 -1.294805471820567488e+00
4.666811940000483716e+00 -1.295183930367688863e+00
4.656229600000484581e+00 -1.295564976916536493e+00
4.645647260000485446e+00 -1.295948675777887305e+00
4.635064920000486310e+00 -1.296335010928156173e+00
4.624482580000487175e+00 -1.296724010602601895e+00
4.613900240000488040e+00 -1.297115735010990090e+00
4.603317900000488905e+00 -1.297510178182389451e+00
4.592735560000489770e+00 -1.297907408692506870e+00
4.582153220000490634e+00 -1.298307433410144984e+00
4.571570880000491499e+00 -1.298710267362578552e+00
4.560988540000492364e+00 -1.299115951889796783e+00
4.550406200000493229e+00 -1.299524560053118671e+00
4.539823860000494093e+00 -1.299936084539857317e+00
4.529241520000494958e+00 -1.300350540853498771e+00
4.518659180000495823e+00 -1.300768001598329171e+00
4.508076840000496688e+00 -1.301188461430394794e+00
4.497494500000497553e+00 -1.301612017739434579e+00
4.486912160000498417e+00 -1.302038608624636717e+00
4.476329820000499282e+00 -1.302468321804459261e+00
4.465747480000500147e+00 -1.302901206625025621e+00
4.455165140000501012e+00 -1.303337258048979486e+00
4.444582800000501877e+00 -1.303776552700584235e+00
4.434000460000502741e+00 -1.304219091700331123e+00
4.423418120000503606e+00 -1.304664921096156727e+00
4.412835780000504471e+00 -1.305114067976156589e+00
4.402253440000505336e+00 -1.305566620563069380e+00
4.391671100000506200e+00 -1.306022553366716021e+00
4.381088760000507065e+00 -1.306481899787811596e+00
4.370506420000507930e+00 -1.306944740888530632e+00
4.359924080000508795e+00 -1.307411072065054691e+00
4.349341740000509660e+00 -1.307880975501048759e+00
4.338759400000510524e+00 -1.308354454594132577e+00
4.328177060000511389e+00 -1.308831557783109778e+00
4.317594720000512254e+00 -1.309312322224314595e+00
4.307012380000513119e+00 -1.309796799866824513e+00
4.296430040000513984e+00 -1.310285029599546291e+00
4.285847700000514848e+00 -1.310777019229064422e+00
4.275265360000515713e+00 -1.311272855604546317e+00
4.264683020000516578e+00 -1.311772534330491569e+00
4.254100680000517443e+00 -1.312276143399228046e+00
4.243518340000518307e+00 -1.312783688533844861e+00
4.232936000000519172e+00 -1.313295220412186826e+00
4.222353660000520037e+00 -1.313810779384616767e+00
4.211771320000520902e+00 -1.314330423219840949e+00
4.201188980000521767e+00 -1.314854192171517333e+00
4.190606640000522631e+00 -1.315382096317197602e+00
4.180024300000523496e+00 -1.315914228488332283e+00
4.169441960000524361e+00 -1.316450584158167514e+00
4.158859620000525226e+00 -1.316991257298944173e+00
4.148277280000526090e+00 -1.317536255919507848e+00
4.137694940000526955e+00 -1.318085632657039374e+00
4.127112600000527820e+00 -1.318639432864863625e+00
4.116530260000528685e+00 -1.319197716804836773e+00
4.105947920000529550e+00 -1.319760527376686365e+00
4.095365580000530414e+00 -1.320327876821682622e+00
4.084783240000531279e+00 -1.320899864039052574e+00
4.074200900000532144e+00 -1.321476483880251296e+00
4.063618560000533009e+00 -1.322057836348308868e+00
4.053036220000533874e+00 -1.322643970951749903e+00
4.042453880000534738e+00 -1.323234865677204164e+00
4.031871540000535603e+00 -1.323830605699211960e+00
4.021289200000536468e+00 -1.324431256481540142e+00
4.010706860000537333e+00 -1.325036862251627756e+00
4.000124520000538197e+00 -1.325647437166658893e+00
3.989542180000539062e+00 -1.326263086132544844e+00
3.978959840000539927e+00 -1.326883802698986203e+00
3.968377500000540792e+00 -1.327509710098580209e+00
3.957795160000541657e+00 -1.328140779746640909e+00
3.947212820000542521e+00 -1.328777084317922519e+00
3.936630480000543386e+00 -1.329418715323002820e+00
3.926048140000544251e+00 -1.330065665116167750e+00
3.915465800000545116e+00 -1.330718042907428567e+00
3.904883460000545981e+00 -1.331375861320054144e+00
3.894301120000546845e+00 -1.332039175388851193e+00
3.883718780000547710e+00 -1.332708031964864537e+00
3.873136440000548575e+00 -1.333382525624293491e+00
3.862554100000549440e+00 -1.334062676429164984e+00
3.851971760000550304e+00 -1.334748508660800859e+00
3.841389420000551169e+00 -1.335440135848978249e+00
3.830807080000552034e+00 -1.336137547477596055e+00
3.820224740000552899e+00 -1.336840857825075224e+00
3.809642400000553764e+00 -1.337550080334771074e+00
3.799060060000554628e+00 -1.338265269155677784e+00
3.788477720000555493e+00 -1.338986488075688763e+00
3.777895380000556358e+00 -1.339713791999457504e+00
3.767313040000557223e+00 -1.340447242056496568e+00
3.756730700000558087e+00 -1.341186848501567219e+00
3.746148360000558952e+00 -1.341932729437512961e+00
3.735566020000559817e+00 -1.342684869871535902e+00
3.724983680000560682e+00 -1.343443388356644119e+00
3.714401340000561547e+00 -1.344208292841544639e+00
3.703819000000562411e+00 -1.344979687614258568e+00
3.693236660000563276e+00 -1.345757542512357574e+00
3.682654320000564141e+00 -1.346541974062435809e+00
3.672071980000565006e+00 -1.347333022275889025e+00
3.661489640000565871e+00 -1.348130702129640701e+00
3.650907300000566735e+00 -1.348935134989187823e+00
3.640324960000567600e+00 -1.349746299362337920e+00
3.629742620000568465e+00 -1.350564316636629236e+00
3.619160280000569330e+00 -1.351389194204113187e+00
3.608577940000570194e+00 -1.352220990130541312e+00
3.597995600000571059e+00 -1.353059756541554304e+00
3.587413260000571924e+00 -1.353905560039234679e+00
3.576830920000572789e+00 -1.354758446458652177e+00
3.566248580000573654e+00 -1.355618423807016359e+00
3.555666240000574518e+00 -1.356485614793428995e+00
3.545083900000575383e+00 -1.357359988805680207e+00
3.534501560000576248e+00 -1.358241667986633150e+00
3.523919220000577113e+00 -1.359130672475569179e+00
3.513336880000577978e+00 -1.360027002073989300e+00
3.502754540000578842e+00 -1.360930757639188249e+00
3.492172200000579707e+00 -1.361841985328972049e+00
3.481589860000580572e+00 -1.362760723299029308e+00
3.471007520000581437e+00 -1.363686973491304855e+00
3.460425180000582301e+00 -1.364620857287277778e+00
3.449842840000583166e+00 -1.365562331626892556e+00
3.439260500000584031e+00 -1.366511543758004432e+00
3.428678160000584896e+00 -1.367468425499941187e+00
3.418095820000585761e+00 -1.368433045988357355e+00
3.407513480000586625e+00 -1.369405505150362856e+00
3.396931140000587490e+00 -1.370385751275376318e+00
3.386348800000588355e+00 -1.371373901643957005e+00
3.375766460000589220e+00 -1.372369944364249417e+00
3.365184120000590084e+00 -1.373373918498368651e+00
3.354601780000590949e+00 -1.374385841805195074e+00
3.344019440000591814e+00 -1.375405861700857768e+00
3.333437100000592679e+00 -1.376433853468896240e+00
3.322854760000593544e+00 -1.377469866403456589e+00
3.312272420000594408e+00 -1.378514012321121252e+00
3.301690080000595273e+00 -1.379566220217065098e+00
3.291107740000596138e+00 -1.380626598864237220e+00
3.280525400000597003e+00 -1.381695122870087555e+00
3.269943060000597868e+00 -1.382771813435797803e+00
3.259360720000598732e+00 -1.383856692243221387e+00
3.248778380000599597e+00 -1.384949794277726687e+00
3.238196040000600462e+00 -1.386051122891685194e+00
3.227613700000601327e+00 -1.387160645624736066e+00
3.217031360000602191e+00 -1.388278461612908909e+00
3.206449020000603056e+00 -1.389404474906449805e+00
3.195866680000603921e+00 -1.390538780133074637e+00
3.185284340000604786e+00 -1.391681333243161456e+00
3.174702000000605651e+00 -1.392832130116287814e+00
3.164119660000606515e+00 -1.393991177558779659e+00
3.153537320000607380e+00 -1.395158485649473423e+00
3.142954980000608245e+00 -1.396334035735291801e+00
3.132372640000609110e+00 -1.397517771674797737e+00
3.121790300000609975e+00 -1.398709773170517590e+00
3.111207960000610839e+00 -1.399909912515169275e+00
3.100625620000611704e+00 -1.401118263065770142e+00
3.090043280000612569e+00 -1.402334753337133089e+00
3.079460940000613434e+00 -1.403559355570569656e+00
3.068878600000614298e+00 -1.404792045274983803e+00
3.058296260000615163e+00 -1.406032797380558197e+00
3.047713920000616028e+00 -1.407281575702997278e+00
3.037131580000616893e+00 -1.408538280829290334e+00
3.026549240000617758e+00 -1.409802969199545508e+00
3.015966900000618622e+00 -1.411075473105602107e+00
3.005384560000619487e+00 -1.412355835613699151e+00
2.994802220000620352e+00 -1.413644038567934524e+00
2.984219880000621217e+00 -1.414939815637242582e+00
2.973637540000622081e+00 -1.416243243367492299e+00
2.963055200000622946e+00 -1.417554235026344589e+00
2.952472860000623811e+00 -1.418872704256497475e+00
2.941890520000624676e+00 -1.420198523675782143e+00
2.931308180000625541e+00 -1.421531705825664016e+00
2.920725840000626405e+00 -1.422872032729258329e+00
2.910143500000627270e+00 -1.424219490661736920e+00
2.899561160000628135e+00 -1.425574001392436507e+00
2.888978820000629000e+00 -1.426935322810154450e+00
2.878396480000629865e+00 -1.428303477683279699e+00
2.867814140000630729e+00 -1.429678214574885198e+00
2.857231800000631594e+00 -1.431059504749183198e+00
2.846649460000632459e+00 -1.432447170767650269e+00
2.836067120000633324e+00 -1.433841047486691611e+00
2.825484780000634188e+00 -1.435240983393174075e+00
2.814902440000635053e+00 -1.436646903483098203e+00
2.804320100000635918e+00 -1.438058547854477620e+00
2.793737760000636783e+00 -1.439475729145736294e+00
2.783155420000637648e+00 -1.440898368177725875e+00
2.772573080000638512e+00 -1.442326140058053374e+00
2.761990740000639377e+00 -1.443758946590716574e+00
2.751408400000640242e+00 -1.445196531561839581e+00
2.740826060000641107e+00 -1.446638690985820652e+00
2.730243720000641972e+00 -1.448085185744517611e+00
2.719661380000642836e+00 -1.449535769284676423e+00
2.709079040000643701e+00 -1.450990201757094589e+00
2.698496700000644566e+00 -1.452448179357207936e+00
2.687914360000645431e+00 -1.453909532176443253e+00
2.677332020000646295e+00 -1.455373837507183854e+00
2.666749680000647160e+00 -1.456840898399294870e+00
2.656167340000648025e+00 -1.458310382713567943e+00
2.645585000000648890e+00 -1.459781923181320940e+00
2.635002660000649755e+00 -1.461255275723715608e+00
2.624420320000650619e+00 -1.462729977220000865e+00
2.613837980000651484e+00 -1.464205677302376385e+00
2.603255640000652349e+00 -1.465681975361467382e+00
2.592673300000653214e+00 -1.467158567464319940e+00
2.582090960000654078e+00 -1.468634892052427032e+00
2.571508620000654943e+00 -1.470110604258976217e+00
2.560926280000655808e+00 -1.471585238783159832e+00
2.550343940000656673e+00 -1.473058246403918137e+00
2.539761600000657538e+00 -1.474529158685262242e+00
2.529179260000658402e+00 -1.475997489697777887e+00
2.518596920000659267e+00 -1.477462608308171665e+00
2.508014580000660132e+00 -1.478923938933245807e+00
2.497432240000660997e+00 -1.480380963106567416e+00
2.486849900000661862e+00 -1.481832900612611637e+00
2.476267560000662726e+00 -1.483279163876821904e+00
2.465685220000663591e+00 -1.484719069451073903e+00
2.455102880000664456e+00 -1.486151752075812071e+00
2.444520540000665321e+00 -1.487576475286332300e+00
2.433938200000666185e+00 -1.488992510826289362e+00
2.423355860000667050e+00 -1.490398811039710392e+00
2.412773520000667915e+00 -1.491794491242195875e+00
2.402191180000668780e+00 -1.493178633221384555e+00
2.391608840000669645e+00 -1.494550041781686378e+00
2.381026500000670509e+00 -1.495907740442949940e+00
2.370444160000671374e+00 -1.497250297406725661e+00
2.359861820000672239e+00 -1.498576544737193483e+00
2.349279480000673104e+00 -1.499885104430198846e+00
2.338697140000673969e+00 -1.501174311687643925e+00
2.328114800000674833e+00 -1.502442542299708306e+00
2.317532460000675698e+00 -1.503688041543496334e+00
2.306950120000676563e+00 -1.504908533221551936e+00
2.296367780000677428e+00 -1.506101859203960114e+00
2.285785440000678292e+00 -1.507265459620032333e+00
2.275203100000679157e+00 -1.508396033330379415e+00
2.264620760000680022e+00 -1.509490082658532017e+00
2.254038420000680887e+00 -1.510543154015564271e+00
2.243456080000681752e+00 -1.511549325514019326e+00
2.232873740000682616e+00 -1.512500426654046715e+00
2.222291400000683481e+00 -1.513383155196825536e+00
