1.058234000000000030e+01 -1.411231542826778096e+00
1.057175766000000117e+01 -1.411280132543935251e+00
1.056117532000000203e+01 -1.411328816697531296e+00
1.055059298000000290e+01 -1.411377686542693466e+00
1.054001064000000376e+01 -1.411426475580042084e+00
1.052942830000000463e+01 -1.411475437034563907e+00
1.051884596000000549e+01 -1.411524548882069796e+00
1.050826362000000636e+01 -1.411573690444157592e+00
1.049768128000000722e+01 -1.411622915414511681e+00
1.048709894000000808e+01 -1.411672318135714477e+00
1.047651660000000895e+01 -1.411721768251556375e+00
1.046593426000000981e+01 -1.411771282886883139e+00
1.045535192000001068e+01 -1.411820979613400695e+00
1.044476958000001154e+01 -1.411870750292325560e+00
1.043418724000001241e+01 -1.411920556961479889e+00
1.042360490000001327e+01 -1.411970542310213572e+00
1.041302256000001414e+01 -1.412020626183309702e+00
1.040244022000001500e+01 -1.412070742072335960e+00
1.039185788000001587e+01 -1.412121016764235293e+00
1.038127554000001673e+01 -1.412171407926817279e+00
1.037069320000001760e+01 -1.412221838300200982e+00
1.036011086000001846e+01 -1.412272408302484905e+00
1.034952852000001933e+01 -1.412323109761227435e+00
1.033894618000002019e+01 -1.412373861793056573e+00
1.032836384000002106e+01 -1.412424720088478525e+00
1.031778150000002192e+01 -1.412475732300533915e+00
1.030719916000002279e+01 -1.412526811932934168e+00
1.029661682000002365e+01 -1.412577969936548605e+00
1.028603448000002452e+01 -1.412629296757486719e+00
1.027545214000002538e+01 -1.412680694397194126e+00
1.026486980000002625e+01 -1.412732163177810918e+00
1.025428746000002711e+01 -1.412783797101249128e+00
1.024370512000002797e+01 -1.412835525547097681e+00
1.023312278000002884e+01 -1.412887304235772357e+00
1.022254044000002970e+01 -1.412939252226443232e+00
1.021195810000003057e+01 -1.412991308567187243e+00
1.020137576000003143e+01 -1.413043411443144715e+00
1.019079342000003230e+01 -1.413095669034997615e+00
1.018021108000003316e+01 -1.413148049467073175e+00
1.016962874000003403e+01 -1.413200487149318452e+00
1.015904640000003489e+01 -1.413253052618728578e+00
1.014846406000003576e+01 -1.413305765645538337e+00
1.013788172000003662e+01 -1.413358535492733603e+00
1.012729938000003749e+01 -1.413411418964645838e+00
1.011671704000003835e+01 -1.413464461755269186e+00
1.010613470000003922e+01 -1.413517572327517513e+00
1.009555236000004008e+01 -1.413570775184777029e+00
1.008497002000004095e+01 -1.413624143978028380e+00
1.007438768000004181e+01 -1.413677601813706719e+00
1.006380534000004268e+01 -1.413731127003123200e+00
1.005322300000004354e+01 -1.413784830492170075e+00
1.004264066000004441e+01 -1.413838628484951565e+00
1.003205832000004527e+01 -1.413892491243696981e+00
1.002147598000004614e+01 -1.413946525910837249e+00
1.001089364000004700e+01 -1.414000671503680140e+00
1.000031130000004786e+01 -1.414054875393505384e+00
9.989728960000048730e+00 -1.414109236562990590e+00
9.979146620000049595e+00 -1.414163734064393330e+00
9.968564280000050459e+00 -1.414218282939498250e+00
9.957981940000051324e+00 -1.414272980196262131e+00
9.947399600000052189e+00 -1.414327823544136109e+00
9.936817260000053054e+00 -1.414382731086438749e+00
9.926234920000053918e+00 -1.414437763272497373e+00
9.915652580000054783e+00 -1.414492957570542497e+00
9.905070240000055648e+00 -1.414548225847370944e+00
9.894487900000056513e+00 -1.414603591093015922e+00
9.883905560000057378e+00 -1.414659141443135537e+00
9.873323220000058242e+00 -1.414714774685479570e+00
9.862740880000059107e+00 -1.414770484091083524e+00
9.852158540000059972e+00 -1.414826382615129496e+00
9.841576200000060837e+00 -1.414882382347912193e+00
9.830993860000061701e+00 -1.414938448640067792e+00
9.820411520000062566e+00 -1.414994699966787728e+00
9.809829180000063431e+00 -1.415051069345077739e+00
9.799246840000064296e+00 -1.415107489975316213e+00
9.788664500000065161e+00 -1.415164095303695468e+00
9.778082160000066025e+00 -1.415220839674708797e+00
9.767499820000066890e+00 -1.415277629150154759e+00
9.756917480000067755e+00 -1.415334592110113476e+00
9.746335140000068620e+00 -1.415391701627255250e+00
9.735752800000069485e+00 -1.415448870725150243e+00
9.725170460000070349e+00 -1.415506185032149533e+00
9.714588120000071214e+00 -1.415563673458230420e+00
9.704005780000072079e+00 -1.415621220146250581e+00
9.693423440000072944e+00 -1.415678895609533861e+00
9.682841100000073808e+00 -1.415736760373536018e+00
9.672258760000074673e+00 -1.415794696490019655e+00
9.661676420000075538e+00 -1.415852733215526849e+00
9.651094080000076403e+00 -1.415910971335532897e+00
9.640511740000077268e+00 -1.415969304388649208e+00
9.629929400000078132e+00 -1.416027705326745822e+00
9.619347060000078997e+00 -1.416086325570640403e+00
9.608764720000079862e+00 -1.416145050043285503e+00
9.598182380000080727e+00 -1.416203831516425815e+00
9.587600040000081592e+00 -1.416262830653883142e+00
9.577017700000082456e+00 -1.416321953032259273e+00
9.566435360000083321e+00 -1.416381121619702199e+00
9.555853020000084186e+00 -1.416440493810238843e+00
9.545270680000085051e+00 -1.416500019455343651e+00
9.534688340000085915e+00 -1.416559580572133603e+00
9.524106000000086780e+00 -1.416619335389121881e+00
9.513523660000087645e+00 -1.416679258130500774e+00
9.502941320000088510e+00 -1.416739228467853717e+00
9.492358980000089375e+00 -1.416799363176833637e+00
9.481776640000090239e+00 -1.416859688619718671e+00
9.471194300000091104e+00 -1.416920073740776775e+00
9.460611960000091969e+00 -1.416980583364851665e+00
9.450029620000092834e+00 -1.417041317167384129e+00
9.439447280000093699e+00 -1.417102119530281090e+00
9.428864940000094563e+00 -1.417163018809559638e+00
9.418282600000095428e+00 -1.417224153804948816e+00
9.407700260000096293e+00 -1.417285385087311278e+00
9.397117920000097158e+00 -1.417346678979575891e+00
9.386535580000098022e+00 -1.417408219298228023e+00
9.375953240000098887e+00 -1.417469878500261515e+00
9.365370900000099752e+00 -1.417531570847371913e+00
9.354788560000100617e+00 -1.417593522432601505e+00
9.344206220000101482e+00 -1.417655612240978691e+00
9.333623880000102346e+00 -1.417717720425736516e+00
9.323041540000103211e+00 -1.417780073278325226e+00
9.312459200000104076e+00 -1.417842591626948590e+00
9.301876860000104941e+00 -1.417905133704776111e+00
9.291294520000105805e+00 -1.417967892080314929e+00
9.280712180000106670e+00 -1.418030842451658113e+00
9.270129840000107535e+00 -1.418093816242404381e+00
9.259547500000108400e+00 -1.418156983005923522e+00
9.248965160000109265e+00 -1.418220370850897361e+00
9.238382820000110129e+00 -1.418283793839814955e+00
9.227800480000110994e+00 -1.418347372361534298e+00
9.217218140000111859e+00 -1.418411186891142650e+00
9.206635800000112724e+00 -1.418475070421757911e+00
9.196053460000113589e+00 -1.418539056492525985e+00
9.185471120000114453e+00 -1.418603311381397614e+00
9.174888780000115318e+00 -1.418667652115869648e+00
9.164306440000116183e+00 -1.418732113500502656e+00
9.153724100000117048e+00 -1.418796755576555046e+00
9.143141760000117912e+00 -1.418861555063315683e+00
9.132559420000118777e+00 -1.418926452725034926e+00
9.121977080000119642e+00 -1.418991523000962651e+00
9.111394740000120507e+00 -1.419056790177332106e+00
9.100812400000121372e+00 -1.419122129695371548e+00
9.090230060000122236e+00 -1.419187644784422941e+00
9.079647720000123101e+00 -1.419253372839793581e+00
9.069065380000123966e+00 -1.419319169421037419e+00
9.058483040000124831e+00 -1.419385148525590834e+00
9.047900700000125696e+00 -1.419451325783510853e+00
9.037318360000126560e+00 -1.419517583547183159e+00
9.026736020000127425e+00 -1.419584016166790530e+00
9.016153680000128290e+00 -1.419650625034393432e+00
9.005571340000129155e+00 -1.419717378159148780e+00
8.994989000000130019e+00 -1.419784282634396710e+00
8.984406660000130884e+00 -1.419851351536549844e+00
8.973824320000131749e+00 -1.419918578327068692e+00
8.963241980000132614e+00 -1.419985956066831978e+00
8.952659640000133479e+00 -1.420053494553185969e+00
8.942077300000134343e+00 -1.420121196862189628e+00
8.931494960000135208e+00 -1.420189042388202871e+00
8.920912620000136073e+00 -1.420257060461812548e+00
8.910330280000136938e+00 -1.420325239121555505e+00
8.899747940000137802e+00 -1.420393570989280985e+00
8.889165600000138667e+00 -1.420462063104911188e+00
8.878583260000139532e+00 -1.420530730457150392e+00
8.868000920000140397e+00 -1.420599550051465432e+00
8.857418580000141262e+00 -1.420668524447472159e+00
8.846836240000142126e+00 -1.420737683004932528e+00
8.836253900000142991e+00 -1.420806986468298394e+00
8.825671560000143856e+00 -1.420876456971418511e+00
8.815089220000144721e+00 -1.420946111267230583e+00
8.804506880000145586e+00 -1.421015912224860012e+00
8.793924540000146450e+00 -1.421085873115391474e+00
8.783342200000147315e+00 -1.421156026037558195e+00
8.772759860000148180e+00 -1.421226335058428880e+00
8.762177520000149045e+00 -1.421296795572515981e+00
8.751595180000149909e+00 -1.421367453228648214e+00
8.741012840000150774e+00 -1.421438197806147219e+00
8.730430500000151639e+00 -1.421509173670450155e+00
8.719848160000152504e+00 -1.421580329327075898e+00
8.709265820000153369e+00 -1.421651688933984969e+00
8.698683480000154233e+00 -1.421723149349037207e+00
8.688101140000155098e+00 -1.421794830847860069e+00
8.677518800000155963e+00 -1.421866667999910794e+00
8.666936460000156828e+00 -1.421938668240349424e+00
8.656354120000157693e+00 -1.422010861952706096e+00
8.645771780000158557e+00 -1.422083227738232258e+00
8.635189440000159422e+00 -1.422155826827474989e+00
8.624607100000160287e+00 -1.422228494138483290e+00
8.614024760000161152e+00 -1.422301394018660181e+00
8.603442420000162016e+00 -1.422374465344091732e+00
8.592860080000162881e+00 -1.422447691795021729e+00
8.582277740000163746e+00 -1.422521151012967167e+00
8.571695400000164611e+00 -1.422594752848481248e+00
8.561113060000165476e+00 -1.422668549370704749e+00
8.550530720000166340e+00 -1.422742501079487631e+00
8.539948380000167205e+00 -1.422816644387626006e+00
8.529366040000168070e+00 -1.422890966938677337e+00
8.518783700000168935e+00 -1.422965537435417094e+00
8.508201360000169799e+00 -1.423040227358032705e+00
8.497619020000170664e+00 -1.423115075438871502e+00
8.487036680000171529e+00 -1.423190226669350800e+00
8.476454340000172394e+00 -1.423265519708038385e+00
8.465872000000173259e+00 -1.423340962260068343e+00
8.455289660000174123e+00 -1.423416646472635438e+00
8.444707320000174988e+00 -1.423492458915480485e+00
8.434124980000175853e+00 -1.423568420900509723e+00
8.423542640000176718e+00 -1.423644574547976216e+00
8.412960300000177583e+00 -1.423720956968475448e+00
8.402377960000178447e+00 -1.423797511648216219e+00
8.391795620000179312e+00 -1.423874321505472107e+00
8.381213280000180177e+00 -1.423951191028147267e+00
8.370630940000181042e+00 -1.424028433245116299e+00
8.360048600000181906e+00 -1.424105814936852399e+00
8.349466260000182771e+00 -1.424183307434185863e+00
8.338883920000183636e+00 -1.424260995446995581e+00
8.328301580000184501e+00 -1.424339014197523179e+00
8.317719240000185366e+00 -1.424417131119004809e+00
8.307136900000186230e+00 -1.424495440538171120e+00
8.296554560000187095e+00 -1.424573868807727628e+00
8.285972220000187960e+00 -1.424652572683357210e+00
8.275389880000188825e+00 -1.424731435089002574e+00
8.264807540000189690e+00 -1.424810515432678226e+00
8.254225200000190554e+00 -1.424889891005067355e+00
8.243642860000191419e+00 -1.424969405996876937e+00
8.233060520000192284e+00 -1.425049088820501186e+00
8.222478180000193149e+00 -1.425129038515700497e+00
8.211895840000194013e+00 -1.425209221609118782e+00
8.201313500000194878e+00 -1.425289430181364780e+00
8.190731160000195743e+00 -1.425370004722759987e+00
8.180148820000196608e+00 -1.425450727244126359e+00
8.169566480000197473e+00 -1.425531690174318689e+00
8.158984140000198337e+00 -1.425612848396944132e+00
8.148401800000199202e+00 -1.425694219381058003e+00
8.137819460000200067e+00 -1.425775800769004231e+00
8.127237120000200932e+00 -1.425857573081988905e+00
8.116654780000201796e+00 -1.425939563269347232e+00
8.106072440000202661e+00 -1.426021798567481902e+00
8.095490100000203526e+00 -1.426104083860928240e+00
8.084907760000204391e+00 -1.426186808814507101e+00
8.074325420000205256e+00 -1.426269757114685399e+00
8.063743080000206120e+00 -1.426352742427548392e+00
8.053160740000206985e+00 -1.426436053269870108e+00
8.042578400000207850e+00 -1.426519446968560700e+00
8.031996060000208715e+00 -1.426603192381279195e+00
8.021413720000209580e+00 -1.426687137028121333e+00
8.010831380000210444e+00 -1.426771292120094570e+00
8.000249040000211309e+00 -1.426855632024677023e+00
7.989666700000212174e+00 -1.426940200807333969e+00
7.979084360000213039e+00 -1.427025041679131689e+00
7.968502020000213903e+00 -1.427110090709384549e+00
7.957919680000214768e+00 -1.427195314286173966e+00
7.947337340000215633e+00 -1.427280770511571539e+00
7.936755000000216498e+00 -1.427366537624151555e+00
7.926172660000217363e+00 -1.427452580073276689e+00
7.915590320000218227e+00 -1.427538620813768144e+00
7.905007980000219092e+00 -1.427624936670618183e+00
7.894425640000219957e+00 -1.427711642498420419e+00
7.883843300000220822e+00 -1.427798475754369800e+00
7.873260960000221687e+00 -1.427885536479593487e+00
7.862678620000222551e+00 -1.427972877959326148e+00
7.852096280000223416e+00 -1.428060377697134120e+00
7.841513940000224281e+00 -1.428148192894947766e+00
7.830931600000225146e+00 -1.428236204090599593e+00
7.820349260000226010e+00 -1.428324445001264209e+00
7.809766920000226875e+00 -1.428412944060974743e+00
7.799184580000227740e+00 -1.428501642015129303e+00
7.788602240000228605e+00 -1.428590614761482858e+00
7.778019900000229470e+00 -1.428679810796383620e+00
7.767437560000230334e+00 -1.428769250840934646e+00
7.756855220000231199e+00 -1.428858999417404796e+00
7.746272880000232064e+00 -1.428948827601268290e+00
7.735690540000232929e+00 -1.429038962075251940e+00
7.725108200000233794e+00 -1.429129451650829719e+00
7.672196500000238117e+00 -1.429585175818441023e+00
7.661614160000238982e+00 -1.429677027895245089e+00
7.651031820000239847e+00 -1.429769200877913704e+00
7.640449480000240712e+00 -1.429861574797187673e+00
7.629867140000241577e+00 -1.429954182394443052e+00
7.619284800000242441e+00 -1.430047103861371127e+00
7.608702460000243306e+00 -1.430140223024743529e+00
7.598120120000244171e+00 -1.430233696180792435e+00
7.587537780000245036e+00 -1.430327364068171070e+00
7.576955440000245900e+00 -1.430421364762996861e+00
7.566373100000246765e+00 -1.430515530783794009e+00
7.555790760000247630e+00 -1.430609921007746310e+00
7.545208420000248495e+00 -1.430704698186678892e+00
7.534626080000249360e+00 -1.430799567600668842e+00
7.524043740000250224e+00 -1.430894954812766517e+00
7.513461400000251089e+00 -1.430990321496212303e+00
7.502879060000251954e+00 -1.431086106875603559e+00
7.492296720000252819e+00 -1.431182158995832898e+00
7.481714380000253684e+00 -1.431278475566350572e+00
7.471132040000254548e+00 -1.431374975989476939e+00
7.460549700000255413e+00 -1.431471820519484295e+00
7.449967360000256278e+00 -1.431568842344402404e+00
7.439385020000257143e+00 -1.431666301414732834e+00
7.428802680000258007e+00 -1.431763945470258870e+00
7.418220340000258872e+00 -1.431861878233941399e+00
7.407638000000259737e+00 -1.431960101816028619e+00
7.397055660000260602e+00 -1.432058550506777994e+00
7.386473320000261467e+00 -1.432157458865311206e+00
7.322979280000266655e+00 -1.432755758112796762e+00
7.312396940000267520e+00 -1.432856467193957650e+00
7.301814600000268385e+00 -1.432957495158928785e+00
7.291232260000269250e+00 -1.433058843051450815e+00
7.206573540000276168e+00 -1.433879769463899834e+00
7.195991200000277033e+00 -1.433983736619035554e+00
7.185408860000277897e+00 -1.434088099492502710e+00
7.174826520000278762e+00 -1.434192603406693856e+00
7.164244180000279627e+00 -1.434297407831587545e+00
7.153661840000280492e+00 -1.434402549765928514e+00
7.143079500000281357e+00 -1.434508028416627390e+00
7.132497160000282221e+00 -1.434613804035036910e+00
7.121914820000283086e+00 -1.434719906505552700e+00
7.111332480000283951e+00 -1.434826267056424909e+00
7.100750140000284816e+00 -1.434932959304306754e+00
7.090167800000285681e+00 -1.435039974386826511e+00
7.079585460000286545e+00 -1.435147286210690432e+00
7.069003120000287410e+00 -1.435254942436702263e+00
7.058420780000288275e+00 -1.435362879070197994e+00
7.047838440000289140e+00 -1.435471152866889089e+00
7.037256100000290004e+00 -1.435579744814141190e+00
7.026673760000290869e+00 -1.435688644860212859e+00
7.016091420000291734e+00 -1.435797875553096237e+00
7.005509080000292599e+00 -1.435907417597829472e+00
6.994926740000293464e+00 -1.436017292637156606e+00
6.984344400000294328e+00 -1.436127488314195677e+00
6.973762060000295193e+00 -1.436238018754571799e+00
6.963179720000296058e+00 -1.436348864902891265e+00
6.952597380000296923e+00 -1.436460038427541219e+00
6.942015040000297788e+00 -1.436571544856392268e+00
6.931432700000298652e+00 -1.436683369259169174e+00
6.920850360000299517e+00 -1.436795542021759520e+00
6.910268020000300382e+00 -1.436908037938271487e+00
6.899685680000301247e+00 -1.437020879060951772e+00
6.889103340000302111e+00 -1.437134003119488801e+00
6.878521000000302976e+00 -1.437247566541193233e+00
6.867938660000303841e+00 -1.437361435354777672e+00
6.857356320000304706e+00 -1.437475589189202818e+00
6.846773980000305571e+00 -1.437590126416463443e+00
6.836191640000306435e+00 -1.437705015975395240e+00
6.825609300000307300e+00 -1.437820222710879836e+00
6.815026960000308165e+00 -1.437935782526588824e+00
6.804444620000309030e+00 -1.438051697843467647e+00
6.793862280000309894e+00 -1.438167948012573083e+00
6.783279940000310759e+00 -1.438284568055729018e+00
6.772697600000311624e+00 -1.438401526401461350e+00
6.762115260000312489e+00 -1.438518870340905309e+00
6.751532920000313354e+00 -1.438636514081155005e+00
6.740950580000314218e+00 -1.438754529916943525e+00
6.730368240000315083e+00 -1.438872906178910505e+00
6.719785900000315948e+00 -1.438991655036877315e+00
6.709203560000316813e+00 -1.439110733849424006e+00
6.698621220000317678e+00 -1.439230194162771204e+00
6.688038880000318542e+00 -1.439350000350501757e+00
6.677456540000319407e+00 -1.439470180036376945e+00
6.666874200000320272e+00 -1.439590727524734159e+00
6.656291860000321137e+00 -1.439711647810497430e+00
6.645709520000322001e+00 -1.439832918752916635e+00
6.635127180000322866e+00 -1.439954571518325954e+00
6.624544840000323731e+00 -1.440076582939386896e+00
6.613962500000324596e+00 -1.440198970405053513e+00
6.603380160000325461e+00 -1.440321728888265040e+00
6.592797820000326325e+00 -1.440444860255086112e+00
6.582215480000327190e+00 -1.440568376584339338e+00
6.571633140000328055e+00 -1.440692250686270048e+00
6.561050800000328920e+00 -1.440816530978156429e+00
6.550468460000329785e+00 -1.440941158592611959e+00
6.539886120000330649e+00 -1.441066174603854000e+00
6.529303780000331514e+00 -1.441191612667323874e+00
6.518721440000332379e+00 -1.441317400126689741e+00
6.508139100000333244e+00 -1.441443582228186804e+00
6.497556760000334108e+00 -1.441570139134697559e+00
6.486974420000334973e+00 -1.441697095450257038e+00
6.476392080000335838e+00 -1.441824428540815939e+00
6.465809740000336703e+00 -1.441952163242461005e+00
6.455227400000337568e+00 -1.442080257981341873e+00
6.444645060000338432e+00 -1.442208748496921933e+00
6.434062720000339297e+00 -1.442337726782071394e+00
6.423480380000340162e+00 -1.442467006566274579e+00
6.412898040000341027e+00 -1.442596715790728679e+00
6.402315700000341891e+00 -1.442726789794180231e+00
6.391733360000342756e+00 -1.442857291889682703e+00
6.381151020000343621e+00 -1.442988180871611625e+00
6.370568680000344486e+00 -1.443119483830696215e+00
6.359986340000345351e+00 -1.443251160839138958e+00
6.349404000000346215e+00 -1.443383251329501515e+00
6.338821660000347080e+00 -1.443515832534605137e+00
6.328239320000347945e+00 -1.443648710716695982e+00
6.317656980000348810e+00 -1.443782040533232447e+00
6.307074640000349675e+00 -1.443915764719486683e+00
6.296492300000350539e+00 -1.444049912889771470e+00
6.285909960000351404e+00 -1.444184458559751860e+00
6.275327620000352269e+00 -1.444319428913172443e+00
6.264745280000353134e+00 -1.444454798298811404e+00
6.254162940000353998e+00 -1.444590599224745198e+00
6.243580600000354863e+00 -1.444726773694931632e+00
6.232998260000355728e+00 -1.444863405057562611e+00
6.222415920000356593e+00 -1.445000490102474000e+00
6.211833580000357458e+00 -1.445137928613247524e+00
6.201251240000358322e+00 -1.445275783592513630e+00
6.190668900000359187e+00 -1.445414107660643044e+00
6.180086560000360052e+00 -1.445552840044401766e+00
6.169504220000360917e+00 -1.445691988229795832e+00
6.158921880000361782e+00 -1.445831549237549751e+00
6.148339540000362646e+00 -1.445971538607019102e+00
6.137757200000363511e+00 -1.446111958464896707e+00
6.127174860000364376e+00 -1.446252808288348790e+00
6.116592520000365241e+00 -1.446394071880365395e+00
6.106010180000366105e+00 -1.446535777796161160e+00
6.095427840000366970e+00 -1.446677898079726798e+00
6.084845500000367835e+00 -1.446820461118002665e+00
6.074263160000368700e+00 -1.446963424627904171e+00
6.063680820000369565e+00 -1.447106867828646504e+00
6.053098480000370429e+00 -1.447250722514041854e+00
6.042516140000371294e+00 -1.447394997805143246e+00
6.031933800000372159e+00 -1.447539718730841862e+00
6.021351460000373024e+00 -1.447684838284477138e+00
6.010769120000373889e+00 -1.447830436657990605e+00
6.000186780000374753e+00 -1.447976465012570380e+00
5.989604440000375618e+00 -1.448122885220468836e+00
5.979022100000376483e+00 -1.448269816257069298e+00
5.968439760000377348e+00 -1.448417132756816494e+00
5.957857420000378212e+00 -1.448564901862378296e+00
5.947275080000379077e+00 -1.448713092880649977e+00
5.936692740000379942e+00 -1.448861736097760922e+00
5.926110400000380807e+00 -1.449010760057053204e+00
5.915528060000381672e+00 -1.449160329096643496e+00
5.904945720000382536e+00 -1.449310269263997197e+00
5.894363380000383401e+00 -1.449460661469654355e+00
5.883781040000384266e+00 -1.449611512275044145e+00
5.873198700000385131e+00 -1.449762755394637948e+00
5.862616360000385995e+00 -1.449914464723694563e+00
5.852034020000386860e+00 -1.450066608226856957e+00
5.841451680000387725e+00 -1.450219196564544344e+00
5.830869340000388590e+00 -1.450372208469959512e+00
5.820287000000389455e+00 -1.450525680345537749e+00
5.809704660000390319e+00 -1.450679638659694515e+00
5.799122320000391184e+00 -1.450833936589491113e+00
5.788539980000392049e+00 -1.450988697515378956e+00
5.777957640000392914e+00 -1.451143899444181651e+00
5.767375300000393779e+00 -1.451299565426222404e+00
5.756792960000394643e+00 -1.451455647254211057e+00
5.746210620000395508e+00 -1.451612179321927432e+00
5.735628280000396373e+00 -1.451769146404881417e+00
5.725045940000397238e+00 -1.451926541386994618e+00
5.714463600000398102e+00 -1.452084373699995989e+00
5.703881260000398967e+00 -1.452242639580802797e+00
5.693298920000399832e+00 -1.452401425584104011e+00
5.682716580000400697e+00 -1.452560450731448904e+00
5.672134240000401562e+00 -1.452720154665387842e+00
5.661551900000402426e+00 -1.452880133081675185e+00
5.650969560000403291e+00 -1.453040446447361633e+00
5.640387220000404156e+00 -1.453201385101532628e+00
5.629804880000405021e+00 -1.453362620340218569e+00
5.619222540000405886e+00 -1.453524348418518075e+00
5.608640200000406750e+00 -1.453686434317654097e+00
5.598057860000407615e+00 -1.453849042896486310e+00
5.587475520000408480e+00 -1.454012018501822379e+00
5.576893180000409345e+00 -1.454175433964896902e+00
5.566310840000410209e+00 -1.454339248081171876e+00
5.555728500000411074e+00 -1.454503468071011163e+00
5.545146160000411939e+00 -1.454668127500930552e+00
5.534563820000412804e+00 -1.454833236853210421e+00
5.523981480000413669e+00 -1.454998720234426557e+00
5.513399140000414533e+00 -1.455164591735867097e+00
5.502816800000415398e+00 -1.455330918157483833e+00
5.492234460000416263e+00 -1.455497591569225868e+00
5.481652120000417128e+00 -1.455664694775536949e+00
5.471069780000417992e+00 -1.455832251017223911e+00
5.460487440000418857e+00 -1.456000171987672731e+00
5.449905100000419722e+00 -1.456168503367399003e+00
5.439322760000420587e+00 -1.456337198030991376e+00
5.428740420000421452e+00 -1.456506291451681978e+00
5.418158080000422316e+00 -1.456675797247578341e+00
5.407575740000423181e+00 -1.456845661240214973e+00
5.396993400000424046e+00 -1.457015909604287618e+00
5.386411060000424911e+00 -1.457186565092803310e+00
5.375828720000425776e+00 -1.457357543530294119e+00
5.365246380000426640e+00 -1.457528912743957461e+00
5.354664040000427505e+00 -1.457700741061142002e+00
5.344081700000428370e+00 -1.457872854610384961e+00
5.333499360000429235e+00 -1.458045350773303772e+00
5.322917020000430099e+00 -1.458218190147303694e+00
5.312334680000430964e+00 -1.458391399351117945e+00
5.301752340000431829e+00 -1.458564912277961589e+00
5.291170000000432694e+00 -1.458738798292115391e+00
5.280587660000433559e+00 -1.458913069061358314e+00
5.270005320000434423e+00 -1.459087647070691940e+00
5.259422980000435288e+00 -1.459262615239587113e+00
5.248840640000436153e+00 -1.459437842473302327e+00
5.238258300000437018e+00 -1.459613428328792928e+00
5.227675960000437883e+00 -1.459789310610084989e+00
5.217093620000438747e+00 -1.459965530741101247e+00
5.206511280000439612e+00 -1.460142010508876265e+00
5.195928940000440477e+00 -1.460318874305739811e+00
5.185346600000441342e+00 -1.460496021389452448e+00
5.174764260000442206e+00 -1.460673419265346329e+00
5.164181920000443071e+00 -1.460851132438812483e+00
5.153599580000443936e+00 -1.461029122940591618e+00
5.143017240000444801e+00 -1.461207390091382008e+00
5.132434900000445666e+00 -1.461385921670281807e+00
5.121852560000446530e+00 -1.461564732191340532e+00
5.111270220000447395e+00 -1.461743796990880417e+00
5.100687880000448260e+00 -1.461923107898203789e+00
5.090105540000449125e+00 -1.462102667458959449e+00
5.079523200000449989e+00 -1.462282451005598949e+00
5.068940860000450854e+00 -1.462462497083692803e+00
5.058358520000451719e+00 -1.462642742963725428e+00
5.047776180000452584e+00 -1.462823222524978872e+00
5.037193840000453449e+00 -1.463003891566657666e+00
5.026611500000454313e+00 -1.463184783123317789e+00
5.016029160000455178e+00 -1.463365870022852233e+00
5.005446820000456043e+00 -1.463547117009395215e+00
4.994864480000456908e+00 -1.463728564323010906e+00
4.984282140000457773e+00 -1.463910165336871572e+00
4.973699800000458637e+00 -1.464091940793276425e+00
4.963117460000459502e+00 -1.464273849294092544e+00
4.952535120000460367e+00 -1.464455927281771430e+00
4.941952780000461232e+00 -1.464638112402016024e+00
4.931370440000462096e+00 -1.464820448035959455e+00
4.920788100000462961e+00 -1.465002894656473043e+00
4.910205760000463826e+00 -1.465185431267476135e+00
4.899623420000464691e+00 -1.465368078488988868e+00
4.889041080000465556e+00 -1.465550796896783803e+00
4.878458740000466420e+00 -1.465733604399279244e+00
4.867876400000467285e+00 -1.465916468321441846e+00
4.857294060000468150e+00 -1.466099389094785543e+00
4.846711720000469015e+00 -1.466282357152712157e+00
4.836129380000469880e+00 -1.466465353730816989e+00
4.825547040000470744e+00 -1.466648375324030695e+00
4.814964700000471609e+00 -1.466831394600583982e+00
4.804382360000472474e+00 -1.467014425969927149e+00
4.793800020000473339e+00 -1.467197427842889867e+00
4.783217680000474203e+00 -1.467380415910913616e+00
4.772635340000475068e+00 -1.467563331978316787e+00
4.762053000000475933e+00 -1.467746254782173132e+00
4.751470660000476798e+00 -1.467929058375477380e+00
4.740888320000477663e+00 -1.468111818764500143e+00
4.730305980000478527e+00 -1.468294482832844361e+00
4.719723640000479392e+00 -1.468477025987954043e+00
4.709141300000480257e+00 -1.468659459418867774e+00
4.698558960000481122e+00 -1.468841751468937584e+00
4.687976620000481986e+00 -1.469023903114500929e+00
4.677394280000482851e+00 -1.469205880723742030e+00
4.666811940000483716e+00 -1.469387686709197505e+00
4.656229600000484581e+00 -1.469569293263469412e+00
4.645647260000485446e+00 -1.469750724795982677e+00
4.635064920000486310e+00 -1.469931882780955323e+00
4.624482580000487175e+00 -1.470112819879560551e+00
4.613900240000488040e+00 -1.470293504619974545e+00
4.603317900000488905e+00 -1.470473904462368031e+00
4.592735560000489770e+00 -1.470654017605196762e+00
4.582153220000490634e+00 -1.470833831467557307e+00
4.571570880000491499e+00 -1.471013290028502896e+00
4.560988540000492364e+00 -1.471192451641324617e+00
4.550406200000493229e+00 -1.471371197450282331e+00
4.539823860000494093e+00 -1.471549579522961837e+00
4.529241520000494958e+00 -1.471727602972367155e+00
4.518659180000495823e+00 -1.471905028330112719e+00
4.508076840000496688e+00 -1.472082238194746262e+00
4.497494500000497553e+00 -1.472258910979348911e+00
4.486912160000498417e+00 -1.472435100996962287e+00
4.476329820000499282e+00 -1.472610775994399379e+00
4.465747480000500147e+00 -1.472785938706104192e+00
4.455165140000501012e+00 -1.472960545228209517e+00
4.444582800000501877e+00 -1.473134624214804234e+00
4.434000460000502741e+00 -1.473308045304612346e+00
4.423418120000503606e+00 -1.473480874468528379e+00
4.412835780000504471e+00 -1.473653101950835875e+00
4.402253440000505336e+00 -1.473824665898243902e+00
4.391671100000506200e+00 -1.473995544269609770e+00
4.381088760000507065e+00 -1.474165711419588076e+00
4.370506420000507930e+00 -1.474335154899609535e+00
4.359924080000508795e+00 -1.474503830133000015e+00
4.349341740000509660e+00 -1.474671745662743394e+00
4.338759400000510524e+00 -1.474838815250901769e+00
4.328177060000511389e+00 -1.475005109083534327e+00
4.317594720000512254e+00 -1.475170484705890184e+00
4.307012380000513119e+00 -1.475335042849506895e+00
4.296430040000513984e+00 -1.475498619554387325e+00
4.285847700000514848e+00 -1.475661277144128203e+00
4.275265360000515713e+00 -1.475822965529294706e+00
4.264683020000516578e+00 -1.475983642620546599e+00
4.254100680000517443e+00 -1.476143301235787186e+00
4.243518340000518307e+00 -1.476301890865296063e+00
4.232936000000519172e+00 -1.476459406224229776e+00
4.222353660000520037e+00 -1.476615730572319096e+00
4.211771320000520902e+00 -1.476771016765476841e+00
4.201188980000521767e+00 -1.476925051610301409e+00
4.190606640000522631e+00 -1.477077822557215869e+00
4.180024300000523496e+00 -1.477229387169203267e+00
4.169441960000524361e+00 -1.477379638807836404e+00
4.158859620000525226e+00 -1.477528569844150041e+00
4.148277280000526090e+00 -1.477676135025458137e+00
4.137694940000526955e+00 -1.477822325209551479e+00
4.127112600000527820e+00 -1.477967082203332616e+00
4.116530260000528685e+00 -1.478110354772905310e+00
4.105947920000529550e+00 -1.478252143524783291e+00
4.095365580000530414e+00 -1.478392364974749462e+00
4.084783240000531279e+00 -1.478531018062214653e+00
4.074200900000532144e+00 -1.478668032683511324e+00
4.063618560000533009e+00 -1.478803434264013728e+00
4.053036220000533874e+00 -1.478937091287662042e+00
4.042453880000534738e+00 -1.479068982103420637e+00
4.031871540000535603e+00 -1.479199097484236392e+00
4.021289200000536468e+00 -1.479327380366084466e+00
4.010706860000537333e+00 -1.479453767816050869e+00
4.000124520000538197e+00 -1.479578263289334172e+00
3.989542180000539062e+00 -1.479700768555085588e+00
3.978959840000539927e+00 -1.479821280553467178e+00
3.968377500000540792e+00 -1.479939740700219719e+00
3.957795160000541657e+00 -1.480056052516371956e+00
3.947212820000542521e+00 -1.480170215306242154e+00
3.936630480000543386e+00 -1.480282181377496231e+00
3.926048140000544251e+00 -1.480391871851052032e+00
3.915465800000545116e+00 -1.480499275660653202e+00
3.904883460000545981e+00 -1.480604296137091103e+00
3.894301120000546845e+00 -1.480706921023796196e+00
3.883718780000547710e+00 -1.480807063738899254e+00
3.873136440000548575e+00 -1.480904707373986717e+00
3.862554100000549440e+00 -1.480999743069018715e+00
3.851971760000550304e+00 -1.481092154058914812e+00
3.841389420000551169e+00 -1.481181832930820841e+00
3.830807080000552034e+00 -1.481268825645120302e+00
3.820224740000552899e+00 -1.481352992393370149e+00
3.809642400000553764e+00 -1.481434232203044710e+00
3.799060060000554628e+00 -1.481512607158105732e+00
3.788477720000555493e+00 -1.481587947511549208e+00
3.777895380000556358e+00 -1.481660210048230120e+00
3.767313040000557223e+00 -1.481729397065462805e+00
3.756730700000558087e+00 -1.481795360897392833e+00
3.746148360000558952e+00 -1.481858068163777409e+00
3.735566020000559817e+00 -1.481917447620120898e+00
3.724983680000560682e+00 -1.481973437263637061e+00
3.714401340000561547e+00 -1.482025958199015614e+00
3.703819000000562411e+00 -1.482074928830822147e+00
3.693236660000563276e+00 -1.482120298714844520e+00
3.682654320000564141e+00 -1.482161975219060679e+00
3.672071980000565006e+00 -1.482199899050637315e+00
3.661489640000565871e+00 -1.482233978745541414e+00
3.650907300000566735e+00 -1.482264147939981624e+00
3.640324960000567600e+00 -1.482290319129434542e+00
3.629742620000568465e+00 -1.482312421678722014e+00
3.619160280000569330e+00 -1.482330361823111176e+00
3.608577940000570194e+00 -1.482344066944809802e+00
3.597995600000571059e+00 -1.482353443758898770e+00
3.587413260000571924e+00 -1.482358417752573931e+00
3.576830920000572789e+00 -1.482358923811499585e+00
3.566248580000573654e+00 -1.482354781182235959e+00
3.555666240000574518e+00 -1.482345996290696188e+00
3.545083900000575383e+00 -1.482332443129880106e+00
3.534501560000576248e+00 -1.482314035652606110e+00
3.523919220000577113e+00 -1.482290666892028375e+00
3.513336880000577978e+00 -1.482262252122890756e+00
3.502754540000578842e+00 -1.482228688821132678e+00
3.492172200000579707e+00 -1.482189883616030102e+00
3.481589860000580572e+00 -1.482145739274712160e+00
3.471007520000581437e+00 -1.482096134543039678e+00
3.460425180000582301e+00 -1.482040975001605476e+00
3.449842840000583166e+00 -1.481980162078015084e+00
3.439260500000584031e+00 -1.481913579702035300e+00
3.428678160000584896e+00 -1.481841131066518713e+00
3.418095820000585761e+00 -1.481762697100856174e+00
3.407513480000586625e+00 -1.481678163071551868e+00
3.396931140000587490e+00 -1.481587424469861469e+00
3.386348800000588355e+00 -1.481490388547382242e+00
3.375766460000589220e+00 -1.481386855965793004e+00
3.365184120000590084e+00 -1.481276778170410813e+00
3.354601780000590949e+00 -1.481160025444439476e+00
3.344019440000591814e+00 -1.481036466261573148e+00
3.333437100000592679e+00 -1.480905975226962212e+00
3.322854760000593544e+00 -1.480768426386324776e+00
3.312272420000594408e+00 -1.480623683083272635e+00
3.301690080000595273e+00 -1.480471629861058291e+00
3.291107740000596138e+00 -1.480312140070434435e+00
3.280525400000597003e+00 -1.480145030138412254e+00
3.269943060000597868e+00 -1.479970231984208073e+00
3.259360720000598732e+00 -1.479787568375423579e+00
3.248778380000599597e+00 -1.479596893443306582e+00
3.238196040000600462e+00 -1.479398092463458436e+00
3.227613700000601327e+00 -1.479190992293823115e+00
3.217031360000602191e+00 -1.478975456986287185e+00
3.206449020000603056e+00 -1.478751341253877527e+00
3.195866680000603921e+00 -1.478518491709160720e+00
3.185284340000604786e+00 -1.478276729021453573e+00
3.174702000000605651e+00 -1.478025951857111497e+00
3.164119660000606515e+00 -1.477765946778756723e+00
3.153537320000607380e+00 -1.477496608644709442e+00
3.142954980000608245e+00 -1.477217708871497726e+00
3.132372640000609110e+00 -1.476929145181486547e+00
3.121790300000609975e+00 -1.476630709316433032e+00
3.111207960000610839e+00 -1.476322256960933332e+00
3.100625620000611704e+00 -1.476003580024135120e+00
3.090043280000612569e+00 -1.475674540681543023e+00
3.079460940000613434e+00 -1.475334934912676088e+00
3.068878600000614298e+00 -1.474984598358353161e+00
3.058296260000615163e+00 -1.474623346454796424e+00
3.047713920000616028e+00 -1.474250974760562105e+00
3.037131580000616893e+00 -1.473867340633894685e+00
3.026549240000617758e+00 -1.473472189007537292e+00
3.015966900000618622e+00 -1.473065425083867730e+00
3.005384560000619487e+00 -1.472646709963714162e+00
2.994802220000620352e+00 -1.472215937587415979e+00
2.984219880000621217e+00 -1.471772914415199196e+00
2.973637540000622081e+00 -1.471317415891913782e+00
2.963055200000622946e+00 -1.470849228598781089e+00
2.952472860000623811e+00 -1.470368116191523633e+00
2.941890520000624676e+00 -1.469873944138637700e+00
2.931308180000625541e+00 -1.469366420672978180e+00
2.920725840000626405e+00 -1.468845361508460456e+00
2.910143500000627270e+00 -1.468310519066226894e+00
2.899561160000628135e+00 -1.467761639760790437e+00
2.888978820000629000e+00 -1.467198619097700663e+00
2.878396480000629865e+00 -1.466621083203035081e+00
2.867814140000630729e+00 -1.466028910552835685e+00
2.857231800000631594e+00 -1.465421747213175419e+00
2.846649460000632459e+00 -1.464799464544702889e+00
2.836067120000633324e+00 -1.464161743414729822e+00
2.825484780000634188e+00 -1.463508400675467502e+00
2.814902440000635053e+00 -1.462839078031715756e+00
2.804320100000635918e+00 -1.462153655518377171e+00
2.793737760000636783e+00 -1.461451881731397062e+00
2.783155420000637648e+00 -1.460733448933592804e+00
2.772573080000638512e+00 -1.459998338328689638e+00
2.761990740000639377e+00 -1.459246517404682475e+00
2.751408400000640242e+00 -1.458478208093811457e+00
2.740826060000641107e+00 -1.457678736129715436e+00
2.243456080000681752e+00 -1.402556366473520999e+00
2.232873740000682616e+00 -1.402670203761190226e+00
2.222291400000683481e+00 -1.402749555855121066e+00
2.211709060000684346e+00 -1.402794079553619566e+00
2.201126720000685211e+00 -1.402803430289153663e+00
2.190544380000686076e+00 -1.402777060008391974e+00
2.179962040000686940e+00 -1.402714518459926563e+00
2.169379700000687805e+00 -1.402615697824346030e+00
2.158797360000688670e+00 -1.402479704494323798e+00
2.148215020000689535e+00 -1.402306467894057551e+00
2.137632680000690399e+00 -1.402095290616077516e+00
2.127050340000691264e+00 -1.401845709196148704e+00
2.116468000000692129e+00 -1.401557345722024062e+00
2.105885660000692994e+00 -1.401229596115656229e+00
2.095303320000693859e+00 -1.400861809916098322e+00
2.084720980000694723e+00 -1.400453500530747464e+00
2.074138640000695588e+00 -1.400004262730536020e+00
2.063556300000696453e+00 -1.399513198899183353e+00
2.052973960000697318e+00 -1.398980003123990734e+00
2.042391620000698182e+00 -1.398403807506220398e+00
2.031809280000699047e+00 -1.397783963812928576e+00
2.021226940000699912e+00 -1.397120083860101891e+00
2.010644600000700777e+00 -1.396411238174056768e+00
2.000062260000701642e+00 -1.395656713192243714e+00
1.989479920000702506e+00 -1.394855793121819065e+00
1.978897580000703371e+00 -1.394007838632317364e+00
1.968315240000704236e+00 -1.393111924132389046e+00
1.957732900000705101e+00 -1.392167437952050335e+00
1.947150560000705966e+00 -1.391173239620651314e+00
1.936568220000706830e+00 -1.390128729345992298e+00
1.925985880000707695e+00 -1.389033029349127313e+00
1.915403540000708560e+00 -1.387884962257462496e+00
1.904821200000709425e+00 -1.386683765652443556e+00
1.894238860000710289e+00 -1.385428317746197902e+00
1.883656520000711154e+00 -1.384117880538777268e+00
1.873074180000712019e+00 -1.382750955317143982e+00
1.862491840000712884e+00 -1.381326904598066507e+00
1.851909500000713749e+00 -1.379844016376013949e+00
1.841327160000714613e+00 -1.378301648595442019e+00
1.830744820000715478e+00 -1.376698448049568313e+00
1.820162480000716343e+00 -1.375032777979323217e+00
1.809580140000717208e+00 -1.373303751686002716e+00
1.798997800000718073e+00 -1.371509495554336100e+00
1.788415460000718937e+00 -1.369648969575947728e+00
1.777833120000719802e+00 -1.367720397676984501e+00
1.767250780000720667e+00 -1.365722407614677447e+00
1.756668440000721532e+00 -1.363652913817687828e+00
1.746086100000722396e+00 -1.361510556827842056e+00
1.735503760000723261e+00 -1.359293661748993021e+00
1.724921420000724126e+00 -1.356999844114090026e+00
1.714339080000724991e+00 -1.354627719599759805e+00
1.703756740000725856e+00 -1.352174666039867246e+00
1.693174400000726720e+00 -1.349638928846925490e+00
1.682592060000727585e+00 -1.347018187505446329e+00
1.672009720000728450e+00 -1.344310105041175429e+00
1.661427380000729315e+00 -1.341512221456059306e+00
1.650845040000730179e+00 -1.338621953581920154e+00
1.640262700000731044e+00 -1.335637012604664386e+00
1.629680360000731909e+00 -1.332554079858996099e+00
1.619098020000732774e+00 -1.329370978833519512e+00
1.608515680000733639e+00 -1.326084088392066151e+00
1.597933340000734503e+00 -1.322690779203800737e+00
1.587351000000735368e+00 -1.319187725012043400e+00
1.576768660000736233e+00 -1.315571558087831994e+00
1.566186320000737098e+00 -1.311838904400696393e+00
1.555603980000737963e+00 -1.307985932984898847e+00
1.545021640000738827e+00 -1.304009490363927215e+00
1.534439300000739692e+00 -1.299905017575706090e+00
1.523856960000740557e+00 -1.295669253339746918e+00
1.513274620000741422e+00 -1.291297347642223370e+00
1.502692280000742286e+00 -1.286785554059604042e+00
1.492109940000743151e+00 -1.282129273333974639e+00
1.481527600000744016e+00 -1.277323898834296756e+00
1.470945260000744881e+00 -1.272364798978097511e+00
1.460362920000745746e+00 -1.267246783356055895e+00
1.449780580000746610e+00 -1.261965408258103327e+00
1.439198240000747475e+00 -1.256514616962255859e+00
1.428615900000748340e+00 -1.250889904038430700e+00
1.418033560000749205e+00 -1.245084707069900487e+00
1.407451220000750070e+00 -1.239093746216558101e+00
1.396868880000750934e+00 -1.232911503046895785e+00
1.386286540000751799e+00 -1.226531089169415889e+00
1.375704200000752664e+00 -1.219946422821409637e+00
1.365121860000753529e+00 -1.213150611551505165e+00
1.354539520000754393e+00 -1.206137562153091203e+00
1.343957180000755258e+00 -1.198899247834069204e+00
1.333374840000756123e+00 -1.191429398337556123e+00
1.322792500000756988e+00 -1.183719688554924376e+00
1.312210160000757853e+00 -1.175762099180863718e+00
1.301627820000758717e+00 -1.167549849600953316e+00
1.291045480000759582e+00 -1.159073257850486538e+00
1.280463140000760447e+00 -1.150324796684961681e+00
1.269880800000761312e+00 -1.141294405892167019e+00
1.259298460000762176e+00 -1.131973708578981608e+00
1.248716120000763041e+00 -1.122352761901079798e+00
1.238133780000763906e+00 -1.112422039536792973e+00
1.227551440000764771e+00 -1.102169940786699609e+00
1.216969100000765636e+00 -1.091587095299969334e+00
1.206386760000766500e+00 -1.080662772725892173e+00
1.195804420000767365e+00 -1.069384218378288010e+00
1.185222080000768230e+00 -1.057740911970113329e+00
1.174639740000769095e+00 -1.045719116509273849e+00
1.164057400000769960e+00 -1.033307134943972638e+00
1.153475060000770824e+00 -1.020491233035285328e+00
1.142892720000771689e+00 -1.007257680308178749e+00
1.132310380000772554e+00 -9.935922085636056389e-01
1.121728040000773419e+00 -9.794794107357964741e-01
1.111145700000774283e+00 -9.649050531137791653e-01
1.100563360000775148e+00 -9.498513571706630465e-01
1.089981020000776013e+00 -9.343032491178261401e-01
1.079398680000776878e+00 -9.182415125577787496e-01
1.068816340000777743e+00 -9.016493098114086724e-01
1.058234000000778607e+00 -8.845070988151144675e-01
