7.703943520000235523e+00 -1.429980038217999239e+00
7.693361180000236388e+00 -1.430073074867497240e+00
7.682778840000237253e+00 -1.430166358698467199e+00
7.481714380000253684e+00 -1.431988876285438472e+00
7.471132040000254548e+00 -1.432087511751184206e+00
7.460549700000255413e+00 -1.432186417158304081e+00
7.449967360000256278e+00 -1.432285611790163893e+00
7.439385020000257143e+00 -1.432385078340765894e+00
7.428802680000258007e+00 -1.432484836208850032e+00
7.365308640000263196e+00 -1.433089351874849982e+00
7.354726300000264061e+00 -1.433191119519436008e+00
7.344143960000264926e+00 -1.433293169521505650e+00
7.333561620000265791e+00 -1.433395521805067574e+00
6.857356320000304706e+00 -1.438325205249567862e+00
6.846773980000305571e+00 -1.438442439360728242e+00
6.836191640000306435e+00 -1.438560018537104357e+00
6.825609300000307300e+00 -1.438677965765592148e+00
6.815026960000308165e+00 -1.438796260520394110e+00
6.804444620000309030e+00 -1.438914925922307964e+00
6.793862280000309894e+00 -1.439033945962103767e+00
6.783279940000310759e+00 -1.439153331967172100e+00
6.772697600000311624e+00 -1.439273078758871227e+00
6.762115260000312489e+00 -1.439393195069070597e+00
6.751532920000313354e+00 -1.439513681894982522e+00
6.740950580000314218e+00 -1.439634526416320615e+00
6.730368240000315083e+00 -1.439755752237147135e+00
6.719785900000315948e+00 -1.439877338236544624e+00
6.709203560000316813e+00 -1.439999308154436441e+00
6.698621220000317678e+00 -1.440121652820356424e+00
6.688038880000318542e+00 -1.440244361901084291e+00
6.677456540000319407e+00 -1.440367452036312779e+00
6.666874200000320272e+00 -1.440490924716007148e+00
6.656291860000321137e+00 -1.440614781070149064e+00
6.645709520000322001e+00 -1.440739007832605001e+00
6.635127180000322866e+00 -1.440863629231980525e+00
6.624544840000323731e+00 -1.440988623515436551e+00
6.613962500000324596e+00 -1.441114007634504146e+00
6.603380160000325461e+00 -1.441239780899347567e+00
6.592797820000326325e+00 -1.441365936501001865e+00
6.582215480000327190e+00 -1.441492494086676013e+00
6.571633140000328055e+00 -1.441619431532643825e+00
6.561050800000328920e+00 -1.441746773550669269e+00
6.550468460000329785e+00 -1.441874502953954806e+00
6.539886120000330649e+00 -1.442002631442206528e+00
6.529303780000331514e+00 -1.442131149740186302e+00
6.518721440000332379e+00 -1.442260078808688339e+00
6.508139100000333244e+00 -1.442389407763336129e+00
6.497556760000334108e+00 -1.442519126632872517e+00
6.486974420000334973e+00 -1.442649260618094287e+00
6.476392080000335838e+00 -1.442779786896146499e+00
6.465809740000336703e+00 -1.442910730804458641e+00
6.455227400000337568e+00 -1.443042074628579252e+00
6.444645060000338432e+00 -1.443173830183754891e+00
6.434062720000339297e+00 -1.443305992215798250e+00
6.423480380000340162e+00 -1.443438569448004083e+00
6.412898040000341027e+00 -1.443571563297809890e+00
6.402315700000341891e+00 -1.443704945725108102e+00
6.391733360000342756e+00 -1.443838768616690027e+00
6.381151020000343621e+00 -1.443972995736566123e+00
6.370568680000344486e+00 -1.444107653037947747e+00
6.359986340000345351e+00 -1.444242722229409415e+00
6.349404000000346215e+00 -1.444378215214159988e+00
6.338821660000347080e+00 -1.444514126658829056e+00
6.328239320000347945e+00 -1.444650465213652257e+00
6.317656980000348810e+00 -1.444787232368417662e+00
6.307074640000349675e+00 -1.444924412928155988e+00
6.296492300000350539e+00 -1.445062033318085915e+00
6.285909960000351404e+00 -1.445200069160644141e+00
6.275327620000352269e+00 -1.445338547011889796e+00
6.264745280000353134e+00 -1.445477447951927674e+00
6.254162940000353998e+00 -1.445616783943181716e+00
6.243580600000354863e+00 -1.445756549537526414e+00
6.232998260000355728e+00 -1.445896753273213875e+00
6.222415920000356593e+00 -1.446037396683574006e+00
6.211833580000357458e+00 -1.446178463912977996e+00
6.201251240000358322e+00 -1.446319981971683877e+00
6.190668900000359187e+00 -1.446461925617471778e+00
6.180086560000360052e+00 -1.446604321986011854e+00
6.169504220000360917e+00 -1.446747159690626283e+00
6.158921880000361782e+00 -1.446890426048175859e+00
6.148339540000362646e+00 -1.447034140117046563e+00
6.137757200000363511e+00 -1.447178302052102072e+00
6.127174860000364376e+00 -1.447322913391279942e+00
6.116592520000365241e+00 -1.447467957553324025e+00
6.106010180000366105e+00 -1.447613462102548265e+00
6.095427840000366970e+00 -1.447759400865246127e+00
6.084845500000367835e+00 -1.447905801523212244e+00
6.074263160000368700e+00 -1.448052652119611983e+00
6.063680820000369565e+00 -1.448199939386628277e+00
6.053098480000370429e+00 -1.448347691551456373e+00
6.042516140000371294e+00 -1.448495881891722181e+00
6.031933800000372159e+00 -1.448644538374122215e+00
6.021351460000373024e+00 -1.448793638716555865e+00
6.010769120000373889e+00 -1.448943197672553973e+00
6.000186780000374753e+00 -1.449093202843540151e+00
5.989604440000375618e+00 -1.449243677400172015e+00
5.979022100000376483e+00 -1.449394607626810050e+00
5.968439760000377348e+00 -1.449545980720690075e+00
5.957857420000378212e+00 -1.449697825018533948e+00
5.947275080000379077e+00 -1.449850112750413977e+00
5.936692740000379942e+00 -1.450002872353038041e+00
5.926110400000380807e+00 -1.450156082128482460e+00
5.915528060000381672e+00 -1.450309753887555786e+00
5.904945720000382536e+00 -1.450463881335514404e+00
5.894363380000383401e+00 -1.450618472156526284e+00
5.883781040000384266e+00 -1.450773527657670314e+00
5.873198700000385131e+00 -1.450929029057346220e+00
5.862616360000385995e+00 -1.451085005111687920e+00
5.852034020000386860e+00 -1.451241426921590083e+00
5.841451680000387725e+00 -1.451398323328073614e+00
5.830869340000388590e+00 -1.451555670138213960e+00
5.820287000000389455e+00 -1.451713481937921824e+00
5.809704660000390319e+00 -1.451871750589795118e+00
5.799122320000391184e+00 -1.452030483369006086e+00
5.788539980000392049e+00 -1.452189681374614016e+00
5.777957640000392914e+00 -1.452349324806199826e+00
5.767375300000393779e+00 -1.452509442760304026e+00
5.756792960000394643e+00 -1.452670005121415864e+00
5.746210620000395508e+00 -1.452831041052246031e+00
5.735628280000396373e+00 -1.452992526826362818e+00
5.725045940000397238e+00 -1.453154473805665869e+00
5.714463600000398102e+00 -1.453316874798966651e+00
5.703881260000398967e+00 -1.453479736571779979e+00
5.693298920000399832e+00 -1.453643059927222092e+00
5.682716580000400697e+00 -1.453806823948467830e+00
5.672134240000401562e+00 -1.453971078038254872e+00
5.661551900000402426e+00 -1.454135751831878931e+00
5.650969560000403291e+00 -1.454300893662141547e+00
5.640387220000404156e+00 -1.454466487936644903e+00
5.629804880000405021e+00 -1.454632517778094769e+00
5.619222540000405886e+00 -1.454799003285888181e+00
5.608640200000406750e+00 -1.454965941321977541e+00
5.598057860000407615e+00 -1.455133332302249061e+00
5.587475520000408480e+00 -1.455301154091853899e+00
5.576893180000409345e+00 -1.455469436167887931e+00
5.566310840000410209e+00 -1.455638145710956177e+00
5.555728500000411074e+00 -1.455807318511386894e+00
5.545146160000411939e+00 -1.455976919011251258e+00
5.534563820000412804e+00 -1.456146948178617784e+00
5.523981480000413669e+00 -1.456317429544766284e+00
5.513399140000414533e+00 -1.456488329471306686e+00
5.502816800000415398e+00 -1.456659677452762924e+00
5.492234460000416263e+00 -1.456831446573834343e+00
5.481652120000417128e+00 -1.457003647077642183e+00
5.471069780000417992e+00 -1.457176263881033051e+00
5.460487440000418857e+00 -1.457349320347931299e+00
5.449905100000419722e+00 -1.457522797670838477e+00
5.439322760000420587e+00 -1.457696677724985790e+00
5.428740420000421452e+00 -1.457870989917817051e+00
5.418158080000422316e+00 -1.458045699061789158e+00
5.407575740000423181e+00 -1.458220834530898014e+00
5.396993400000424046e+00 -1.458396367958113338e+00
5.386411060000424911e+00 -1.458572308938395734e+00
5.375828720000425776e+00 -1.458748647601278758e+00
5.365246380000426640e+00 -1.458925387980379851e+00
5.354664040000427505e+00 -1.459102528966329526e+00
5.344081700000428370e+00 -1.459280044789268871e+00
5.333499360000429235e+00 -1.459457964599260693e+00
5.322917020000430099e+00 -1.459636251563658726e+00
5.312334680000430964e+00 -1.459814934759316118e+00
5.301752340000431829e+00 -1.459993984246045873e+00
5.291170000000432694e+00 -1.460173408832259989e+00
5.280587660000433559e+00 -1.460353197578970086e+00
5.270005320000434423e+00 -1.460533353434021686e+00
5.259422980000435288e+00 -1.460713874446156524e+00
5.248840640000436153e+00 -1.460894733209827878e+00
5.238258300000437018e+00 -1.461075958419634668e+00
5.227675960000437883e+00 -1.461257511503050388e+00
5.217093620000438747e+00 -1.461439421035549691e+00
5.206511280000439612e+00 -1.461621655378909868e+00
5.195928940000440477e+00 -1.461804222398492392e+00
5.185346600000441342e+00 -1.461987109925262374e+00
5.174764260000442206e+00 -1.462170319654157336e+00
5.164181920000443071e+00 -1.462353848630926434e+00
5.153599580000443936e+00 -1.462537667688100562e+00
5.143017240000444801e+00 -1.462721804835987793e+00
5.132434900000445666e+00 -1.462906219669286134e+00
5.121852560000446530e+00 -1.463090940026096298e+00
5.111270220000447395e+00 -1.463275942709583610e+00
5.100687880000448260e+00 -1.463461203660446186e+00
5.090105540000449125e+00 -1.463646740108852429e+00
5.079523200000449989e+00 -1.463832542045456764e+00
5.068940860000450854e+00 -1.464018605329832745e+00
5.058358520000451719e+00 -1.464204898902710550e+00
5.047776180000452584e+00 -1.464391449825985125e+00
5.037193840000453449e+00 -1.464578215770263370e+00
5.026611500000454313e+00 -1.464765230592026679e+00
5.016029160000455178e+00 -1.464952448175755872e+00
5.005446820000456043e+00 -1.465139863852620961e+00
4.994864480000456908e+00 -1.465327497149983893e+00
4.984282140000457773e+00 -1.465515304630504057e+00
4.973699800000458637e+00 -1.465703312427473870e+00
4.963117460000459502e+00 -1.465891483960978015e+00
4.952535120000460367e+00 -1.466079823852160846e+00
4.941952780000461232e+00 -1.466268308943271537e+00
4.931370440000462096e+00 -1.466456957768114133e+00
4.920788100000462961e+00 -1.466645743010609237e+00
4.910205760000463826e+00 -1.466834637366157157e+00
4.899623420000464691e+00 -1.467023665794988219e+00
4.889041080000465556e+00 -1.467212782794357739e+00
4.878458740000466420e+00 -1.467402012973967107e+00
4.867876400000467285e+00 -1.467591317570170251e+00
4.857294060000468150e+00 -1.467780699525466304e+00
4.846711720000469015e+00 -1.467970140690014524e+00
4.836129380000469880e+00 -1.468159636676797941e+00
4.825547040000470744e+00 -1.468349179314185182e+00
4.814964700000471609e+00 -1.468538732067582897e+00
4.804382360000472474e+00 -1.468728318064011829e+00
4.793800020000473339e+00 -1.468917889640516616e+00
4.783217680000474203e+00 -1.469107469482007211e+00
4.772635340000475068e+00 -1.469297016478675832e+00
4.762053000000475933e+00 -1.469486531612567815e+00
4.751470660000476798e+00 -1.469675994508801598e+00
4.740888320000477663e+00 -1.469865398489593744e+00
4.730305980000478527e+00 -1.470054733316223494e+00
4.719723640000479392e+00 -1.470243960028540631e+00
4.709141300000480257e+00 -1.470433099465861648e+00
4.698558960000481122e+00 -1.470622101701525075e+00
4.687976620000481986e+00 -1.470810987024648853e+00
4.677394280000482851e+00 -1.470999711797295939e+00
4.666811940000483716e+00 -1.471188274741207502e+00
4.656229600000484581e+00 -1.471376652893243708e+00
4.645647260000485446e+00 -1.471564836981334112e+00
4.635064920000486310e+00 -1.471752814391640296e+00
4.624482580000487175e+00 -1.471940543474064889e+00
4.613900240000488040e+00 -1.472128042279519544e+00
4.603317900000488905e+00 -1.472315258498644530e+00
4.592735560000489770e+00 -1.472502209469581658e+00
4.582153220000490634e+00 -1.472688859353460611e+00
4.571570880000491499e+00 -1.472875172609464434e+00
4.560988540000492364e+00 -1.473061154938719586e+00
4.550406200000493229e+00 -1.473246783547498051e+00
4.539823860000494093e+00 -1.473432042958908061e+00
4.529241520000494958e+00 -1.473616888753201515e+00
4.518659180000495823e+00 -1.473801335490323439e+00
4.508076840000496688e+00 -1.473985328335775113e+00
4.497494500000497553e+00 -1.474168887667169914e+00
4.486912160000498417e+00 -1.474351954606758053e+00
4.476329820000499282e+00 -1.474534510778510388e+00
4.465747480000500147e+00 -1.474716561575731832e+00
4.455165140000501012e+00 -1.474898050687727613e+00
4.444582800000501877e+00 -1.475078989511585226e+00
4.434000460000502741e+00 -1.475259326915214775e+00
4.423418120000503606e+00 -1.475439053864739058e+00
4.412835780000504471e+00 -1.475618132211203193e+00
4.402253440000505336e+00 -1.475796564390376986e+00
4.391671100000506200e+00 -1.475974309286017583e+00
4.381088760000507065e+00 -1.476151324232647166e+00
4.370506420000507930e+00 -1.476327616870571457e+00
4.359924080000508795e+00 -1.476503128072642168e+00
4.349341740000509660e+00 -1.476677864353698855e+00
4.338759400000510524e+00 -1.476851771114046530e+00
4.328177060000511389e+00 -1.477024835294004745e+00
4.317594720000512254e+00 -1.477197021275051814e+00
4.307012380000513119e+00 -1.477368306888822147e+00
4.296430040000513984e+00 -1.477538666971730308e+00
4.285847700000514848e+00 -1.477708048483177272e+00
4.275265360000515713e+00 -1.477876453401294921e+00
4.264683020000516578e+00 -1.478043819535346692e+00
4.254100680000517443e+00 -1.478210147502560856e+00
4.243518340000518307e+00 -1.478375378837938348e+00
4.232936000000519172e+00 -1.478539495727478226e+00
4.222353660000520037e+00 -1.478702457624567090e+00
4.211771320000520902e+00 -1.478864237303671558e+00
4.201188980000521767e+00 -1.479024804554230910e+00
4.190606640000522631e+00 -1.479184102255232558e+00
4.180024300000523496e+00 -1.479342125566405208e+00
4.169441960000524361e+00 -1.479498808928541020e+00
4.158859620000525226e+00 -1.479654145862609127e+00
4.148277280000526090e+00 -1.479808073560675785e+00
4.137694940000526955e+00 -1.479960568589021142e+00
4.127112600000527820e+00 -1.480111584626633725e+00
4.116530260000528685e+00 -1.480261088592853991e+00
4.105947920000529550e+00 -1.480409044289715759e+00
4.095365580000530414e+00 -1.480555389995968918e+00
4.084783240000531279e+00 -1.480700112694151915e+00
4.074200900000532144e+00 -1.480843143087117841e+00
4.063618560000533009e+00 -1.480984466192890592e+00
4.053036220000533874e+00 -1.481124022867748913e+00
4.042453880000534738e+00 -1.481261747257521577e+00
4.031871540000535603e+00 -1.481397631120513925e+00
4.021289200000536468e+00 -1.481531616808132279e+00
4.010706860000537333e+00 -1.481663661054378078e+00
4.000124520000538197e+00 -1.481793696916188674e+00
3.989542180000539062e+00 -1.481921701601103702e+00
3.978959840000539927e+00 -1.482047601624907784e+00
3.968377500000540792e+00 -1.482171375362768773e+00
3.957795160000541657e+00 -1.482292947018317042e+00
3.947212820000542521e+00 -1.482412265080007341e+00
3.936630480000543386e+00 -1.482529295912478506e+00
3.926048140000544251e+00 -1.482643954339931458e+00
3.915465800000545116e+00 -1.482756226107912800e+00
3.904883460000545981e+00 -1.482866026219683775e+00
3.894301120000546845e+00 -1.482973311807127548e+00
3.883718780000547710e+00 -1.483078013138627638e+00
3.873136440000548575e+00 -1.483180088858051526e+00
3.862554100000549440e+00 -1.483279470485115548e+00
3.851971760000550304e+00 -1.483376085378895315e+00
3.841389420000551169e+00 -1.483469891772105420e+00
3.830807080000552034e+00 -1.483560808624158955e+00
3.820224740000552899e+00 -1.483648791110614429e+00
3.809642400000553764e+00 -1.483733755685072042e+00
3.799060060000554628e+00 -1.483815649398986913e+00
3.788477720000555493e+00 -1.483894396429457530e+00
3.777895380000556358e+00 -1.483969933623106696e+00
3.767313040000557223e+00 -1.484042193454255365e+00
3.756730700000558087e+00 -1.484111092165267154e+00
3.746148360000558952e+00 -1.484176572939268413e+00
3.735566020000559817e+00 -1.484238549111816630e+00
3.724983680000560682e+00 -1.484296960267267096e+00
3.714401340000561547e+00 -1.484351715125576732e+00
3.703819000000562411e+00 -1.484402748309577191e+00
3.693236660000563276e+00 -1.484449973708129589e+00
3.682654320000564141e+00 -1.484493315773573130e+00
3.672071980000565006e+00 -1.484532694514342888e+00
3.661489640000565871e+00 -1.484568017974022824e+00
3.650907300000566735e+00 -1.484599211681643105e+00
3.640324960000567600e+00 -1.484626182677623474e+00
3.629742620000568465e+00 -1.484648852276412967e+00
3.619160280000569330e+00 -1.484667120449983280e+00
3.608577940000570194e+00 -1.484680908761473184e+00
3.597995600000571059e+00 -1.484690116489443490e+00
3.587413260000571924e+00 -1.484694655127673402e+00
3.576830920000572789e+00 -1.484694430206133564e+00
3.566248580000573654e+00 -1.484689340513492883e+00
3.555666240000574518e+00 -1.484679290971523180e+00
3.545083900000575383e+00 -1.484664181599213428e+00
3.534501560000576248e+00 -1.484643912405833266e+00
3.523919220000577113e+00 -1.484618375666552970e+00
3.513336880000577978e+00 -1.484587470572583445e+00
3.502754540000578842e+00 -1.484551087555623372e+00
3.492172200000579707e+00 -1.484509120332274001e+00
3.481589860000580572e+00 -1.484461457681449659e+00
3.471007520000581437e+00 -1.484407987974793564e+00
3.460425180000582301e+00 -1.484348592180404047e+00
3.449842840000583166e+00 -1.484283162502753717e+00
3.439260500000584031e+00 -1.484211568418414506e+00
3.428678160000584896e+00 -1.484133706384743512e+00
3.418095820000585761e+00 -1.484049446139494188e+00
3.407513480000586625e+00 -1.483958656864343917e+00
3.396931140000587490e+00 -1.483861226044053794e+00
3.386348800000588355e+00 -1.483757013530244029e+00
3.375766460000589220e+00 -1.483645891583403653e+00
3.365184120000590084e+00 -1.483527736173694267e+00
3.354601780000590949e+00 -1.483402408025823460e+00
3.344019440000591814e+00 -1.483269756172874043e+00
3.333437100000592679e+00 -1.483129657992473538e+00
3.322854760000593544e+00 -1.482981975683503650e+00
3.312272420000594408e+00 -1.482826545166333609e+00
3.301690080000595273e+00 -1.482663244643083633e+00
3.291107740000596138e+00 -1.482491902848824150e+00
3.280525400000597003e+00 -1.482312378662214103e+00
3.269943060000597868e+00 -1.482124525121943925e+00
3.259360720000598732e+00 -1.481928175888214128e+00
3.248778380000599597e+00 -1.481723175676994186e+00
3.238196040000600462e+00 -1.481509357730314891e+00
3.227613700000601327e+00 -1.481286577330964471e+00
3.217031360000602191e+00 -1.481054635474834180e+00
3.206449020000603056e+00 -1.480813399835424926e+00
3.195866680000603921e+00 -1.480562663053644368e+00
3.185284340000604786e+00 -1.480302268735664839e+00
3.174702000000605651e+00 -1.480032042268784487e+00
3.164119660000606515e+00 -1.479751795934574510e+00
3.153537320000607380e+00 -1.479461342513934685e+00
3.142954980000608245e+00 -1.479160492312754593e+00
3.132372640000609110e+00 -1.478849082492834643e+00
3.121790300000609975e+00 -1.478526873406694531e+00
3.111207960000610839e+00 -1.478193720493073959e+00
3.100625620000611704e+00 -1.477849374331714483e+00
3.090043280000612569e+00 -1.477493662514634876e+00
3.079460940000613434e+00 -1.477126375556854665e+00
3.068878600000614298e+00 -1.476747298525625585e+00
3.058296260000615163e+00 -1.476356213917104920e+00
3.047713920000616028e+00 -1.475952894172115393e+00
3.037131580000616893e+00 -1.475537166033775049e+00
3.026549240000617758e+00 -1.475108738008354958e+00
3.015966900000618622e+00 -1.474667450810545066e+00
3.005384560000619487e+00 -1.474213005595015780e+00
2.994802220000620352e+00 -1.473745185873245100e+00
2.984219880000621217e+00 -1.473263807143216031e+00
2.973637540000622081e+00 -1.472768564085386478e+00
2.963055200000622946e+00 -1.472259219820926113e+00
2.952472860000623811e+00 -1.471735507522915709e+00
2.941890520000624676e+00 -1.471197230083245655e+00
2.931308180000625541e+00 -1.470644039722035723e+00
2.920725840000626405e+00 -1.470075758712475977e+00
2.910143500000627270e+00 -1.469492050673766093e+00
2.899561160000628135e+00 -1.468892610547266386e+00
2.888978820000629000e+00 -1.468277275767035484e+00
2.878396480000629865e+00 -1.467645640124806583e+00
2.867814140000630729e+00 -1.466997513397295894e+00
2.857231800000631594e+00 -1.466332500391716254e+00
2.846649460000632459e+00 -1.465650364107106585e+00
2.836067120000633324e+00 -1.464950785165016756e+00
2.825484780000634188e+00 -1.464233468649216885e+00
2.814902440000635053e+00 -1.463498011852196967e+00
2.804320100000635918e+00 -1.462744151686997007e+00
2.793737760000636783e+00 -1.461971607244867855e+00
2.783155420000637648e+00 -1.461179923138296699e+00
2.772573080000638512e+00 -1.460368880996266938e+00
2.761990740000639377e+00 -1.459538006696156964e+00
2.751408400000640242e+00 -1.458687025063027054e+00
2.740826060000641107e+00 -1.457815553561457422e+00
2.730243720000641972e+00 -1.456923214102827657e+00
2.719661380000642836e+00 -1.456009620474387090e+00
2.709079040000643701e+00 -1.455074364121767605e+00
2.698496700000644566e+00 -1.454117146221237888e+00
2.687914360000645431e+00 -1.453137418702843853e+00
2.677332020000646295e+00 -1.452134925044904934e+00
2.666749680000647160e+00 -1.451109093961745700e+00
2.656167340000648025e+00 -1.450059600107028945e+00
2.645585000000648890e+00 -1.448985982815611973e+00
2.635002660000649755e+00 -1.447887772447613575e+00
2.624420320000650619e+00 -1.446764537884279944e+00
2.613837980000651484e+00 -1.445615769688718855e+00
2.603255640000652349e+00 -1.444441110654567817e+00
2.592673300000653214e+00 -1.443239897600767874e+00
2.582090960000654078e+00 -1.442011821805985861e+00
2.571508620000654943e+00 -1.440756191101756123e+00
2.560926280000655808e+00 -1.439472613361506781e+00
2.550343940000656673e+00 -1.438160528418136241e+00
2.539761600000657538e+00 -1.436819386771165608e+00
2.529179260000658402e+00 -1.435448625688809265e+00
2.518596920000659267e+00 -1.434047643336030964e+00
2.508014580000660132e+00 -1.432616004678823218e+00
2.497432240000660997e+00 -1.431152902370365965e+00
2.486849900000661862e+00 -1.429657956362367921e+00
2.476267560000662726e+00 -1.428130322856720147e+00
2.465685220000663591e+00 -1.426569464162374068e+00
2.455102880000664456e+00 -1.424974862670947084e+00
2.444520540000665321e+00 -1.423345674861445476e+00
2.433938200000666185e+00 -1.421681266915885145e+00
2.423355860000667050e+00 -1.419980898140010162e+00
2.412773520000667915e+00 -1.418244030036373893e+00
2.402191180000668780e+00 -1.416469673893001380e+00
2.391608840000669645e+00 -1.414657353119016081e+00
2.381026500000670509e+00 -1.412805956936880047e+00
2.370444160000671374e+00 -1.410915046790888194e+00
2.359861820000672239e+00 -1.408983747999145164e+00
2.349279480000673104e+00 -1.407011018077631848e+00
2.338697140000673969e+00 -1.404996313330668878e+00
2.328114800000674833e+00 -1.402938472481937149e+00
2.317532460000675698e+00 -1.400836816056736822e+00
2.306950120000676563e+00 -1.398690383678073079e+00
2.296367780000677428e+00 -1.396498313215401632e+00
2.285785440000678292e+00 -1.394259364125191469e+00
2.275203100000679157e+00 -1.391972813619772209e+00
2.264620760000680022e+00 -1.389637776093432642e+00
2.254038420000680887e+00 -1.387252883162033434e+00
2.243456080000681752e+00 -1.384817440812752931e+00
2.232873740000682616e+00 -1.382330015047073646e+00
2.222291400000683481e+00 -1.379789747771854369e+00
2.211709060000684346e+00 -1.377195440519414671e+00
2.201126720000685211e+00 -1.374545919081223477e+00
2.190544380000686076e+00 -1.371839977867215232e+00
2.179962040000686940e+00 -1.369076320936305491e+00
2.169379700000687805e+00 -1.366253975398815879e+00
2.158797360000688670e+00 -1.363371247533936126e+00
2.148215020000689535e+00 -1.360427247202196543e+00
2.137632680000690399e+00 -1.357420200137287258e+00
2.127050340000691264e+00 -1.354349015055027916e+00
2.116468000000692129e+00 -1.351212193461067912e+00
2.105885660000692994e+00 -1.348008264679606771e+00
2.095303320000693859e+00 -1.344735718524677548e+00
2.084720980000694723e+00 -1.341392932379529057e+00
2.074138640000695588e+00 -1.337978670520648894e+00
2.063556300000696453e+00 -1.334490832157680051e+00
2.052973960000697318e+00 -1.330928274155770641e+00
2.042391620000698182e+00 -1.327288792884420365e+00
2.031809280000699047e+00 -1.323571005843939830e+00
2.021226940000699912e+00 -1.319773033108641247e+00
2.010644600000700777e+00 -1.315893029656932889e+00
2.000062260000701642e+00 -1.311929100854352104e+00
1.989479920000702506e+00 -1.307879212401362956e+00
1.978897580000703371e+00 -1.303741793476913546e+00
1.968315240000704236e+00 -1.299514234342634467e+00
1.957732900000705101e+00 -1.295195067419674828e+00
1.947150560000705966e+00 -1.290781554205725046e+00
1.936568220000706830e+00 -1.286271683702126190e+00
1.925985880000707695e+00 -1.281663757099685608e+00
1.915403540000708560e+00 -1.276954895053436179e+00
1.904821200000709425e+00 -1.272142872966197213e+00
1.894238860000710289e+00 -1.267225137189307738e+00
1.883656520000711154e+00 -1.262199689628048738e+00
1.873074180000712019e+00 -1.257063282499749857e+00
1.862491840000712884e+00 -1.251814031705740238e+00
1.851909500000713749e+00 -1.246448325776489563e+00
1.841327160000714613e+00 -1.240964346854050770e+00
1.830744820000715478e+00 -1.235359084232492188e+00
1.820162480000716343e+00 -1.229629048473572350e+00
1.809580140000717208e+00 -1.223772073488953227e+00
1.798997800000718073e+00 -1.217784302645783301e+00
1.788415460000718937e+00 -1.211663176422902888e+00
1.777833120000719802e+00 -1.205405322624864883e+00
1.767250780000720667e+00 -1.199007636130206444e+00
1.756668440000721532e+00 -1.192466062156886775e+00
1.746086100000722396e+00 -1.185777588013116945e+00
1.735503760000723261e+00 -1.178939079092947484e+00
1.724921420000724126e+00 -1.171945941517598122e+00
1.714339080000724991e+00 -1.164795382071519114e+00
1.703756740000725856e+00 -1.157482569657580118e+00
1.693174400000726720e+00 -1.150004226881372604e+00
1.682592060000727585e+00 -1.142356085987931147e+00
1.672009720000728450e+00 -1.134533937665721304e+00
1.661427380000729315e+00 -1.126533454394784250e+00
1.650845040000730179e+00 -1.118349998128835177e+00
1.640262700000731044e+00 -1.109979813732135723e+00
1.629680360000731909e+00 -1.101417117337346152e+00
1.619098020000732774e+00 -1.092658281043958013e+00
1.608515680000733639e+00 -1.083697211629948587e+00
1.597933340000734503e+00 -1.074529678344090078e+00
1.587351000000735368e+00 -1.065150237914810560e+00
1.576768660000736233e+00 -1.055553255230371690e+00
1.566186320000737098e+00 -1.045733691344021832e+00
1.555603980000737963e+00 -1.035685366122292894e+00
1.545021640000738827e+00 -1.025403392391273316e+00
1.534439300000739692e+00 -1.014880441936984790e+00
1.523856960000740557e+00 -1.004111745620505758e+00
1.513274620000741422e+00 -9.930895471409959541e-01
1.502692280000742286e+00 -9.818083252217368884e-01
1.492109940000743151e+00 -9.702610586385180813e-01
1.481527600000744016e+00 -9.584408055329014520e-01
1.470945260000744881e+00 -9.463403947191303400e-01
1.460362920000745746e+00 -9.339521526688218112e-01
1.449780580000746610e+00 -9.212696711878829436e-01
1.439198240000747475e+00 -9.082835223624836640e-01
1.428615900000748340e+00 -8.949873843616257263e-01
1.418033560000749205e+00 -8.813712789548494575e-01
1.407451220000750070e+00 -8.674274734333198289e-01
1.396868880000750934e+00 -8.531481569636709672e-01
1.386286540000751799e+00 -8.385229142791142953e-01
1.375704200000752664e+00 -8.235428135532538718e-01
1.365121860000753529e+00 -8.081978240688956205e-01
1.354539520000754393e+00 -7.924794324178561222e-01
1.343957180000755258e+00 -7.763754132095774807e-01
1.333374840000756123e+00 -7.598772866506595669e-01
1.322792500000756988e+00 -7.429726143474643107e-01
1.312210160000757853e+00 -7.256495490232715007e-01
1.301627820000758717e+00 -7.078992751387830351e-01
1.291045480000759582e+00 -6.897070443019857056e-01
1.280463140000760447e+00 -6.710628411889566491e-01
1.269880800000761312e+00 -6.519516107982973319e-01
1.259298460000762176e+00 -6.323619061414709197e-01
1.248716120000763041e+00 -6.122796782503920898e-01
1.238133780000763906e+00 -5.916915215735323308e-01
1.227551440000764771e+00 -5.705803827200036649e-01
1.216969100000765636e+00 -5.489339649612849925e-01
1.206386760000766500e+00 -5.267375331247855508e-01
1.195804420000767365e+00 -5.039724399427861767e-01
1.185222080000768230e+00 -4.806250904868176743e-01
1.174639740000769095e+00 -4.566756374431482080e-01
1.164057400000769960e+00 -4.321086087015643673e-01
1.153475060000770824e+00 -4.069052454228302973e-01
1.142892720000771689e+00 -3.810467331753261688e-01
1.132310380000772554e+00 -3.545136047492722930e-01
1.121728040000773419e+00 -3.272850611186130521e-01
1.111145700000774283e+00 -2.993427145054430860e-01
1.100563360000775148e+00 -2.706616501479246484e-01
1.089981020000776013e+00 -2.412230620737465525e-01
1.079398680000776878e+00 -2.110002798565178139e-01
1.068816340000777743e+00 -1.799718571101933673e-01
1.058234000000778607e+00 -1.481121026717497347e-01
