1.058234000000000030e+01 -1.214377112186410868e+00
1.057175766000000117e+01 -1.214438493795172436e+00
1.056117532000000203e+01 -1.214500010638086547e+00
1.055059298000000290e+01 -1.214561647619005758e+00
1.054001064000000376e+01 -1.214623403782469246e+00
1.052942830000000463e+01 -1.214685293042537584e+00
1.051884596000000549e+01 -1.214747310226875987e+00
1.050826362000000636e+01 -1.214809451442180555e+00
1.049768128000000722e+01 -1.214871718279212365e+00
1.048709894000000808e+01 -1.214934116486837690e+00
1.047651660000000895e+01 -1.214996634958370514e+00
1.046593426000000981e+01 -1.215059292034660121e+00
1.045535192000001068e+01 -1.215122072027194688e+00
1.044476958000001154e+01 -1.215184975315708238e+00
1.043418724000001241e+01 -1.215248014755414108e+00
1.042360490000001327e+01 -1.215311181020000797e+00
1.041302256000001414e+01 -1.215374479298804156e+00
1.040244022000001500e+01 -1.215437912402141718e+00
1.039185788000001587e+01 -1.215501470961275254e+00
1.038127554000001673e+01 -1.215565161998895416e+00
1.037069320000001760e+01 -1.215628986741372763e+00
1.036011086000001846e+01 -1.215692938671723233e+00
1.034952852000001933e+01 -1.215757024564591227e+00
1.033894618000002019e+01 -1.215821246462280847e+00
1.032836384000002106e+01 -1.215885598774361753e+00
1.031778150000002192e+01 -1.215950084179957758e+00
1.030719916000002279e+01 -1.216014709686466855e+00
1.029661682000002365e+01 -1.216079462944354983e+00
1.028603448000002452e+01 -1.216144358762478950e+00
1.027545214000002538e+01 -1.216209380316958910e+00
1.026486980000002625e+01 -1.216274543941144204e+00
1.025428746000002711e+01 -1.216339846482394682e+00
1.024370512000002797e+01 -1.216405284289163946e+00
1.023312278000002884e+01 -1.216470856456396632e+00
1.022254044000002970e+01 -1.216536569311260196e+00
1.021195810000003057e+01 -1.216602418905149641e+00
1.020137576000003143e+01 -1.216668404301529449e+00
1.019079342000003230e+01 -1.216734528499314294e+00
1.018021108000003316e+01 -1.216800793445598661e+00
1.016962874000003403e+01 -1.216867206098838139e+00
1.015904640000003489e+01 -1.216933751442348166e+00
1.014846406000003576e+01 -1.217000440219584201e+00
1.013788172000003662e+01 -1.217067266701730599e+00
1.012729938000003749e+01 -1.217134239211729252e+00
1.011671704000003835e+01 -1.217201352110013790e+00
1.010613470000003922e+01 -1.217268605926440594e+00
1.009555236000004008e+01 -1.217336007062186809e+00
1.008497002000004095e+01 -1.217403544868234988e+00
1.007438768000004181e+01 -1.217471234153411741e+00
1.006380534000004268e+01 -1.217539062638909098e+00
1.005322300000004354e+01 -1.217607038374520112e+00
1.004264066000004441e+01 -1.217675156189606422e+00
1.003205832000004527e+01 -1.217743424151152887e+00
1.002147598000004614e+01 -1.217811836515303447e+00
1.001089364000004700e+01 -1.217880393410574191e+00
1.000031130000004786e+01 -1.217949099855923256e+00
9.989728960000048730e+00 -1.218017947447746607e+00
9.979146620000049595e+00 -1.218086949665639906e+00
9.968564280000050459e+00 -1.218156104856265687e+00
9.957981940000051324e+00 -1.218225405760597457e+00
9.947399600000052189e+00 -1.218294852747598744e+00
9.936817260000053054e+00 -1.218364454155761445e+00
9.926234920000053918e+00 -1.218434204147243127e+00
9.915652580000054783e+00 -1.218504102445532311e+00
9.905070240000055648e+00 -1.218574152696858093e+00
9.894487900000056513e+00 -1.218644355594714179e+00
9.883905560000057378e+00 -1.218714718263314456e+00
9.873323220000058242e+00 -1.218785230039255651e+00
9.862740880000059107e+00 -1.218855892080947800e+00
9.852158540000059972e+00 -1.218926707656825981e+00
9.841576200000060837e+00 -1.218997682355878798e+00
9.830993860000061701e+00 -1.219068810955575177e+00
9.820411520000062566e+00 -1.219140095565536930e+00
9.809829180000063431e+00 -1.219211536217214009e+00
9.799246840000064296e+00 -1.219283125602027784e+00
9.788664500000065161e+00 -1.219354876086687245e+00
9.778082160000066025e+00 -1.219426790692697660e+00
9.767499820000066890e+00 -1.219498857474991427e+00
9.756917480000067755e+00 -1.219571086240387681e+00
9.746335140000068620e+00 -1.219643470632375548e+00
9.735752800000069485e+00 -1.219716016040307549e+00
9.725170460000070349e+00 -1.219788716929797845e+00
9.714588120000071214e+00 -1.219861585352586042e+00
9.704005780000072079e+00 -1.219934617698356982e+00
9.693423440000072944e+00 -1.220007813178820122e+00
9.682841100000073808e+00 -1.220081166276857365e+00
9.672258760000074673e+00 -1.220154680105944411e+00
9.661676420000075538e+00 -1.220228360507436882e+00
9.651094080000076403e+00 -1.220302200168444040e+00
9.640511740000077268e+00 -1.220376210768356229e+00
9.629929400000078132e+00 -1.220450378360313115e+00
9.619347060000078997e+00 -1.220524718232352868e+00
9.608764720000079862e+00 -1.220599224859151732e+00
9.598182380000080727e+00 -1.220673898715758154e+00
9.587600040000081592e+00 -1.220748738131314903e+00
9.577017700000082456e+00 -1.220823743307146714e+00
9.566435360000083321e+00 -1.220898920472615945e+00
9.555853020000084186e+00 -1.220974263167034168e+00
9.545270680000085051e+00 -1.221049777552753124e+00
9.534688340000085915e+00 -1.221125460020334952e+00
9.524106000000086780e+00 -1.221201314112635661e+00
9.513523660000087645e+00 -1.221277341478977263e+00
9.502941320000088510e+00 -1.221353537003571965e+00
9.492358980000089375e+00 -1.221429908401804543e+00
9.481776640000090239e+00 -1.221506455866161689e+00
9.471194300000091104e+00 -1.221583175452426229e+00
9.460611960000091969e+00 -1.221660065746076551e+00
9.450029620000092834e+00 -1.221737133068025560e+00
9.439447280000093699e+00 -1.221814373875595550e+00
9.428864940000094563e+00 -1.221891792041986280e+00
9.418282600000095428e+00 -1.221969387418657016e+00
9.407700260000096293e+00 -1.222047158471772255e+00
9.397117920000097158e+00 -1.222125109447440794e+00
9.386535580000098022e+00 -1.222203240519661005e+00
9.375953240000098887e+00 -1.222281550557441365e+00
9.365370900000099752e+00 -1.222360036691406027e+00
9.354788560000100617e+00 -1.222438705400374914e+00
9.344206220000101482e+00 -1.222517560003654413e+00
9.333623880000102346e+00 -1.222596587783684852e+00
9.323041540000103211e+00 -1.222675800700635751e+00
9.312459200000104076e+00 -1.222755196020397506e+00
9.301876860000104941e+00 -1.222834776170533377e+00
9.291294520000105805e+00 -1.222914541306336922e+00
9.280712180000106670e+00 -1.222994491850130094e+00
9.270129840000107535e+00 -1.223074624105726205e+00
9.259547500000108400e+00 -1.223154941998368050e+00
9.248965160000109265e+00 -1.223235453265540285e+00
9.238382820000110129e+00 -1.223316144576149123e+00
9.227800480000110994e+00 -1.223397030546991227e+00
9.217218140000111859e+00 -1.223478097139611531e+00
9.206635800000112724e+00 -1.223559358144889808e+00
9.196053460000113589e+00 -1.223640804232326795e+00
9.185471120000114453e+00 -1.223722446790460827e+00
9.174888780000115318e+00 -1.223804283565838702e+00
9.164306440000116183e+00 -1.223886310242477071e+00
9.153724100000117048e+00 -1.223968528219721463e+00
9.143141760000117912e+00 -1.224050937268700956e+00
9.132559420000118777e+00 -1.224133544397808304e+00
9.121977080000119642e+00 -1.224216342962420212e+00
9.111394740000120507e+00 -1.224299341306227085e+00
9.100812400000121372e+00 -1.224382531563297460e+00
9.090230060000122236e+00 -1.224465917666524906e+00
9.079647720000123101e+00 -1.224549501312675259e+00
9.069065380000123966e+00 -1.224633287794624881e+00
9.058483040000124831e+00 -1.224717271402799401e+00
9.047900700000125696e+00 -1.224801452110436228e+00
9.037318360000126560e+00 -1.224885836504930658e+00
9.026736020000127425e+00 -1.224970415569418325e+00
9.016153680000128290e+00 -1.225055202326840176e+00
9.005571340000129155e+00 -1.225140194576178843e+00
8.994989000000130019e+00 -1.225225391991520807e+00
8.984406660000130884e+00 -1.225310785851405182e+00
8.973824320000131749e+00 -1.225396388917597390e+00
8.963241980000132614e+00 -1.225482195049915957e+00
8.952659640000133479e+00 -1.225568202558740216e+00
8.942077300000134343e+00 -1.225654424305243628e+00
8.931494960000135208e+00 -1.225740854138883451e+00
8.920912620000136073e+00 -1.225827490587048985e+00
8.910330280000136938e+00 -1.225914334600961109e+00
8.899747940000137802e+00 -1.226001390960252513e+00
8.889165600000138667e+00 -1.226088654315023563e+00
8.878583260000139532e+00 -1.226176132780687045e+00
8.868000920000140397e+00 -1.226263825082643866e+00
8.857418580000141262e+00 -1.226351722854223336e+00
8.846836240000142126e+00 -1.226439841768831807e+00
8.836253900000142991e+00 -1.226528174405769223e+00
8.825671560000143856e+00 -1.226616721841354174e+00
8.815089220000144721e+00 -1.226705487085513191e+00
8.804506880000145586e+00 -1.226794465149426250e+00
8.793924540000146450e+00 -1.226883660540752929e+00
8.783342200000147315e+00 -1.226973078267162620e+00
8.772759860000148180e+00 -1.227062716575302748e+00
8.762177520000149045e+00 -1.227152568005854816e+00
8.751595180000149909e+00 -1.227242647505972784e+00
8.741012840000150774e+00 -1.227332947508527949e+00
8.730430500000151639e+00 -1.227423469970840175e+00
8.719848160000152504e+00 -1.227514217569918964e+00
8.709265820000153369e+00 -1.227605185228629381e+00
8.698683480000154233e+00 -1.227696382098652839e+00
8.688101140000155098e+00 -1.227787799895575072e+00
8.677518800000155963e+00 -1.227879443918512559e+00
8.666936460000156828e+00 -1.227971318407695689e+00
8.656354120000157693e+00 -1.228063429771362403e+00
8.645771780000158557e+00 -1.228155761246573885e+00
8.635189440000159422e+00 -1.228248331658502890e+00
8.624607100000160287e+00 -1.228341126985741383e+00
8.614024760000161152e+00 -1.228434150862451890e+00
8.603442420000162016e+00 -1.228527408938328680e+00
8.592860080000162881e+00 -1.228620900523854420e+00
8.582277740000163746e+00 -1.228714634968339992e+00
8.571695400000164611e+00 -1.228808597756144483e+00
8.561113060000165476e+00 -1.228902799283617231e+00
8.550530720000166340e+00 -1.228997234644176650e+00
8.539948380000167205e+00 -1.229091913036403749e+00
8.529366040000168070e+00 -1.229186829110504142e+00
8.518783700000168935e+00 -1.229281983972601910e+00
8.508201360000169799e+00 -1.229377379450456331e+00
8.497619020000170664e+00 -1.229473019586639682e+00
8.487036680000171529e+00 -1.229568900753184257e+00
8.476454340000172394e+00 -1.229665019464483589e+00
8.465872000000173259e+00 -1.229761389611834899e+00
8.455289660000174123e+00 -1.229858001843901594e+00
8.444707320000174988e+00 -1.229954865407520526e+00
8.434124980000175853e+00 -1.230051974867230502e+00
8.423542640000176718e+00 -1.230149330941368246e+00
8.412960300000177583e+00 -1.230246937753033398e+00
8.402377960000178447e+00 -1.230344795182311657e+00
8.391795620000179312e+00 -1.230442903725837978e+00
8.381213280000180177e+00 -1.230541259881001270e+00
8.370630940000181042e+00 -1.230639874545864210e+00
8.360048600000181906e+00 -1.230738739942561333e+00
8.349466260000182771e+00 -1.230837865379248441e+00
8.338883920000183636e+00 -1.230937245383904255e+00
8.328301580000184501e+00 -1.231036880469550843e+00
8.317719240000185366e+00 -1.231136781276481740e+00
8.307136900000186230e+00 -1.231236932766555547e+00
8.296554560000187095e+00 -1.231337342122283296e+00
8.285972220000187960e+00 -1.231438024548665133e+00
8.275389880000188825e+00 -1.231538959773668562e+00
8.264807540000189690e+00 -1.231640160662839545e+00
8.254225200000190554e+00 -1.231741621748253968e+00
8.243642860000191419e+00 -1.231843356952054158e+00
8.233060520000192284e+00 -1.231945346262212304e+00
8.222478180000193149e+00 -1.232047618364812802e+00
8.211895840000194013e+00 -1.232150142853370989e+00
8.201313500000194878e+00 -1.232252947612430205e+00
8.190731160000195743e+00 -1.232356007568218947e+00
8.180148820000196608e+00 -1.232459349446915153e+00
8.169566480000197473e+00 -1.232562969978017176e+00
8.158984140000198337e+00 -1.232666856461373195e+00
8.148401800000199202e+00 -1.232771025861750136e+00
8.137819460000200067e+00 -1.232875457038887124e+00
8.127237120000200932e+00 -1.232980167613513256e+00
8.116654780000201796e+00 -1.233085174700989661e+00
8.106072440000202661e+00 -1.233190453048166324e+00
8.095490100000203526e+00 -1.233296010013115396e+00
8.084907760000204391e+00 -1.233401849674486739e+00
8.074325420000205256e+00 -1.233507962175740325e+00
8.063743080000206120e+00 -1.233614399001983886e+00
8.053160740000206985e+00 -1.233721101889877048e+00
8.042578400000207850e+00 -1.233828057801420686e+00
8.031996060000208715e+00 -1.233935321176165889e+00
8.021413720000209580e+00 -1.234042863635372411e+00
8.010831380000210444e+00 -1.234150715584750868e+00
8.000249040000211309e+00 -1.234258849009367998e+00
7.989666700000212174e+00 -1.234367269726686756e+00
7.979084360000213039e+00 -1.234475991018703755e+00
7.968502020000213903e+00 -1.234584999931139349e+00
7.957919680000214768e+00 -1.234694308375084315e+00
7.947337340000215633e+00 -1.234803915806522046e+00
7.936755000000216498e+00 -1.234913815582644459e+00
7.926172660000217363e+00 -1.235024014186320018e+00
7.915590320000218227e+00 -1.235134524837431469e+00
7.905007980000219092e+00 -1.235245331558974202e+00
7.894425640000219957e+00 -1.235356433493987272e+00
7.883843300000220822e+00 -1.235467849424074949e+00
7.873260960000221687e+00 -1.235579563213921261e+00
7.862678620000222551e+00 -1.235691586858371771e+00
7.852096280000223416e+00 -1.235803919019269781e+00
7.841513940000224281e+00 -1.235916555031639552e+00
7.830931600000225146e+00 -1.236029497158801060e+00
7.820349260000226010e+00 -1.236142767714843993e+00
7.809766920000226875e+00 -1.236256343588224338e+00
7.799184580000227740e+00 -1.236370230529221903e+00
7.788602240000228605e+00 -1.236484438419481080e+00
7.778019900000229470e+00 -1.236598961707765287e+00
7.767437560000230334e+00 -1.236713802972379872e+00
7.756855220000231199e+00 -1.236828961821037964e+00
7.746272880000232064e+00 -1.236944444440486679e+00
7.735690540000232929e+00 -1.237060235211303150e+00
7.725108200000233794e+00 -1.237176375111421978e+00
7.714525860000234658e+00 -1.237292827917877203e+00
7.703943520000235523e+00 -1.237409598694669377e+00
7.693361180000236388e+00 -1.237526707494629452e+00
7.682778840000237253e+00 -1.237644139965123458e+00
7.672196500000238117e+00 -1.237761897404299649e+00
7.661614160000238982e+00 -1.237880012665288465e+00
7.651031820000239847e+00 -1.237998434874110654e+00
7.640449480000240712e+00 -1.238117203301547287e+00
7.629867140000241577e+00 -1.238236302346836126e+00
7.619284800000242441e+00 -1.238355742385624181e+00
7.608702460000243306e+00 -1.238475529751456472e+00
7.598120120000244171e+00 -1.238595647321017790e+00
7.587537780000245036e+00 -1.238716105610479623e+00
7.576955440000245900e+00 -1.238836910308265260e+00
7.566373100000246765e+00 -1.238958059966824177e+00
7.555790760000247630e+00 -1.239079552455333300e+00
7.545208420000248495e+00 -1.239201398404356169e+00
7.534626080000249360e+00 -1.239323587978349295e+00
7.524043740000250224e+00 -1.239446142103543202e+00
7.513461400000251089e+00 -1.239569039838477327e+00
7.502879060000251954e+00 -1.239692276738900034e+00
7.492296720000252819e+00 -1.239815873173038208e+00
7.481714380000253684e+00 -1.239939855132321522e+00
7.471132040000254548e+00 -1.240064176368930404e+00
7.460549700000255413e+00 -1.240188840953427185e+00
7.449967360000256278e+00 -1.240313885471006961e+00
7.439385020000257143e+00 -1.240439301495135149e+00
7.428802680000258007e+00 -1.240565057440238483e+00
7.418220340000258872e+00 -1.240691210482317342e+00
7.407638000000259737e+00 -1.240817712890037727e+00
7.397055660000260602e+00 -1.240944561726167850e+00
7.386473320000261467e+00 -1.241071831718780327e+00
7.375890980000262331e+00 -1.241199432114342471e+00
7.365308640000263196e+00 -1.241327420597430287e+00
7.354726300000264061e+00 -1.241455791079532300e+00
7.344143960000264926e+00 -1.241584553663968027e+00
7.333561620000265791e+00 -1.241713658535387399e+00
7.322979280000266655e+00 -1.241843188188301639e+00
7.312396940000267520e+00 -1.241973052428504865e+00
7.301814600000268385e+00 -1.242103316782121825e+00
7.291232260000269250e+00 -1.242234008846675009e+00
7.280649920000270114e+00 -1.242365031364925487e+00
7.270067580000270979e+00 -1.242496464527601097e+00
7.259485240000271844e+00 -1.242628323085010145e+00
7.248902900000272709e+00 -1.242760541670458796e+00
7.238320560000273574e+00 -1.242893158875641113e+00
7.227738220000274438e+00 -1.243026181385096463e+00
7.217155880000275303e+00 -1.243159589753385363e+00
7.206573540000276168e+00 -1.243293358890193101e+00
7.195991200000277033e+00 -1.243427579540778982e+00
7.185408860000277897e+00 -1.243562196199557990e+00
7.174826520000278762e+00 -1.243697214506316762e+00
7.164244180000279627e+00 -1.243832686230692097e+00
7.153661840000280492e+00 -1.243968481273575399e+00
7.143079500000281357e+00 -1.244104721802063329e+00
7.132497160000282221e+00 -1.244241396118719534e+00
7.121914820000283086e+00 -1.244378516039016169e+00
7.111332480000283951e+00 -1.244515966126009454e+00
7.100750140000284816e+00 -1.244653924916730325e+00
7.090167800000285681e+00 -1.244792259922098854e+00
7.079585460000286545e+00 -1.244931018847035720e+00
7.069003120000287410e+00 -1.245070197633335818e+00
7.058420780000288275e+00 -1.245209743285609294e+00
7.047838440000289140e+00 -1.245349779839263205e+00
7.037256100000290004e+00 -1.245490244033162996e+00
7.026673760000290869e+00 -1.245631136276912798e+00
7.016091420000291734e+00 -1.245772469158200169e+00
7.005509080000292599e+00 -1.245914231531253691e+00
6.994926740000293464e+00 -1.246056436050005489e+00
6.984344400000294328e+00 -1.246199084967560822e+00
6.973762060000295193e+00 -1.246342165864409823e+00
6.963179720000296058e+00 -1.246485687348968474e+00
6.952597380000296923e+00 -1.246629672364814700e+00
6.942015040000297788e+00 -1.246774097810598336e+00
6.931432700000298652e+00 -1.246918969467552873e+00
6.920850360000299517e+00 -1.247064300333430298e+00
6.910268020000300382e+00 -1.247210078999053007e+00
6.899685680000301247e+00 -1.247356318531818387e+00
6.889103340000302111e+00 -1.247503021269690704e+00
6.878521000000302976e+00 -1.247650181593961793e+00
6.867938660000303841e+00 -1.247797794501603441e+00
6.857356320000304706e+00 -1.247945890145299330e+00
6.846773980000305571e+00 -1.248094445332866176e+00
6.836191640000306435e+00 -1.248243465893211335e+00
6.825609300000307300e+00 -1.248392965254804032e+00
6.815026960000308165e+00 -1.248542931735206363e+00
6.804444620000309030e+00 -1.248693378836565060e+00
6.793862280000309894e+00 -1.248844308988361851e+00
6.783279940000310759e+00 -1.248995709345668947e+00
6.772697600000311624e+00 -1.249147589269731906e+00
6.762115260000312489e+00 -1.249299972262710057e+00
6.751532920000313354e+00 -1.249452834942817336e+00
6.740950580000314218e+00 -1.249606183220862921e+00
6.730368240000315083e+00 -1.249760030978621428e+00
6.719785900000315948e+00 -1.249914366249902153e+00
6.709203560000316813e+00 -1.250069202994500639e+00
6.698621220000317678e+00 -1.250224541922313248e+00
6.688038880000318542e+00 -1.250380375412904810e+00
6.677456540000319407e+00 -1.250536707731921604e+00
6.666874200000320272e+00 -1.250693566023451941e+00
6.656291860000321137e+00 -1.250850922500652551e+00
6.645709520000322001e+00 -1.251008787302797742e+00
6.635127180000322866e+00 -1.251167173419907908e+00
6.624544840000323731e+00 -1.251326068590917995e+00
6.613962500000324596e+00 -1.251485477298798665e+00
6.603380160000325461e+00 -1.251645421010417092e+00
6.592797820000326325e+00 -1.251805879910108832e+00
6.582215480000327190e+00 -1.251966872751011151e+00
6.571633140000328055e+00 -1.252128387158054856e+00
6.561050800000328920e+00 -1.252290437680988244e+00
6.550468460000329785e+00 -1.252453027192699464e+00
6.539886120000330649e+00 -1.252616142145506206e+00
6.529303780000331514e+00 -1.252779798326710603e+00
6.518721440000332379e+00 -1.252944011958820658e+00
6.508139100000333244e+00 -1.253108759560159768e+00
6.497556760000334108e+00 -1.253274049719041994e+00
6.486974420000334973e+00 -1.253439897588811025e+00
6.476392080000335838e+00 -1.253606290422860869e+00
6.465809740000336703e+00 -1.253773243409021854e+00
6.455227400000337568e+00 -1.253940759539445615e+00
6.444645060000338432e+00 -1.254108824935390665e+00
6.434062720000339297e+00 -1.254277450321791942e+00
6.423480380000340162e+00 -1.254446660930862878e+00
6.412898040000341027e+00 -1.254616432359214606e+00
6.402315700000341891e+00 -1.254786780084661268e+00
6.391733360000342756e+00 -1.254957702053006052e+00
6.381151020000343621e+00 -1.255129193816725497e+00
6.370568680000344486e+00 -1.255301271177656108e+00
6.359986340000345351e+00 -1.255473937078547486e+00
6.349404000000346215e+00 -1.255647177489386035e+00
6.338821660000347080e+00 -1.255821003716734108e+00
6.328239320000347945e+00 -1.255995441292488968e+00
6.317656980000348810e+00 -1.256170465612809206e+00
6.307074640000349675e+00 -1.256346083108642819e+00
6.296492300000350539e+00 -1.256522310067954784e+00
6.285909960000351404e+00 -1.256699133074675512e+00
6.275327620000352269e+00 -1.256876568521247739e+00
6.264745280000353134e+00 -1.257054619484755609e+00
6.254162940000353998e+00 -1.257233271629489835e+00
6.243580600000354863e+00 -1.257412536776750356e+00
6.232998260000355728e+00 -1.257592440977734372e+00
6.222415920000356593e+00 -1.257772959327541518e+00
6.211833580000357458e+00 -1.257954098387772168e+00
6.201251240000358322e+00 -1.258135875067304399e+00
6.190668900000359187e+00 -1.258318275591550295e+00
6.180086560000360052e+00 -1.258501316982099993e+00
6.169504220000360917e+00 -1.258685009143274192e+00
6.158921880000361782e+00 -1.258869326097984853e+00
6.148339540000362646e+00 -1.259054282827222426e+00
6.137757200000363511e+00 -1.259239907962397265e+00
6.127174860000364376e+00 -1.259426176280333598e+00
6.116592520000365241e+00 -1.259613094480158457e+00
6.106010180000366105e+00 -1.259800680133423390e+00
6.095427840000366970e+00 -1.259988919089944259e+00
6.084845500000367835e+00 -1.260177829043239939e+00
6.074263160000368700e+00 -1.260367411286921202e+00
6.063680820000369565e+00 -1.260557657044406810e+00
6.053098480000370429e+00 -1.260748587602653181e+00
6.042516140000371294e+00 -1.260940188594767974e+00
6.031933800000372159e+00 -1.261132478108155430e+00
6.021351460000373024e+00 -1.261325458578667069e+00
6.010769120000373889e+00 -1.261519116779939553e+00
6.000186780000374753e+00 -1.261713470686649963e+00
5.989604440000375618e+00 -1.261908530977698506e+00
5.979022100000376483e+00 -1.262104288778313821e+00
5.968439760000377348e+00 -1.262300746679372976e+00
5.957857420000378212e+00 -1.262497919503383859e+00
5.947275080000379077e+00 -1.262695796352683919e+00
5.936692740000379942e+00 -1.262894394772370754e+00
5.926110400000380807e+00 -1.263093718370559948e+00
5.915528060000381672e+00 -1.263293751594493974e+00
5.904945720000382536e+00 -1.263494508399561456e+00
5.894363380000383401e+00 -1.263696017003627325e+00
5.883781040000384266e+00 -1.263898251301002196e+00
5.873198700000385131e+00 -1.264101218342974065e+00
5.862616360000385995e+00 -1.264304937655964078e+00
5.852034020000386860e+00 -1.264509394028580980e+00
5.841451680000387725e+00 -1.264714607105418942e+00
5.830869340000388590e+00 -1.264920581779743758e+00
5.820287000000389455e+00 -1.265127289682357992e+00
5.809704660000390319e+00 -1.265334776152258200e+00
5.799122320000391184e+00 -1.265543040988184487e+00
5.788539980000392049e+00 -1.265752067404603665e+00
5.777957640000392914e+00 -1.265961862739340527e+00
5.767375300000393779e+00 -1.266172447224252817e+00
5.756792960000394643e+00 -1.266383807066354894e+00
5.746210620000395508e+00 -1.266595957314891496e+00
5.735628280000396373e+00 -1.266808907359721736e+00
5.725045940000397238e+00 -1.267022639073300594e+00
5.714463600000398102e+00 -1.267237167850359114e+00
5.703881260000398967e+00 -1.267452523373719275e+00
5.693298920000399832e+00 -1.267668678799676707e+00
5.682716580000400697e+00 -1.267885641497925597e+00
5.672134240000401562e+00 -1.268103434341531832e+00
5.661551900000402426e+00 -1.268322038077717595e+00
5.650969560000403291e+00 -1.268541477012203211e+00
5.640387220000404156e+00 -1.268761750329189919e+00
5.629804880000405021e+00 -1.268982849594557205e+00
5.619222540000405886e+00 -1.269204783984970275e+00
5.608640200000406750e+00 -1.269427586338401248e+00
5.598057860000407615e+00 -1.269651229428112371e+00
5.587475520000408480e+00 -1.269875721206294994e+00
5.576893180000409345e+00 -1.270101083084207882e+00
5.566310840000410209e+00 -1.270327298855767451e+00
5.555728500000411074e+00 -1.270554404244882418e+00
5.545146160000411939e+00 -1.270782361387430281e+00
5.534563820000412804e+00 -1.271011200091358928e+00
5.523981480000413669e+00 -1.271240933872299639e+00
5.513399140000414533e+00 -1.271471545786608592e+00
5.502816800000415398e+00 -1.271703058940062858e+00
5.492234460000416263e+00 -1.271935477639630774e+00
5.481652120000417128e+00 -1.272168784576636735e+00
5.471069780000417992e+00 -1.272403003256907805e+00
5.460487440000418857e+00 -1.272638158547714005e+00
5.449905100000419722e+00 -1.272874218805947200e+00
5.439322760000420587e+00 -1.273111196617344953e+00
5.428740420000421452e+00 -1.273349116025675798e+00
5.418158080000422316e+00 -1.273587959517182178e+00
5.407575740000423181e+00 -1.273827751378739936e+00
5.396993400000424046e+00 -1.274068496041545373e+00
5.386411060000424911e+00 -1.274310175807614964e+00
5.375828720000425776e+00 -1.274552809167964318e+00
5.365246380000426640e+00 -1.274796428954995786e+00
5.354664040000427505e+00 -1.275041006979564573e+00
5.344081700000428370e+00 -1.275286549187613749e+00
5.333499360000429235e+00 -1.275533085724409821e+00
5.322917020000430099e+00 -1.275780594374981591e+00
5.312334680000430964e+00 -1.276029101828424217e+00
5.301752340000431829e+00 -1.276278612613206853e+00
5.291170000000432694e+00 -1.276529108649439026e+00
5.280587660000433559e+00 -1.276780609430505864e+00
5.270005320000434423e+00 -1.277033148806931750e+00
5.259422980000435288e+00 -1.277286698227706907e+00
5.248840640000436153e+00 -1.277541265566003004e+00
5.238258300000437018e+00 -1.277796877513121876e+00
5.227675960000437883e+00 -1.278053515264828688e+00
5.217093620000438747e+00 -1.278311205814799179e+00
5.206511280000439612e+00 -1.278569953749257859e+00
5.195928940000440477e+00 -1.278829738305784058e+00
5.185346600000441342e+00 -1.279090584664084318e+00
5.174764260000442206e+00 -1.279352525437827737e+00
5.164181920000443071e+00 -1.279615531727948952e+00
5.153599580000443936e+00 -1.279879611423659469e+00
5.143017240000444801e+00 -1.280144792730269154e+00
5.132434900000445666e+00 -1.280411056101188771e+00
5.121852560000446530e+00 -1.280678430078937557e+00
5.111270220000447395e+00 -1.280946928625152692e+00
5.100687880000448260e+00 -1.281216516864328359e+00
5.090105540000449125e+00 -1.281487220202935706e+00
5.079523200000449989e+00 -1.281759077980405337e+00
5.068940860000450854e+00 -1.282032060647029459e+00
5.058358520000451719e+00 -1.282306176041292600e+00
5.047776180000452584e+00 -1.282581454024290579e+00
5.037193840000453449e+00 -1.282857874222014694e+00
5.026611500000454313e+00 -1.283135486003984971e+00
5.016029160000455178e+00 -1.283414236431792199e+00
5.005446820000456043e+00 -1.283694166537980630e+00
4.994864480000456908e+00 -1.283975294896775754e+00
4.984282140000457773e+00 -1.284257600630599461e+00
4.973699800000458637e+00 -1.284541114983372978e+00
4.963117460000459502e+00 -1.284825842389776485e+00
4.952535120000460367e+00 -1.285111763520810246e+00
4.941952780000461232e+00 -1.285398908067102663e+00
4.931370440000462096e+00 -1.285687295386793494e+00
4.920788100000462961e+00 -1.285976914326795839e+00
4.910205760000463826e+00 -1.286267766272318536e+00
4.899623420000464691e+00 -1.286559883963926509e+00
4.889041080000465556e+00 -1.286853245475357621e+00
4.878458740000466420e+00 -1.287147884128856612e+00
4.867876400000467285e+00 -1.287443803975161449e+00
4.857294060000468150e+00 -1.287740985416661266e+00
4.846711720000469015e+00 -1.288039453183163818e+00
4.836129380000469880e+00 -1.288339246421249751e+00
4.825547040000470744e+00 -1.288640335138898418e+00
4.814964700000471609e+00 -1.288942726563925056e+00
4.804382360000472474e+00 -1.289246455494234223e+00
4.793800020000473339e+00 -1.289551498899896620e+00
4.783217680000474203e+00 -1.289857892060999989e+00
4.772635340000475068e+00 -1.290165638776793244e+00
4.762053000000475933e+00 -1.290474732168653826e+00
4.751470660000476798e+00 -1.290785172089803146e+00
4.740888320000477663e+00 -1.291097011974468911e+00
4.730305980000478527e+00 -1.291410221558807914e+00
4.719723640000479392e+00 -1.291724807567242950e+00
4.709141300000480257e+00 -1.292040806983039136e+00
4.698558960000481122e+00 -1.292358195457938175e+00
4.687976620000481986e+00 -1.292677010548027861e+00
4.677394280000482851e+00 -1.292997255443645521e+00
4.666811940000483716e+00 -1.293318909896898905e+00
4.656229600000484581e+00 -1.293642001078902704e+00
4.645647260000485446e+00 -1.293966570647345105e+00
4.635064920000486310e+00 -1.294292580292722539e+00
4.624482580000487175e+00 -1.294620050884140561e+00
4.613900240000488040e+00 -1.294949014567651435e+00
4.603317900000488905e+00 -1.295279445455409961e+00
4.592735560000489770e+00 -1.295611383535786754e+00
4.582153220000490634e+00 -1.295944828629181256e+00
4.571570880000491499e+00 -1.296279767652207537e+00
4.560988540000492364e+00 -1.296616221516287748e+00
4.550406200000493229e+00 -1.296954235564950153e+00
4.539823860000494093e+00 -1.297293778867345537e+00
4.529241520000494958e+00 -1.297634856356604027e+00
4.518659180000495823e+00 -1.297977509979670874e+00
4.508076840000496688e+00 -1.298321711939409706e+00
4.497494500000497553e+00 -1.298667526044877452e+00
4.486912160000498417e+00 -1.299014887370363081e+00
4.476329820000499282e+00 -1.299363845793891636e+00
4.465747480000500147e+00 -1.299714427538197992e+00
4.455165140000501012e+00 -1.300066603605550819e+00
4.444582800000501877e+00 -1.300420418083535257e+00
4.434000460000502741e+00 -1.300775868938685687e+00
4.423418120000503606e+00 -1.301132941981482993e+00
4.412835780000504471e+00 -1.301491666102527089e+00
4.402253440000505336e+00 -1.301852084537778786e+00
4.391671100000506200e+00 -1.302214155557231745e+00
4.381088760000507065e+00 -1.302577889682889456e+00
4.370506420000507930e+00 -1.302943333091126643e+00
4.359924080000508795e+00 -1.303310454347282654e+00
4.349341740000509660e+00 -1.303679300325945256e+00
4.338759400000510524e+00 -1.304049866967237570e+00
4.328177060000511389e+00 -1.304422140110606199e+00
4.317594720000512254e+00 -1.304796145692622034e+00
4.307012380000513119e+00 -1.305171923862195715e+00
4.296430040000513984e+00 -1.305549450372559317e+00
4.285847700000514848e+00 -1.305928722963459521e+00
4.275265360000515713e+00 -1.306309790614123223e+00
4.264683020000516578e+00 -1.306692618960250796e+00
4.254100680000517443e+00 -1.307077257783303192e+00
4.243518340000518307e+00 -1.307463700351027436e+00
4.232936000000519172e+00 -1.307851932466440381e+00
4.222353660000520037e+00 -1.308241979400863286e+00
4.211771320000520902e+00 -1.308633883128105690e+00
4.201188980000521767e+00 -1.309027618574902130e+00
4.190606640000522631e+00 -1.309423180371954487e+00
4.180024300000523496e+00 -1.309820620468706620e+00
4.169441960000524361e+00 -1.310219900910145396e+00
4.158859620000525226e+00 -1.310621074430082134e+00
4.148277280000526090e+00 -1.311024130879441918e+00
4.137694940000526955e+00 -1.311429055903099661e+00
4.127112600000527820e+00 -1.311835875454085754e+00
4.116530260000528685e+00 -1.312244629557185682e+00
4.105947920000529550e+00 -1.312655293787301947e+00
4.095365580000530414e+00 -1.313067858846556968e+00
4.084783240000531279e+00 -1.313482379608147399e+00
4.074200900000532144e+00 -1.313898813803765941e+00
4.063618560000533009e+00 -1.314317217119220782e+00
4.053036220000533874e+00 -1.314737590894649921e+00
4.042453880000534738e+00 -1.315159879405652932e+00
4.031871540000535603e+00 -1.315584141656745087e+00
4.021289200000536468e+00 -1.316010408169404400e+00
4.010706860000537333e+00 -1.316438654167364497e+00
4.000124520000538197e+00 -1.316868865374735798e+00
3.989542180000539062e+00 -1.317301099515205243e+00
3.978959840000539927e+00 -1.317735309090016349e+00
3.968377500000540792e+00 -1.318171577265104810e+00
3.957795160000541657e+00 -1.318609813197891834e+00
3.947212820000542521e+00 -1.319050066470799809e+00
3.936630480000543386e+00 -1.319492373712879196e+00
3.926048140000544251e+00 -1.319936690444288185e+00
3.915465800000545116e+00 -1.320383064657809413e+00
3.904883460000545981e+00 -1.320831478494322031e+00
3.894301120000546845e+00 -1.321281916217767582e+00
3.883718780000547710e+00 -1.321734400169695123e+00
3.873136440000548575e+00 -1.322188967477639032e+00
3.862554100000549440e+00 -1.322645591479208793e+00
3.851971760000550304e+00 -1.323104247794809396e+00
3.841389420000551169e+00 -1.323564998237816370e+00
3.830807080000552034e+00 -1.324027784919875605e+00
3.820224740000552899e+00 -1.324492670477633638e+00
3.809642400000553764e+00 -1.324959623505591821e+00
3.799060060000554628e+00 -1.325428627117090086e+00
3.788477720000555493e+00 -1.325899712233590932e+00
3.777895380000556358e+00 -1.326372878324598270e+00
3.767313040000557223e+00 -1.326848132036364536e+00
3.756730700000558087e+00 -1.327325428684408948e+00
3.746148360000558952e+00 -1.327804832291445747e+00
3.735566020000559817e+00 -1.328286276476477568e+00
3.724983680000560682e+00 -1.328769826055490988e+00
3.714401340000561547e+00 -1.329255427795543953e+00
3.703819000000562411e+00 -1.329743111274014344e+00
3.693236660000563276e+00 -1.330232832092806960e+00
3.682654320000564141e+00 -1.330724642918623024e+00
3.672071980000565006e+00 -1.331218514875820658e+00
3.661489640000565871e+00 -1.331714403656681700e+00
3.650907300000566735e+00 -1.332212374979027336e+00
3.640324960000567600e+00 -1.332712352222140018e+00
3.629742620000568465e+00 -1.333214401839460717e+00
3.619160280000569330e+00 -1.333718455345368259e+00
3.608577940000570194e+00 -1.334224538381707736e+00
3.597995600000571059e+00 -1.334732629736777643e+00
3.587413260000571924e+00 -1.335242720702529029e+00
3.576830920000572789e+00 -1.335754826827589614e+00
3.566248580000573654e+00 -1.336268874807127638e+00
3.555666240000574518e+00 -1.336784931341687521e+00
3.545083900000575383e+00 -1.337302907497359472e+00
3.534501560000576248e+00 -1.337822870620531512e+00
3.523919220000577113e+00 -1.338344762385792475e+00
3.513336880000577978e+00 -1.338868530949764102e+00
3.502754540000578842e+00 -1.339394222290596570e+00
3.492172200000579707e+00 -1.339921793091847446e+00
3.481589860000580572e+00 -1.340451257297579080e+00
3.471007520000581437e+00 -1.340982524687242439e+00
3.460425180000582301e+00 -1.341515661995317021e+00
3.449842840000583166e+00 -1.342050565530914286e+00
3.439260500000584031e+00 -1.342587318236203142e+00
3.428678160000584896e+00 -1.343125799008819676e+00
3.418095820000585761e+00 -1.343665992536891451e+00
3.407513480000586625e+00 -1.344207944454032688e+00
3.396931140000587490e+00 -1.344751541663771421e+00
3.386348800000588355e+00 -1.345296850836031899e+00
3.375766460000589220e+00 -1.345843760384037191e+00
3.365184120000590084e+00 -1.346392283252521249e+00
3.354601780000590949e+00 -1.346942350733264515e+00
3.344019440000591814e+00 -1.347494009185977726e+00
3.333437100000592679e+00 -1.348047176328339258e+00
3.322854760000593544e+00 -1.348601760843229469e+00
3.312272420000594408e+00 -1.349157826966554286e+00
3.301690080000595273e+00 -1.349715242204257093e+00
3.291107740000596138e+00 -1.350274071017774524e+00
3.280525400000597003e+00 -1.350834177314999218e+00
3.269943060000597868e+00 -1.351395569385412943e+00
3.259360720000598732e+00 -1.351958187419671997e+00
3.248778380000599597e+00 -1.352521982518824384e+00
3.238196040000600462e+00 -1.353086951877915611e+00
3.227613700000601327e+00 -1.353652947032119469e+00
3.217031360000602191e+00 -1.354220028475761062e+00
3.206449020000603056e+00 -1.354788040736912391e+00
3.195866680000603921e+00 -1.355357044283241219e+00
3.185284340000604786e+00 -1.355926873709786706e+00
3.174702000000605651e+00 -1.356497529871170116e+00
3.164119660000606515e+00 -1.357068937908359141e+00
3.153537320000607380e+00 -1.357641021896834221e+00
3.142954980000608245e+00 -1.358213778209655942e+00
3.132372640000609110e+00 -1.358787024173908398e+00
3.121790300000609975e+00 -1.359360814446873622e+00
3.111207960000610839e+00 -1.359934966503628884e+00
3.100625620000611704e+00 -1.360509534672934562e+00
3.090043280000612569e+00 -1.361084305724509003e+00
3.079460940000613434e+00 -1.361659312831955626e+00
3.068878600000614298e+00 -1.362234430912623528e+00
3.058296260000615163e+00 -1.362809528531924164e+00
3.047713920000616028e+00 -1.363384635120603594e+00
3.037131580000616893e+00 -1.363959522097617505e+00
3.026549240000617758e+00 -1.364534232306779726e+00
3.015966900000618622e+00 -1.365108551610253018e+00
3.005384560000619487e+00 -1.365682525708993733e+00
2.994802220000620352e+00 -1.366255946778345498e+00
2.984219880000621217e+00 -1.366828687898711259e+00
2.973637540000622081e+00 -1.367400756584174815e+00
2.963055200000622946e+00 -1.367971932539974400e+00
2.952472860000623811e+00 -1.368542245261198165e+00
2.941890520000624676e+00 -1.369111406766392314e+00
2.931308180000625541e+00 -1.369679455297208914e+00
2.920725840000626405e+00 -1.370246140214403052e+00
2.910143500000627270e+00 -1.370811467410555151e+00
2.899561160000628135e+00 -1.371375281585426542e+00
2.888978820000629000e+00 -1.371937323915038087e+00
2.878396480000629865e+00 -1.372497626248528890e+00
2.867814140000630729e+00 -1.373055915563573315e+00
2.857231800000631594e+00 -1.373612218989436640e+00
2.846649460000632459e+00 -1.374166201840797852e+00
2.836067120000633324e+00 -1.374717871628768906e+00
2.825484780000634188e+00 -1.375266954803234798e+00
2.814902440000635053e+00 -1.375813433999127700e+00
2.804320100000635918e+00 -1.376357112659406301e+00
2.793737760000636783e+00 -1.376897693495881647e+00
2.783155420000637648e+00 -1.377435190461975933e+00
2.772573080000638512e+00 -1.377969287237647000e+00
2.761990740000639377e+00 -1.378499997020169676e+00
2.751408400000640242e+00 -1.379026915272806963e+00
2.740826060000641107e+00 -1.379550077953091147e+00
2.730243720000641972e+00 -1.380069209795473206e+00
2.719661380000642836e+00 -1.380584023246463454e+00
2.709079040000643701e+00 -1.381094557584647609e+00
2.698496700000644566e+00 -1.381600374339354786e+00
2.687914360000645431e+00 -1.382101475608289221e+00
2.677332020000646295e+00 -1.382597502384041110e+00
2.666749680000647160e+00 -1.383088458499093454e+00
2.656167340000648025e+00 -1.383573915879494187e+00
2.645585000000648890e+00 -1.384053805077064769e+00
2.635002660000649755e+00 -1.384527842874380354e+00
2.624420320000650619e+00 -1.384995863593147414e+00
2.613837980000651484e+00 -1.385457766519786249e+00
2.603255640000652349e+00 -1.385913101204955256e+00
2.592673300000653214e+00 -1.386361880282241055e+00
2.582090960000654078e+00 -1.386803726405474890e+00
2.571508620000654943e+00 -1.387238668185128532e+00
2.560926280000655808e+00 -1.387666258189453661e+00
2.550343940000656673e+00 -1.388086469960008396e+00
2.539761600000657538e+00 -1.388499095837474329e+00
2.529179260000658402e+00 -1.388903940165495010e+00
2.518596920000659267e+00 -1.389301048065774591e+00
2.508014580000660132e+00 -1.389690053723283025e+00
2.497432240000660997e+00 -1.390071159357633812e+00
2.486849900000661862e+00 -1.390444203956232583e+00
2.476267560000662726e+00 -1.390809569030788673e+00
2.465685220000663591e+00 -1.391167316603715953e+00
2.455102880000664456e+00 -1.391517935306422205e+00
2.444520540000665321e+00 -1.391862544553017944e+00
2.433938200000666185e+00 -1.392202853167360033e+00
2.423355860000667050e+00 -1.392543125795074221e+00
