1.058234000000000030e+01 -1.214377112194660491e+00
1.057175766000000117e+01 -1.214438496762884956e+00
1.056117532000000203e+01 -1.214500010646297534e+00
1.055059298000000290e+01 -1.214561647627130148e+00
1.054001064000000376e+01 -1.214623408276776839e+00
1.052942830000000463e+01 -1.214685297536434394e+00
1.051884596000000549e+01 -1.214747310234937983e+00
1.050826362000000636e+01 -1.214809451328776824e+00
1.049768128000000722e+01 -1.214871717710465093e+00
1.048709894000000808e+01 -1.214934114204121451e+00
1.047651660000000895e+01 -1.214996634966355682e+00
1.046593426000000981e+01 -1.215059288190572406e+00
1.045535192000001068e+01 -1.215122068183427606e+00
1.044476958000001154e+01 -1.215184975323646333e+00
1.043418724000001241e+01 -1.215248014758251394e+00
1.042360490000001327e+01 -1.215311181013235986e+00
1.041302256000001414e+01 -1.215374479251461137e+00
1.040244022000001500e+01 -1.215437912196496884e+00
1.039185788000001587e+01 -1.215501470146043816e+00
1.038127554000001673e+01 -1.215565158797779377e+00
1.037069320000001760e+01 -1.215628983540538055e+00
1.036011086000001846e+01 -1.215692938679549195e+00
1.034952852000001933e+01 -1.215757024576018086e+00
1.033894618000002019e+01 -1.215821246480648599e+00
1.032836384000002106e+01 -1.215885598824777647e+00
1.031778150000002192e+01 -1.215950084359189942e+00
1.030719916000002279e+01 -1.216014710345480143e+00
1.029661682000002365e+01 -1.216079465491902045e+00
1.028603448000002452e+01 -1.216144358770185452e+00
1.027545214000002538e+01 -1.216209384558056383e+00
1.026486980000002625e+01 -1.216274548181846882e+00
1.025428746000002711e+01 -1.216339846490065657e+00
1.024370512000002797e+01 -1.216405284303025969e+00
1.023312278000002884e+01 -1.216470856492322117e+00
1.022254044000002970e+01 -1.216536569421023062e+00
1.021195810000003057e+01 -1.216602419302078131e+00
1.020137576000003143e+01 -1.216668405901742300e+00
1.019079342000003230e+01 -1.216734534500088394e+00
1.018021108000003316e+01 -1.216800799445661330e+00
1.016962874000003403e+01 -1.216867206174109484e+00
1.015904640000003489e+01 -1.216933751516385831e+00
1.014846406000003576e+01 -1.217000440291781782e+00
1.013788172000003662e+01 -1.217067266768233624e+00
1.012729938000003749e+01 -1.217134239251423500e+00
1.011671704000003835e+01 -1.217201352043985274e+00
1.010613470000003922e+01 -1.217268605461565123e+00
1.009555236000004008e+01 -1.217336005034887814e+00
1.008497002000004095e+01 -1.217403544942250893e+00
1.007438768000004181e+01 -1.217471230732121823e+00
1.006380534000004268e+01 -1.217539059217820574e+00
1.005322300000004354e+01 -1.217607038448085932e+00
1.004264066000004441e+01 -1.217675156271403214e+00
1.003205832000004527e+01 -1.217743424251235496e+00
1.002147598000004614e+01 -1.217811836689752347e+00
1.001089364000004700e+01 -1.217880393884392287e+00
1.000031130000004786e+01 -1.217949101481699659e+00
9.989728960000048730e+00 -1.218017953556529642e+00
9.979146620000049595e+00 -1.218086955773709956e+00
9.968564280000050459e+00 -1.218156104928739270e+00
9.957981940000051324e+00 -1.218225405839623354e+00
9.947399600000052189e+00 -1.218294852843915921e+00
9.936817260000053054e+00 -1.218364454317637069e+00
9.926234920000053918e+00 -1.218434204562645062e+00
9.915652580000054783e+00 -1.218504103858139231e+00
9.905070240000055648e+00 -1.218574157970278460e+00
9.894487900000056513e+00 -1.218644360867618515e+00
9.883905560000057378e+00 -1.218714718335324632e+00
9.873323220000058242e+00 -1.218785230104138639e+00
9.862740880000059107e+00 -1.218855892132034047e+00
9.852158540000059972e+00 -1.218926707653472885e+00
9.841576200000060837e+00 -1.218997682128394988e+00
9.830993860000061701e+00 -1.219068809858888436e+00
9.820411520000062566e+00 -1.219140091105636703e+00
9.809829180000063431e+00 -1.219211531758337186e+00
9.799246840000064296e+00 -1.219283125676686286e+00
9.788664500000065161e+00 -1.219354876167196400e+00
9.778082160000066025e+00 -1.219426790774277514e+00
9.767499820000066890e+00 -1.219498857577614892e+00
9.756917480000067755e+00 -1.219571086415667249e+00
9.746335140000068620e+00 -1.219643471086409470e+00
9.735752800000069485e+00 -1.219716017569941968e+00
9.725170460000070349e+00 -1.219788722615642085e+00
9.714588120000071214e+00 -1.219861591042024962e+00
9.704005780000072079e+00 -1.219934617795986220e+00
9.693423440000072944e+00 -1.220007813295968635e+00
9.682841100000073808e+00 -1.220081166430096564e+00
9.672258760000074673e+00 -1.220154680389967883e+00
9.661676420000075538e+00 -1.220228361265953909e+00
9.651094080000076403e+00 -1.220302202743034137e+00
9.640511740000077268e+00 -1.220376210932458738e+00
9.629929400000078132e+00 -1.220450382565880343e+00
9.619347060000078997e+00 -1.220524722463410150e+00
9.608764720000079862e+00 -1.220599224926152360e+00
9.598182380000080727e+00 -1.220673898811023506e+00
9.587600040000081592e+00 -1.220748738253062626e+00
9.577017700000082456e+00 -1.220823743466288969e+00
9.566435360000083321e+00 -1.220898920676233290e+00
9.555853020000084186e+00 -1.220974263452313524e+00
9.545270680000085051e+00 -1.221049777827704297e+00
9.534688340000085915e+00 -1.221125460930721607e+00
9.524106000000086780e+00 -1.221201317376338080e+00
9.513523660000087645e+00 -1.221277341684958939e+00
9.502941320000088510e+00 -1.221353542219304700e+00
9.492358980000089375e+00 -1.221429913669803025e+00
9.481776640000090239e+00 -1.221506456041143718e+00
9.471194300000091104e+00 -1.221583175526186782e+00
9.460611960000091969e+00 -1.221660065908899195e+00
9.450029620000092834e+00 -1.221737133410161436e+00
9.439447280000093699e+00 -1.221814374534233139e+00
9.428864940000094563e+00 -1.221891794477426352e+00
9.418282600000095428e+00 -1.221969387619510794e+00
9.407700260000096293e+00 -1.222047162352237093e+00
9.397117920000097158e+00 -1.222125113400839735e+00
9.386535580000098022e+00 -1.222203240735889374e+00
9.375953240000098887e+00 -1.222281550627828839e+00
9.365370900000099752e+00 -1.222360036868087363e+00
9.354788560000100617e+00 -1.222438705758312594e+00
9.344206220000101482e+00 -1.222517560551948046e+00
9.333623880000102346e+00 -1.222596589825977409e+00
9.323041540000103211e+00 -1.222675800763607601e+00
9.312459200000104076e+00 -1.222755199293175998e+00
9.301876860000104941e+00 -1.222834779347387935e+00
9.291294520000105805e+00 -1.222914541468277161e+00
9.280712180000106670e+00 -1.222994491918065973e+00
9.270129840000107535e+00 -1.223074624298290392e+00
9.259547500000108400e+00 -1.223154942173622972e+00
9.248965160000109265e+00 -1.223235453855188393e+00
9.238382820000110129e+00 -1.223316146267445115e+00
9.227800480000110994e+00 -1.223397030721093293e+00
9.217218140000111859e+00 -1.223478099899080185e+00
9.206635800000112724e+00 -1.223559361021064884e+00
9.196053460000113589e+00 -1.223640810270322454e+00
9.185471120000114453e+00 -1.223722452949721262e+00
9.174888780000115318e+00 -1.223804283626773515e+00
9.164306440000116183e+00 -1.223886310428681012e+00
9.153724100000117048e+00 -1.223968528261795363e+00
9.143141760000117912e+00 -1.224050937402736405e+00
9.132559420000118777e+00 -1.224133544224205616e+00
9.121977080000119642e+00 -1.224216342259305756e+00
9.111394740000120507e+00 -1.224299337883662186e+00
9.100812400000121372e+00 -1.224382528285214544e+00
9.090230060000122236e+00 -1.224465917726309305e+00
9.079647720000123101e+00 -1.224549501527977258e+00
9.069065380000123966e+00 -1.224633287875386278e+00
9.058483040000124831e+00 -1.224717271696711629e+00
9.047900700000125696e+00 -1.224801452479274744e+00
9.037318360000126560e+00 -1.224885837917685460e+00
9.026736020000127425e+00 -1.224970420226494383e+00
9.016153680000128290e+00 -1.225055207153743497e+00
9.005571340000129155e+00 -1.225140194634826596e+00
8.994989000000130019e+00 -1.225225392071058295e+00
8.984406660000130884e+00 -1.225310785990421314e+00
8.973824320000131749e+00 -1.225396389270260178e+00
8.963241980000132614e+00 -1.225482196236107324e+00
8.952659640000133479e+00 -1.225568206977105223e+00
8.942077300000134343e+00 -1.225654428722935396e+00
8.931494960000135208e+00 -1.225740854196539331e+00
8.920912620000136073e+00 -1.225827490654840757e+00
8.910330280000136938e+00 -1.225914334690154650e+00
8.899747940000137802e+00 -1.226001391145787434e+00
8.889165600000138667e+00 -1.226088654870965300e+00
8.878583260000139532e+00 -1.226176134758386160e+00
8.868000920000140397e+00 -1.226263825139460639e+00
8.857418580000141262e+00 -1.226351726084718097e+00
8.846836240000142126e+00 -1.226439844998789219e+00
8.836253900000142991e+00 -1.226528174462168996e+00
8.825671560000143856e+00 -1.226616721907863639e+00
8.815089220000144721e+00 -1.226705487167977671e+00
8.804506880000145586e+00 -1.226794465318753913e+00
8.793924540000146450e+00 -1.226883661042305507e+00
8.783342200000147315e+00 -1.226973080033591401e+00
8.772759860000148180e+00 -1.227062716630881845e+00
8.762177520000149045e+00 -1.227152570886165694e+00
8.751595180000149909e+00 -1.227242650385782730e+00
8.741012840000150774e+00 -1.227332947563678278e+00
8.730430500000151639e+00 -1.227423470035599262e+00
8.719848160000152504e+00 -1.227514217648923323e+00
8.709265820000153369e+00 -1.227605185388155773e+00
8.698683480000154233e+00 -1.227696382554718468e+00
8.688101140000155098e+00 -1.227787801499377718e+00
8.677518800000155963e+00 -1.227879449942405499e+00
8.666936460000156828e+00 -1.227971324430671585e+00
8.656354120000157693e+00 -1.228063429825433817e+00
8.645771780000158557e+00 -1.228155761323659334e+00
8.635189440000159422e+00 -1.228248331811200744e+00
8.624607100000160287e+00 -1.228341127412263756e+00
8.614024760000161152e+00 -1.228434152353361952e+00
8.603442420000162016e+00 -1.228527414517351035e+00
8.592860080000162881e+00 -1.228620906102002586e+00
8.582277740000163746e+00 -1.228714635021460388e+00
8.571695400000164611e+00 -1.228808597805216118e+00
8.561113060000165476e+00 -1.228902799323466910e+00
8.550530720000166340e+00 -1.228997234650204051e+00
8.539948380000167205e+00 -1.229091912905148076e+00
8.529366040000168070e+00 -1.229186828448818769e+00
8.518783700000168935e+00 -1.229281981286981962e+00
8.508201360000169799e+00 -1.229377379502627932e+00
8.497619020000170664e+00 -1.229473015136185454e+00
8.487036680000171529e+00 -1.229568896303221193e+00
8.476454340000172394e+00 -1.229665019516271718e+00
8.465872000000173259e+00 -1.229761389655625425e+00
8.455289660000174123e+00 -1.229858001865661743e+00
8.444707320000174988e+00 -1.229954865337113068e+00
8.434124980000175853e+00 -1.230051974441309426e+00
8.423542640000176718e+00 -1.230149329166636107e+00
8.412960300000177583e+00 -1.230246937804014618e+00
8.402377960000178447e+00 -1.230344792232171525e+00
8.391795620000179312e+00 -1.230442900775979398e+00
8.381213280000180177e+00 -1.230541259931585696e+00
8.370630940000181042e+00 -1.230639874590572891e+00
8.360048600000181906e+00 -1.230738739971202866e+00
8.349466260000182771e+00 -1.230837865338839876e+00
8.338883920000183636e+00 -1.230937245077011966e+00
8.328301580000184501e+00 -1.231036879157007213e+00
8.317719240000185366e+00 -1.231136776086232176e+00
8.307136900000186230e+00 -1.231236927576911722e+00
8.296554560000187095e+00 -1.231337342171792137e+00
8.285972220000187960e+00 -1.231438024598056957e+00
8.275389880000188825e+00 -1.231538959759153951e+00
8.264807540000189690e+00 -1.231640161285607604e+00
8.254225200000190554e+00 -1.231741621787631580e+00
8.243642860000191419e+00 -1.231843356968332248e+00
8.233060520000192284e+00 -1.231945346300724164e+00
8.222478180000193149e+00 -1.232047618255048382e+00
8.211895840000194013e+00 -1.232150147382827132e+00
8.201313500000194878e+00 -1.232252948242319901e+00
8.190731160000195743e+00 -1.232356007616380866e+00
8.180148820000196608e+00 -1.232459353897978449e+00
8.169566480000197473e+00 -1.232562969959426491e+00
8.158984140000198337e+00 -1.232666856439055492e+00
8.148401800000199202e+00 -1.232771028581029604e+00
8.137819460000200067e+00 -1.232875450349919522e+00
8.127237120000200932e+00 -1.232980171916405743e+00
8.116654780000201796e+00 -1.233085165250484838e+00
8.106072440000202661e+00 -1.233190443735406649e+00
8.095490100000203526e+00 -1.233296002051372575e+00
8.084907760000204391e+00 -1.233401855645957168e+00
8.074325420000205256e+00 -1.233507960514244495e+00
8.063743080000206120e+00 -1.233614367156885105e+00
8.053160740000206985e+00 -1.233721045589376342e+00
8.042578400000207850e+00 -1.233828029662645598e+00
8.031996060000208715e+00 -1.233935294224530743e+00
8.021413720000209580e+00 -1.234042843532344058e+00
8.010831380000210444e+00 -1.234150686026681099e+00
8.000249040000211309e+00 -1.234258818076666930e+00
7.989666700000212174e+00 -1.234367237148851437e+00
7.979084360000213039e+00 -1.234475956917618911e+00
7.968502020000213903e+00 -1.234584964238327753e+00
7.957919680000214768e+00 -1.234694271018605516e+00
7.947337340000215633e+00 -1.234803873668946395e+00
7.936755000000216498e+00 -1.234913774670038933e+00
7.926172660000217363e+00 -1.235023979275062356e+00
7.915590320000218227e+00 -1.235134480046530925e+00
7.905007980000219092e+00 -1.235245284974889168e+00
7.894425640000219957e+00 -1.235356384469162183e+00
7.883843300000220822e+00 -1.235467798442600573e+00
7.873260960000221687e+00 -1.235579509886213900e+00
7.862678620000222551e+00 -1.235691531079960548e+00
7.852096280000223416e+00 -1.235803856773779019e+00
7.841513940000224281e+00 -1.235916493662796878e+00
7.830931600000225146e+00 -1.236029440629052401e+00
7.820349260000226010e+00 -1.236142700611142509e+00
7.809766920000226875e+00 -1.236256273426234120e+00
7.799184580000227740e+00 -1.236370157175255668e+00
7.788602240000228605e+00 -1.236484361733320991e+00
7.778019900000229470e+00 -1.236598882008067113e+00
7.767437560000230334e+00 -1.236713719662653643e+00
7.756855220000231199e+00 -1.236828874239044085e+00
7.746272880000232064e+00 -1.236944353432801735e+00
7.735690540000232929e+00 -1.237060147036612490e+00
7.725108200000233794e+00 -1.237176275722205343e+00
7.714525860000234658e+00 -1.237292724063066451e+00
7.703943520000235523e+00 -1.237409489558547238e+00
7.693361180000236388e+00 -1.237526593472496161e+00
7.682778840000237253e+00 -1.237644020846978332e+00
7.672196500000238117e+00 -1.237761780391823718e+00
7.661614160000238982e+00 -1.237879883424162664e+00
7.651031820000239847e+00 -1.237998299115374401e+00
7.640449480000240712e+00 -1.238117061514245387e+00
7.629867140000241577e+00 -1.238236154274089396e+00
7.619284800000242441e+00 -1.238355587758421139e+00
7.608702460000243306e+00 -1.238475364376592669e+00
7.598120120000244171e+00 -1.238595479683576750e+00
7.587537780000245036e+00 -1.238715930588516256e+00
7.576955440000245900e+00 -1.238836726562261958e+00
7.566373100000246765e+00 -1.238957868153940378e+00
7.555790760000247630e+00 -1.239079352236736487e+00
7.545208420000248495e+00 -1.239201189425441108e+00
7.534626080000249360e+00 -1.239323369871776048e+00
7.524043740000250224e+00 -1.239445915744150195e+00
7.513461400000251089e+00 -1.239568798490779500e+00
7.502879060000251954e+00 -1.239692028887463549e+00
7.492296720000252819e+00 -1.239815621949406310e+00
7.481714380000253684e+00 -1.239939586807603744e+00
7.471132040000254548e+00 -1.240063896435008139e+00
7.460549700000255413e+00 -1.240188547324976520e+00
7.449967360000256278e+00 -1.240313579186611559e+00
7.439385020000257143e+00 -1.240438983774406978e+00
7.428802680000258007e+00 -1.240564724253505391e+00
7.418220340000258872e+00 -1.240690859546980551e+00
7.407638000000259737e+00 -1.240817352504653304e+00
7.397055660000260602e+00 -1.240944191312872258e+00
7.386473320000261467e+00 -1.241071439890518047e+00
7.375890980000262331e+00 -1.241199021375786860e+00
7.365308640000263196e+00 -1.241326992394869100e+00
7.354726300000264061e+00 -1.241455344699864405e+00
7.344143960000264926e+00 -1.241584090865105239e+00
7.333561620000265791e+00 -1.241713173554996441e+00
7.322979280000266655e+00 -1.241842679884148204e+00
7.312396940000267520e+00 -1.241972525657790927e+00
7.301814600000268385e+00 -1.242102775333238318e+00
7.291232260000269250e+00 -1.242233439884135038e+00
7.280649920000270114e+00 -1.242364435368694675e+00
7.270067580000270979e+00 -1.242495843579163761e+00
7.259485240000271844e+00 -1.242627679602526847e+00
7.248902900000272709e+00 -1.242759871334652377e+00
7.238320560000273574e+00 -1.242892460609662519e+00
7.227738220000274438e+00 -1.243025454078228842e+00
7.217155880000275303e+00 -1.243158832253437263e+00
7.206573540000276168e+00 -1.243292573432477344e+00
7.195991200000277033e+00 -1.243426753691762698e+00
7.185408860000277897e+00 -1.243561336248604654e+00
7.174826520000278762e+00 -1.243696319113833937e+00
7.164244180000279627e+00 -1.243831758847801838e+00
7.153661840000280492e+00 -1.243967510755528805e+00
7.143079500000281357e+00 -1.244103719161247401e+00
7.132497160000282221e+00 -1.244240344458195535e+00
7.121914820000283086e+00 -1.244377427072461018e+00
7.111332480000283951e+00 -1.244514826864883572e+00
7.100750140000284816e+00 -1.244652745385183668e+00
7.090167800000285681e+00 -1.244791032443944179e+00
7.079585460000286545e+00 -1.244929735561993489e+00
7.069003120000287410e+00 -1.245068868628091519e+00
7.058420780000288275e+00 -1.245208353453214123e+00
7.047838440000289140e+00 -1.245348333934240603e+00
7.037256100000290004e+00 -1.245488739893407359e+00
7.026673760000290869e+00 -1.245629571676979630e+00
7.016091420000291734e+00 -1.245770841776261184e+00
7.005509080000292599e+00 -1.245912538972266947e+00
6.994926740000293464e+00 -1.246054675815102319e+00
6.984344400000294328e+00 -1.246197246703214745e+00
6.973762060000295193e+00 -1.246340262467136029e+00
6.963179720000296058e+00 -1.246483716181502110e+00
6.952597380000296923e+00 -1.246627614774814097e+00
6.942015040000297788e+00 -1.246771958668968061e+00
6.931432700000298652e+00 -1.246916745743864796e+00
6.920850360000299517e+00 -1.247061988837870672e+00
6.910268020000300382e+00 -1.247207676443733204e+00
6.899685680000301247e+00 -1.247353821488437209e+00
6.889103340000302111e+00 -1.247500418250976573e+00
6.878521000000302976e+00 -1.247647484874368162e+00
6.867938660000303841e+00 -1.247795000383373321e+00
6.857356320000304706e+00 -1.247942978601566555e+00
6.846773980000305571e+00 -1.248091420346672864e+00
6.836191640000306435e+00 -1.248240323286000653e+00
6.825609300000307300e+00 -1.248389700672181357e+00
6.815026960000308165e+00 -1.248539540692558347e+00
6.804444620000309030e+00 -1.248689856660483377e+00
6.793862280000309894e+00 -1.248840642728134220e+00
6.783279940000310759e+00 -1.248991910333196564e+00
6.772697600000311624e+00 -1.249143652425350970e+00
6.762115260000312489e+00 -1.249295875809920853e+00
6.751532920000313354e+00 -1.249448581577234707e+00
6.740950580000314218e+00 -1.249601767271759645e+00
6.730368240000315083e+00 -1.249755446540133930e+00
6.719785900000315948e+00 -1.249909607244510390e+00
6.709203560000316813e+00 -1.250064263092522721e+00
6.698621220000317678e+00 -1.250219414626029701e+00
6.688038880000318542e+00 -1.250375054006538367e+00
6.677456540000319407e+00 -1.250531193687537623e+00
6.666874200000320272e+00 -1.250687833900612889e+00
6.656291860000321137e+00 -1.250844976015272447e+00
6.645709520000322001e+00 -1.251002617440254649e+00
6.635127180000322866e+00 -1.251160772221805217e+00
6.624544840000323731e+00 -1.251319427874602708e+00
6.613962500000324596e+00 -1.251478597150364358e+00
6.603380160000325461e+00 -1.251638275358950114e+00
6.592797820000326325e+00 -1.251798468457410163e+00
6.582215480000327190e+00 -1.251959186130909618e+00
6.571633140000328055e+00 -1.252120415688024346e+00
6.561050800000328920e+00 -1.252282171457925752e+00
6.550468460000329785e+00 -1.252444447218742818e+00
6.539886120000330649e+00 -1.252607255168558975e+00
6.529303780000331514e+00 -1.252770584696929701e+00
6.518721440000332379e+00 -1.252934460319403254e+00
6.508139100000333244e+00 -1.253098858187026821e+00
6.497556760000334108e+00 -1.253263786599358109e+00
6.486974420000334973e+00 -1.253429260230352726e+00
6.476392080000335838e+00 -1.253595265997617947e+00
6.465809740000336703e+00 -1.253761818633147840e+00
6.455227400000337568e+00 -1.253928911740708418e+00
6.444645060000338432e+00 -1.254096557809279311e+00
6.434062720000339297e+00 -1.254264749473794183e+00
6.423480380000340162e+00 -1.254433493289057733e+00
6.412898040000341027e+00 -1.254602791331950407e+00
6.402315700000341891e+00 -1.254772631290461682e+00
6.391733360000342756e+00 -1.254943046249741512e+00
6.381151020000343621e+00 -1.255114013954069740e+00
6.370568680000344486e+00 -1.255285549533201150e+00
6.359986340000345351e+00 -1.255457646393232762e+00
6.349404000000346215e+00 -1.255630317306341892e+00
6.338821660000347080e+00 -1.255803554775830166e+00
6.328239320000347945e+00 -1.255977365230298570e+00
6.317656980000348810e+00 -1.256151751016445051e+00
6.307074640000349675e+00 -1.256326708906332801e+00
6.296492300000350539e+00 -1.256502254370457816e+00
6.285909960000351404e+00 -1.256678373439712448e+00
6.275327620000352269e+00 -1.256855081635261939e+00
6.264745280000353134e+00 -1.257032372143942034e+00
6.254162940000353998e+00 -1.257210258004853642e+00
6.243580600000354863e+00 -1.257388731567350426e+00
6.232998260000355728e+00 -1.257567799108553430e+00
6.222415920000356593e+00 -1.257747463228568563e+00
6.211833580000357458e+00 -1.257927720466716526e+00
6.201251240000358322e+00 -1.258108586677479934e+00
6.190668900000359187e+00 -1.258290047387502497e+00
6.180086560000360052e+00 -1.258472118496201997e+00
6.169504220000360917e+00 -1.258654809243139550e+00
6.158921880000361782e+00 -1.258838092747000648e+00
6.148339540000362646e+00 -1.259021992636453646e+00
6.137757200000363511e+00 -1.259206507406052999e+00
6.127174860000364376e+00 -1.259391639888593817e+00
6.116592520000365241e+00 -1.259577386360252405e+00
6.106010180000366105e+00 -1.259763763041965801e+00
6.095427840000366970e+00 -1.259950754907607884e+00
6.084845500000367835e+00 -1.260138378215163835e+00
6.074263160000368700e+00 -1.260326633440163047e+00
6.063680820000369565e+00 -1.260515510647799209e+00
6.053098480000370429e+00 -1.260705029690091461e+00
6.042516140000371294e+00 -1.260895175210591468e+00
6.031933800000372159e+00 -1.261085963655490971e+00
6.021351460000373024e+00 -1.261277386512010157e+00
6.010769120000373889e+00 -1.261469459338837584e+00
6.000186780000374753e+00 -1.261662168507102333e+00
5.989604440000375618e+00 -1.261855533192026702e+00
5.979022100000376483e+00 -1.262049543075388414e+00
5.968439760000377348e+00 -1.262244198439911091e+00
5.957857420000378212e+00 -1.262439516024139508e+00
5.947275080000379077e+00 -1.262635479830976681e+00
5.936692740000379942e+00 -1.262832106619454997e+00
5.926110400000380807e+00 -1.263029388547238341e+00
5.915528060000381672e+00 -1.263227339392899440e+00
5.904945720000382536e+00 -1.263425950660683306e+00
5.894363380000383401e+00 -1.263625227773816917e+00
5.883781040000384266e+00 -1.263825174010958063e+00
5.873198700000385131e+00 -1.264025784814182485e+00
5.862616360000385995e+00 -1.264227077208630590e+00
5.852034020000386860e+00 -1.264429034492173365e+00
5.841451680000387725e+00 -1.264631673696774872e+00
5.830869340000388590e+00 -1.264834985559514902e+00
5.820287000000389455e+00 -1.265038974859128640e+00
5.809704660000390319e+00 -1.265243663054101519e+00
5.799122320000391184e+00 -1.265449025314514753e+00
5.788539980000392049e+00 -1.265655074716384387e+00
5.777957640000392914e+00 -1.265861806299470871e+00
5.767375300000393779e+00 -1.266069237324705332e+00
5.756792960000394643e+00 -1.266277350310540228e+00
5.746210620000395508e+00 -1.266486162507680646e+00
5.735628280000396373e+00 -1.266695665304143681e+00
5.725045940000397238e+00 -1.266905872568064195e+00
5.714463600000398102e+00 -1.267116775122782313e+00
5.703881260000398967e+00 -1.267328377587075172e+00
5.693298920000399832e+00 -1.267540683360151466e+00
5.682716580000400697e+00 -1.267753687036676791e+00
5.672134240000401562e+00 -1.267967407319466222e+00
5.661551900000402426e+00 -1.268181823418527809e+00
5.650969560000403291e+00 -1.268396955256109848e+00
5.640387220000404156e+00 -1.268612800060275436e+00
5.629804880000405021e+00 -1.268829346336114661e+00
5.619222540000405886e+00 -1.269046611021971360e+00
5.608640200000406750e+00 -1.269264589389059950e+00
5.598057860000407615e+00 -1.269483284785286159e+00
5.587475520000408480e+00 -1.269702691316449306e+00
5.576893180000409345e+00 -1.269922826531972859e+00
5.566310840000410209e+00 -1.270143671155555598e+00
5.555728500000411074e+00 -1.270365243921866227e+00
5.545146160000411939e+00 -1.270587540642088564e+00
5.534563820000412804e+00 -1.270810551437592029e+00
5.523981480000413669e+00 -1.271034296974512534e+00
5.513399140000414533e+00 -1.271258757414598595e+00
5.502816800000415398e+00 -1.271483950264562068e+00
5.492234460000416263e+00 -1.271709865603910972e+00
5.481652120000417128e+00 -1.271936517171971426e+00
5.471069780000417992e+00 -1.272163888497282125e+00
5.460487440000418857e+00 -1.272392011167026382e+00
5.449905100000419722e+00 -1.272620849146830491e+00
5.439322760000420587e+00 -1.272850412311626656e+00
5.428740420000421452e+00 -1.273080718210352513e+00
5.418158080000422316e+00 -1.273311745918897842e+00
5.407575740000423181e+00 -1.273543512885624507e+00
5.396993400000424046e+00 -1.273776008606801735e+00
5.386411060000424911e+00 -1.274009246563863718e+00
5.375828720000425776e+00 -1.274243215435831633e+00
5.365246380000426640e+00 -1.274477917775420632e+00
5.354664040000427505e+00 -1.274713356372579209e+00
5.344081700000428370e+00 -1.274949523862453526e+00
5.333499360000429235e+00 -1.275186437657927163e+00
5.322917020000430099e+00 -1.275424075649854494e+00
5.312334680000430964e+00 -1.275662455116827410e+00
5.301752340000431829e+00 -1.275901564923001885e+00
5.291170000000432694e+00 -1.276141418170092301e+00
5.280587660000433559e+00 -1.276382002754392619e+00
5.270005320000434423e+00 -1.276623320436144127e+00
5.259422980000435288e+00 -1.276865373570956086e+00
5.248840640000436153e+00 -1.277108154135422335e+00
5.238258300000437018e+00 -1.277351679284917996e+00
5.227675960000437883e+00 -1.277595925615051087e+00
5.217093620000438747e+00 -1.277840910104239835e+00
5.206511280000439612e+00 -1.278086620940507068e+00
5.195928940000440477e+00 -1.278333070702383667e+00
5.185346600000441342e+00 -1.278580246400256026e+00
5.174764260000442206e+00 -1.278828148897763750e+00
5.164181920000443071e+00 -1.279076779964462229e+00
5.153599580000443936e+00 -1.279326130875791723e+00
5.143017240000444801e+00 -1.279576218382941333e+00
5.132434900000445666e+00 -1.279827017671483880e+00
5.121852560000446530e+00 -1.280078545267824719e+00
5.111270220000447395e+00 -1.280330810871946667e+00
5.100687880000448260e+00 -1.280583771632519241e+00
5.090105540000449125e+00 -1.280837456382823980e+00
5.079523200000449989e+00 -1.281091854663285012e+00
5.068940860000450854e+00 -1.281346967482370980e+00
5.058358520000451719e+00 -1.281602785372322195e+00
5.047776180000452584e+00 -1.281859324597675265e+00
5.037193840000453449e+00 -1.282116558532773176e+00
5.026611500000454313e+00 -1.282374504879935762e+00
5.016029160000455178e+00 -1.282633156043468059e+00
5.005446820000456043e+00 -1.282892496587502151e+00
4.994864480000456908e+00 -1.283152545995327687e+00
4.984282140000457773e+00 -1.283413277231244543e+00
4.973699800000458637e+00 -1.283674705756136625e+00
4.963117460000459502e+00 -1.283936817859645974e+00
4.952535120000460367e+00 -1.284199623955254221e+00
4.941952780000461232e+00 -1.284463101006050545e+00
4.931370440000462096e+00 -1.284727268749709328e+00
4.920788100000462961e+00 -1.284992104877029861e+00
4.910205760000463826e+00 -1.285257605921907409e+00
4.899623420000464691e+00 -1.285523786764974696e+00
4.889041080000465556e+00 -1.285790618392385065e+00
4.878458740000466420e+00 -1.286058115298189808e+00
4.867876400000467285e+00 -1.286326262930456821e+00
4.857294060000468150e+00 -1.286595070462858814e+00
4.846711720000469015e+00 -1.286864520743519202e+00
4.836129380000469880e+00 -1.287134610429948145e+00
4.825547040000470744e+00 -1.287405337569852870e+00
4.814964700000471609e+00 -1.287676690609970143e+00
4.804382360000472474e+00 -1.287948683279059647e+00
4.793800020000473339e+00 -1.288221284648421339e+00
4.783217680000474203e+00 -1.288494507976778891e+00
4.772635340000475068e+00 -1.288768337844197864e+00
4.762053000000475933e+00 -1.289042794767810918e+00
4.751470660000476798e+00 -1.289317834325170553e+00
4.740888320000477663e+00 -1.289593464488397734e+00
4.730305980000478527e+00 -1.289869681638285526e+00
4.719723640000479392e+00 -1.290146473322656639e+00
4.709141300000480257e+00 -1.290423851813700784e+00
4.698558960000481122e+00 -1.290701784082291192e+00
4.687976620000481986e+00 -1.290980281831797027e+00
4.677394280000482851e+00 -1.291259328720613109e+00
4.666811940000483716e+00 -1.291538930495738313e+00
4.656229600000484581e+00 -1.291819066742482258e+00
4.645647260000485446e+00 -1.292099730821966386e+00
4.635064920000486310e+00 -1.292380909203478812e+00
4.624482580000487175e+00 -1.292662603545288391e+00
4.613900240000488040e+00 -1.292944817045614148e+00
4.603317900000488905e+00 -1.293227514353548768e+00
4.592735560000489770e+00 -1.293510705228843927e+00
4.582153220000490634e+00 -1.293794383806781578e+00
4.571570880000491499e+00 -1.294078519111071524e+00
4.560988540000492364e+00 -1.294363123157382001e+00
4.550406200000493229e+00 -1.294648175824279157e+00
4.539823860000494093e+00 -1.294933668971570917e+00
4.529241520000494958e+00 -1.295219588137833222e+00
4.518659180000495823e+00 -1.295505941504643932e+00
4.508076840000496688e+00 -1.295792691141893327e+00
4.497494500000497553e+00 -1.296079846516302148e+00
4.486912160000498417e+00 -1.296367394464353007e+00
4.476329820000499282e+00 -1.296655307177696281e+00
4.465747480000500147e+00 -1.296943598286677712e+00
4.455165140000501012e+00 -1.297232228297120926e+00
4.444582800000501877e+00 -1.297521202994132983e+00
4.434000460000502741e+00 -1.297810505699598327e+00
4.423418120000503606e+00 -1.298100128039674672e+00
4.412835780000504471e+00 -1.298390042950460455e+00
4.402253440000505336e+00 -1.298680273597458967e+00
4.391671100000506200e+00 -1.298970755432207191e+00
4.381088760000507065e+00 -1.299261493773061993e+00
4.370506420000507930e+00 -1.299552492180362506e+00
4.359924080000508795e+00 -1.299843708066362069e+00
4.349341740000509660e+00 -1.300135143893336842e+00
4.338759400000510524e+00 -1.300426781861414582e+00
4.328177060000511389e+00 -1.300718609268068926e+00
4.317594720000512254e+00 -1.301010602236943425e+00
4.307012380000513119e+00 -1.301302750735585434e+00
4.296430040000513984e+00 -1.301595029722131036e+00
4.285847700000514848e+00 -1.301887424088551182e+00
4.275265360000515713e+00 -1.302179933541136370e+00
4.264683020000516578e+00 -1.302472511977536440e+00
4.254100680000517443e+00 -1.302765157787816541e+00
4.243518340000518307e+00 -1.303057851868264727e+00
4.232936000000519172e+00 -1.303350576333802024e+00
4.222353660000520037e+00 -1.303643303467195480e+00
4.211771320000520902e+00 -1.303936021827891700e+00
4.201188980000521767e+00 -1.304228700070585445e+00
4.190606640000522631e+00 -1.304521321644364518e+00
4.180024300000523496e+00 -1.304813881541628806e+00
4.169441960000524361e+00 -1.305106329634553308e+00
4.158859620000525226e+00 -1.305398659340901490e+00
4.148277280000526090e+00 -1.305690850009475934e+00
4.137694940000526955e+00 -1.305982877554384247e+00
4.127112600000527820e+00 -1.306274711544678002e+00
4.116530260000528685e+00 -1.306566335330024087e+00
4.105947920000529550e+00 -1.306857711728371285e+00
4.095365580000530414e+00 -1.307148822464148985e+00
4.084783240000531279e+00 -1.307439656785897908e+00
4.074200900000532144e+00 -1.307730159929329838e+00
4.063618560000533009e+00 -1.308020319263160314e+00
4.053036220000533874e+00 -1.308310133704347455e+00
4.042453880000534738e+00 -1.308599513657604518e+00
4.031871540000535603e+00 -1.308888475601041712e+00
4.021289200000536468e+00 -1.309176984037589531e+00
4.010706860000537333e+00 -1.309464993889810192e+00
4.000124520000538197e+00 -1.309752484788138105e+00
3.989542180000539062e+00 -1.310039439002323114e+00
3.978959840000539927e+00 -1.310325796393689846e+00
3.968377500000540792e+00 -1.310611543293909165e+00
3.957795160000541657e+00 -1.310896643627794234e+00
3.947212820000542521e+00 -1.311181053122767004e+00
3.936630480000543386e+00 -1.311464758497883132e+00
3.926048140000544251e+00 -1.311747689861366251e+00
3.915465800000545116e+00 -1.312029834651744498e+00
3.904883460000545981e+00 -1.312311160829254586e+00
3.894301120000546845e+00 -1.312591622436612759e+00
3.883718780000547710e+00 -1.312871172879834347e+00
3.873136440000548575e+00 -1.313149793598125337e+00
3.862554100000549440e+00 -1.313427413338450700e+00
3.851971760000550304e+00 -1.313704011126041848e+00
3.841389420000551169e+00 -1.313979555376199260e+00
3.830807080000552034e+00 -1.314253975812759156e+00
3.820224740000552899e+00 -1.314527237923770686e+00
3.809642400000553764e+00 -1.314799312356172312e+00
3.799060060000554628e+00 -1.315070141582695751e+00
3.788477720000555493e+00 -1.315339668934431661e+00
3.777895380000556358e+00 -1.315607879231797117e+00
3.767313040000557223e+00 -1.315874678780972085e+00
3.756730700000558087e+00 -1.316140046509776340e+00
3.746148360000558952e+00 -1.316403939584303018e+00
3.735566020000559817e+00 -1.316666279829777908e+00
3.724983680000560682e+00 -1.316927020948370552e+00
3.714401340000561547e+00 -1.317186136553252673e+00
3.703819000000562411e+00 -1.317443546561921641e+00
3.693236660000563276e+00 -1.317699190632161343e+00
3.682654320000564141e+00 -1.317953029320631853e+00
3.672071980000565006e+00 -1.318204975327428530e+00
3.661489640000565871e+00 -1.318454996342155461e+00
3.650907300000566735e+00 -1.318703036057554234e+00
3.640324960000567600e+00 -1.318949007094603276e+00
3.629742620000568465e+00 -1.319192849055194738e+00
3.619160280000569330e+00 -1.319434509502168229e+00
3.608577940000570194e+00 -1.319673944956472944e+00
3.597995600000571059e+00 -1.319911058707186946e+00
3.587413260000571924e+00 -1.320145768225914784e+00
3.576830920000572789e+00 -1.320378012371635990e+00
3.566248580000573654e+00 -1.320607739172818595e+00
3.555666240000574518e+00 -1.320834876225092547e+00
3.545083900000575383e+00 -1.321059325407669016e+00
3.534501560000576248e+00 -1.321281009491765746e+00
3.523919220000577113e+00 -1.321499887691094166e+00
3.513336880000577978e+00 -1.321715845364979103e+00
3.502754540000578842e+00 -1.321928825556312415e+00
3.492172200000579707e+00 -1.322138719623088488e+00
3.481589860000580572e+00 -1.322345443407992871e+00
3.471007520000581437e+00 -1.322548939446411165e+00
3.460425180000582301e+00 -1.322749116126088476e+00
3.449842840000583166e+00 -1.322945862753798441e+00
3.439260500000584031e+00 -1.323139077688907150e+00
3.428678160000584896e+00 -1.323328724323706851e+00
3.418095820000585761e+00 -1.323514657890372259e+00
3.407513480000586625e+00 -1.323696806041201546e+00
3.396931140000587490e+00 -1.323875050170290057e+00
3.386348800000588355e+00 -1.324049280195770173e+00
3.375766460000589220e+00 -1.324219448899528251e+00
3.365184120000590084e+00 -1.324385389217645148e+00
3.354601780000590949e+00 -1.324547028190688813e+00
3.344019440000591814e+00 -1.324704263440728003e+00
3.333437100000592679e+00 -1.324856931243993952e+00
3.322854760000593544e+00 -1.325004976708995086e+00
3.312272420000594408e+00 -1.325148270669106676e+00
3.301690080000595273e+00 -1.325286678282143971e+00
3.291107740000596138e+00 -1.325420063007760607e+00
3.280525400000597003e+00 -1.325548367831115737e+00
3.269943060000597868e+00 -1.325671396088269560e+00
3.259360720000598732e+00 -1.325789044714623888e+00
3.248778380000599597e+00 -1.325901223286005237e+00
3.238196040000600462e+00 -1.326007712919059056e+00
3.227613700000601327e+00 -1.326108453247442975e+00
3.217031360000602191e+00 -1.326203284744275512e+00
3.206449020000603056e+00 -1.326292053216848732e+00
3.195866680000603921e+00 -1.326374590386212526e+00
3.185284340000604786e+00 -1.326450826731215837e+00
3.174702000000605651e+00 -1.326520529509059632e+00
3.164119660000606515e+00 -1.326583577870379393e+00
3.153537320000607380e+00 -1.326639851953155258e+00
3.142954980000608245e+00 -1.326689101612129162e+00
3.132372640000609110e+00 -1.326731250168837528e+00
3.121790300000609975e+00 -1.326766101504067041e+00
3.111207960000610839e+00 -1.326793478091044864e+00
3.100625620000611704e+00 -1.326813173363496690e+00
3.090043280000612569e+00 -1.326825106970186852e+00
3.079460940000613434e+00 -1.326828990244103279e+00
3.068878600000614298e+00 -1.326824684511611840e+00
3.058296260000615163e+00 -1.326812048502094221e+00
3.047713920000616028e+00 -1.326790773989715344e+00
3.037131580000616893e+00 -1.326760775878883303e+00
3.026549240000617758e+00 -1.326721810398800105e+00
3.015966900000618622e+00 -1.326673671500148810e+00
3.005384560000619487e+00 -1.326616106091441205e+00
2.994802220000620352e+00 -1.326548981401991067e+00
2.984219880000621217e+00 -1.326472046863820697e+00
2.973637540000622081e+00 -1.326385047120018035e+00
2.963055200000622946e+00 -1.326287832367719410e+00
2.952472860000623811e+00 -1.326180041151257649e+00
2.941890520000624676e+00 -1.326061563135256138e+00
2.931308180000625541e+00 -1.325932100614532816e+00
2.920725840000626405e+00 -1.325791412195466812e+00
2.910143500000627270e+00 -1.325639210640130905e+00
2.899561160000628135e+00 -1.325475267288507952e+00
2.888978820000629000e+00 -1.325299343772975424e+00
2.878396480000629865e+00 -1.325111135006501240e+00
2.867814140000630729e+00 -1.324910376235550080e+00
2.857231800000631594e+00 -1.324696720183491827e+00
2.846649460000632459e+00 -1.324470018677364580e+00
2.836067120000633324e+00 -1.324229828413145071e+00
2.825484780000634188e+00 -1.323975948181820295e+00
2.814902440000635053e+00 -1.323708021349260688e+00
2.804320100000635918e+00 -1.323425686774944765e+00
2.793737760000636783e+00 -1.323128738372332913e+00
2.783155420000637648e+00 -1.322816770376516127e+00
2.772573080000638512e+00 -1.322489467485695291e+00
2.761990740000639377e+00 -1.322146403110319612e+00
2.751408400000640242e+00 -1.321787399929781337e+00
2.740826060000641107e+00 -1.321411892387987619e+00
2.730243720000641972e+00 -1.321019604096665301e+00
2.719661380000642836e+00 -1.320610249977946404e+00
2.709079040000643701e+00 -1.320183232959588837e+00
2.698496700000644566e+00 -1.319738345050053496e+00
2.687914360000645431e+00 -1.319275086454702262e+00
2.677332020000646295e+00 -1.318793077548889636e+00
2.666749680000647160e+00 -1.318291792850327937e+00
2.656167340000648025e+00 -1.317770983360330828e+00
2.645585000000648890e+00 -1.317230022462395178e+00
2.635002660000649755e+00 -1.316668497061287857e+00
2.624420320000650619e+00 -1.316086068596856951e+00
2.613837980000651484e+00 -1.315482044245376292e+00
2.603255640000652349e+00 -1.314856134057204917e+00
2.592673300000653214e+00 -1.314207720574696481e+00
2.582090960000654078e+00 -1.313536342001594637e+00
2.571508620000654943e+00 -1.312841349072076280e+00
2.560926280000655808e+00 -1.312122391914403163e+00
2.550343940000656673e+00 -1.311378789033919912e+00
2.539761600000657538e+00 -1.310610006511494063e+00
2.529179260000658402e+00 -1.309815492172761831e+00
2.518596920000659267e+00 -1.308994519000360235e+00
2.508014580000660132e+00 -1.308146682994651977e+00
2.497432240000660997e+00 -1.307271219263838713e+00
2.486849900000661862e+00 -1.306367561156114521e+00
2.476267560000662726e+00 -1.305434904365342819e+00
2.465685220000663591e+00 -1.304472757526970561e+00
2.455102880000664456e+00 -1.303480402914652059e+00
2.444520540000665321e+00 -1.302457058590760219e+00
2.433938200000666185e+00 -1.301402063286468014e+00
2.423355860000667050e+00 -1.300314535022304430e+00
2.412773520000667915e+00 -1.299193948288337452e+00
2.402191180000668780e+00 -1.298039353923597483e+00
2.391608840000669645e+00 -1.296850052412774623e+00
2.381026500000670509e+00 -1.295625034269719311e+00
2.370444160000671374e+00 -1.294363701355819574e+00
2.359861820000672239e+00 -1.293065138760365773e+00
2.349279480000673104e+00 -1.291728365904880160e+00
2.338697140000673969e+00 -1.290352595476734088e+00
2.328114800000674833e+00 -1.288936702848116678e+00
2.317532460000675698e+00 -1.287480006715068015e+00
2.306950120000676563e+00 -1.285981382317773480e+00
2.296367780000677428e+00 -1.284439911533656886e+00
2.285785440000678292e+00 -1.282854379113113730e+00
2.275203100000679157e+00 -1.281223879078187577e+00
2.264620760000680022e+00 -1.279547505978041011e+00
2.254038420000680887e+00 -1.277823934068317069e+00
2.243456080000681752e+00 -1.276052190676638887e+00
2.232873740000682616e+00 -1.274230884385188611e+00
2.222291400000683481e+00 -1.272359141960352380e+00
2.211709060000684346e+00 -1.270435592800582159e+00
2.201126720000685211e+00 -1.268459030621168271e+00
2.190544380000686076e+00 -1.266428213143185877e+00
2.179962040000686940e+00 -1.264341676381634860e+00
2.169379700000687805e+00 -1.262198428332357514e+00
2.158797360000688670e+00 -1.259996837790854141e+00
2.148215020000689535e+00 -1.257735714053070941e+00
2.137632680000690399e+00 -1.255413350112561499e+00
2.127050340000691264e+00 -1.253028647859384170e+00
2.116468000000692129e+00 -1.250579951595958805e+00
2.105885660000692994e+00 -1.248065776641595681e+00
2.095303320000693859e+00 -1.245484598909048168e+00
2.084720980000694723e+00 -1.242834659775206907e+00
2.074138640000695588e+00 -1.240114734840030097e+00
2.063556300000696453e+00 -1.237322851093790144e+00
2.052973960000697318e+00 -1.234457587978329274e+00
2.042391620000698182e+00 -1.231516893979774929e+00
2.031809280000699047e+00 -1.228499453524259266e+00
2.021226940000699912e+00 -1.225403285838916778e+00
2.010644600000700777e+00 -1.222226649195869763e+00
2.000062260000701642e+00 -1.218967769248158195e+00
1.989479920000702506e+00 -1.215624576697571957e+00
1.978897580000703371e+00 -1.212195667491056561e+00
1.968315240000704236e+00 -1.208678758965517908e+00
1.957732900000705101e+00 -1.205072274121940179e+00
1.947150560000705966e+00 -1.201373883049877245e+00
1.936568220000706830e+00 -1.197581864851912981e+00
1.925985880000707695e+00 -1.193694751629980066e+00
1.915403540000708560e+00 -1.189710185178306068e+00
1.904821200000709425e+00 -1.185626432595680901e+00
1.894238860000710289e+00 -1.181441372363850606e+00
1.883656520000711154e+00 -1.177153728086492546e+00
1.873074180000712019e+00 -1.172761259562474567e+00
1.862491840000712884e+00 -1.168262700402199039e+00
1.851909500000713749e+00 -1.163655904718293721e+00
1.841327160000714613e+00 -1.158940166037446318e+00
1.830744820000715478e+00 -1.154114164219421923e+00
1.820162480000716343e+00 -1.149176656356108772e+00
1.809580140000717208e+00 -1.144127582944503008e+00
1.798997800000718073e+00 -1.138966410446561772e+00
1.788415460000718937e+00 -1.133694615345537171e+00
1.777833120000719802e+00 -1.128313962056848974e+00
1.767250780000720667e+00 -1.122828775005633606e+00
1.756668440000721532e+00 -1.117246658837909301e+00
1.746086100000722396e+00 -1.111585257191882281e+00
