1.058234000000000030e+01 -8.650873943856499659e-01
1.057175766000000117e+01 -8.652158502808718898e-01
1.056117532000000203e+01 -8.653445675988681307e-01
1.055059298000000290e+01 -8.654735439322719381e-01
1.054001064000000376e+01 -8.656027734960219933e-01
1.052942830000000463e+01 -8.657322686163880787e-01
1.051884596000000549e+01 -8.658620184779098894e-01
1.050826362000000636e+01 -8.659920354592057778e-01
1.049768128000000722e+01 -8.661223100550899945e-01
1.048709894000000808e+01 -8.662528509386618891e-01
1.047651660000000895e+01 -8.663836520293258792e-01
1.046593426000000981e+01 -8.665147212793918863e-01
1.045535192000001068e+01 -8.666460568837298650e-01
1.044476958000001154e+01 -8.667776527552538690e-01
1.043418724000001241e+01 -8.669095215676337896e-01
1.042360490000001327e+01 -8.670416521075018368e-01
1.041302256000001414e+01 -8.671740571024958433e-01
1.040244022000001500e+01 -8.673067380332898368e-01
1.039185788000001587e+01 -8.674396767250577289e-01
1.038127554000001673e+01 -8.675728876530920397e-01
1.037069320000001760e+01 -8.677063740903038225e-01
1.036011086000001846e+01 -8.678401343104779064e-01
1.034952852000001933e+01 -8.679741620968558502e-01
1.033894618000002019e+01 -8.681084703725420182e-01
1.032836384000002106e+01 -8.682430477320680628e-01
1.031778150000002192e+01 -8.683779023936296637e-01
1.030719916000002279e+01 -8.685130436421860667e-01
1.029661682000002365e+01 -8.686484517271700900e-01
1.028603448000002452e+01 -8.687841446160441405e-01
1.027545214000002538e+01 -8.689201107945417890e-01
1.026486980000002625e+01 -8.690563633841320579e-01
1.025428746000002711e+01 -8.691928925478299428e-01
1.024370512000002797e+01 -8.693297071622360095e-01
1.023312278000002884e+01 -8.694667999284796389e-01
1.022254044000002970e+01 -8.696041827941619617e-01
1.021195810000003057e+01 -8.697418502515518179e-01
1.020137576000003143e+01 -8.698797972143997859e-01
1.019079342000003230e+01 -8.700180369388520463e-01
1.018021108000003316e+01 -8.701565577460680379e-01
1.016962874000003403e+01 -8.702953730205836846e-01
1.015904640000003489e+01 -8.704344727900897860e-01
1.014846406000003576e+01 -8.705738660159040299e-01
1.013788172000003662e+01 -8.707135467384478078e-01
1.012729938000003749e+01 -8.708535230316699627e-01
1.011671704000003835e+01 -8.709937933839279056e-01
1.010613470000003922e+01 -8.711343512329997596e-01
1.009555236000004008e+01 -8.712752101745740996e-01
1.008497002000004095e+01 -8.714163582899937532e-01
1.007438768000004181e+01 -8.715578092350059203e-01
1.006380534000004268e+01 -8.716995528988239483e-01
1.005322300000004354e+01 -8.718416051846357151e-01
1.004264066000004441e+01 -8.719839464767339399e-01
1.003205832000004527e+01 -8.721265917266377565e-01
1.002147598000004614e+01 -8.722695395121659034e-01
1.001089364000004700e+01 -8.724127831301059510e-01
1.000031130000004786e+01 -8.725563364539118405e-01
9.989728960000048730e+00 -8.727001873550940259e-01
9.979146620000049595e+00 -8.728443497690162589e-01
9.968564280000050459e+00 -8.729888134430662250e-01
9.957981940000051324e+00 -8.731335875172977490e-01
9.947399600000052189e+00 -8.732786661092201141e-01
9.936817260000053054e+00 -8.734240573703880850e-01
9.926234920000053918e+00 -8.735697599711759187e-01
9.915652580000054783e+00 -8.737157670641279017e-01
9.905070240000055648e+00 -8.738620928092218909e-01
9.894487900000056513e+00 -8.740087248626299266e-01
9.883905560000057378e+00 -8.741556774482898140e-01
9.873323220000058242e+00 -8.743029452055738338e-01
9.862740880000059107e+00 -8.744505222570716496e-01
9.852158540000059972e+00 -8.745984178734619308e-01
9.841576200000060837e+00 -8.747466352105400800e-01
9.830993860000061701e+00 -8.748951730348500933e-01
9.820411520000062566e+00 -8.750440243510900773e-01
9.809829180000063431e+00 -8.751932036148720728e-01
9.799246840000064296e+00 -8.753426982616298035e-01
9.788664500000065161e+00 -8.754925177185498564e-01
9.778082160000066025e+00 -8.756426718236439699e-01
9.767499820000066890e+00 -8.757931393215178106e-01
9.756917480000067755e+00 -8.759439400882319537e-01
9.746335140000068620e+00 -8.760950614340879961e-01
9.735752800000069485e+00 -8.762465180501356476e-01
9.725170460000070349e+00 -8.763982993056357307e-01
9.714588120000071214e+00 -8.765504145888159959e-01
9.704005780000072079e+00 -8.767028564810760427e-01
9.693423440000072944e+00 -8.768556455537458438e-01
9.682841100000073808e+00 -8.770087610642479659e-01
9.672258760000074673e+00 -8.771622047822938972e-01
9.661676420000075538e+00 -8.773159916424099203e-01
9.651094080000076403e+00 -8.774701087251218778e-01
9.640511740000077268e+00 -8.776245710343019146e-01
9.629929400000078132e+00 -8.777793677848039211e-01
9.619347060000078997e+00 -8.779345084686339673e-01
9.608764720000079862e+00 -8.780899873594919525e-01
9.598182380000080727e+00 -8.782458127660660585e-01
9.587600040000081592e+00 -8.784019837173276946e-01
9.577017700000082456e+00 -8.785584928238318048e-01
9.566435360000083321e+00 -8.787153553409016160e-01
9.555853020000084186e+00 -8.788725581132138531e-01
9.545270680000085051e+00 -8.790301164676560530e-01
9.534688340000085915e+00 -8.791880194610998123e-01
9.524106000000086780e+00 -8.793462766931837704e-01
9.513523660000087645e+00 -8.795048824865817627e-01
9.502941320000088510e+00 -8.796638451992019325e-01
9.492358980000089375e+00 -8.798231639697958739e-01
9.481776640000090239e+00 -8.799828312479739401e-01
9.471194300000091104e+00 -8.801428626204618189e-01
9.460611960000091969e+00 -8.803032446898818586e-01
9.450029620000092834e+00 -8.804639931169658817e-01
9.439447280000093699e+00 -8.806250967965779664e-01
9.428864940000094563e+00 -8.807865654403478350e-01
9.418282600000095428e+00 -8.809483934223137913e-01
9.407700260000096293e+00 -8.811105891520020217e-01
9.397117920000097158e+00 -8.812731518823458954e-01
9.386535580000098022e+00 -8.814360738980199228e-01
9.375953240000098887e+00 -8.815993711282700263e-01
9.365370900000099752e+00 -8.817630299272357641e-01
9.354788560000100617e+00 -8.819270663007078292e-01
9.344206220000101482e+00 -8.820914823310658237e-01
9.333623880000102346e+00 -8.822562557377059411e-01
9.323041540000103211e+00 -8.824214051234938738e-01
9.312459200000104076e+00 -8.825869335326198550e-01
9.301876860000104941e+00 -8.827528403366099452e-01
9.291294520000105805e+00 -8.829191176511880235e-01
9.280712180000106670e+00 -8.830857817597456139e-01
9.270129840000107535e+00 -8.832528187613398751e-01
9.259547500000108400e+00 -8.834202395314562084e-01
9.248965160000109265e+00 -8.835880545857016655e-01
9.238382820000110129e+00 -8.837562409252558426e-01
9.227800480000110994e+00 -8.839248206989519518e-01
9.217218140000111859e+00 -8.840937798610678522e-01
9.206635800000112724e+00 -8.842631349776660654e-01
9.196053460000113589e+00 -8.844328745113837487e-01
9.185471120000114453e+00 -8.846030084805921456e-01
9.174888780000115318e+00 -8.847735293537098977e-01
9.164306440000116183e+00 -8.849444518318579922e-01
9.153724100000117048e+00 -8.851157693334980037e-01
9.143141760000117912e+00 -8.852874757522298799e-01
9.132559420000118777e+00 -8.854595879467536124e-01
9.121977080000119642e+00 -8.856320916054759573e-01
9.111394740000120507e+00 -8.858050036705639174e-01
9.100812400000121372e+00 -8.859783124280419253e-01
9.090230060000122236e+00 -8.861520280252036530e-01
9.079647720000123101e+00 -8.863261450407616815e-01
9.069065380000123966e+00 -8.865006720903539916e-01
9.058483040000124831e+00 -8.866756088711119643e-01
9.047900700000125696e+00 -8.868509470476538814e-01
9.037318360000126560e+00 -8.870267038650297975e-01
9.026736020000127425e+00 -8.872028647385700184e-01
9.016153680000128290e+00 -8.873794469997496881e-01
9.005571340000129155e+00 -8.875564387535638255e-01
8.994989000000130019e+00 -8.877338588432898137e-01
8.984406660000130884e+00 -8.879116848088518532e-01
8.973824320000131749e+00 -8.880899338724298486e-01
8.963241980000132614e+00 -8.882686058681298347e-01
8.952659640000133479e+00 -8.884476922761478379e-01
8.942077300000134343e+00 -8.886272107416740562e-01
8.931494960000135208e+00 -8.888071463993097998e-01
8.920912620000136073e+00 -8.889875169837399005e-01
8.910330280000136938e+00 -8.891683104145421401e-01
8.899747940000137802e+00 -8.893495371129637173e-01
8.889165600000138667e+00 -8.895311917902556376e-01
8.878583260000139532e+00 -8.897132831954360777e-01
8.868000920000140397e+00 -8.898958113052019003e-01
8.857418580000141262e+00 -8.900787674108540104e-01
8.846836240000142126e+00 -8.902621695718521133e-01
8.836253900000142991e+00 -8.904460026346200374e-01
8.825671560000143856e+00 -8.906302847514221410e-01
8.815089220000144721e+00 -8.908150095247276967e-01
8.804506880000145586e+00 -8.910001699026178779e-01
8.793924540000146450e+00 -8.911857782869577749e-01
8.783342200000147315e+00 -8.913718376257978582e-01
8.772759860000148180e+00 -8.915583480446597209e-01
8.762177520000149045e+00 -8.917453006411278915e-01
8.751595180000149909e+00 -8.919327139041258734e-01
8.741012840000150774e+00 -8.921205723838020463e-01
8.730430500000151639e+00 -8.923088946652019127e-01
8.719848160000152504e+00 -8.924976742465339230e-01
8.709265820000153369e+00 -8.926869039564478969e-01
8.698683480000154233e+00 -8.928766027276578976e-01
8.688101140000155098e+00 -8.930667549421539286e-01
8.677518800000155963e+00 -8.932573794322818950e-01
8.666936460000156828e+00 -8.934484636224239162e-01
8.656354120000157693e+00 -8.936400183190998936e-01
8.645771780000158557e+00 -8.938320358955779144e-01
8.635189440000159422e+00 -8.940245421693778782e-01
8.624607100000160287e+00 -8.942175113667257813e-01
8.614024760000161152e+00 -8.944109460703538739e-01
8.603442420000162016e+00 -8.946048654688719681e-01
8.592860080000162881e+00 -8.947992536350778403e-01
8.582277740000163746e+00 -8.949941298593658834e-01
8.571695400000164611e+00 -8.951894813636117609e-01
8.561113060000165476e+00 -8.953853191170119130e-01
8.550530720000166340e+00 -8.955816381036519891e-01
8.539948380000167205e+00 -8.957784473472018005e-01
8.529366040000168070e+00 -8.959757473837820507e-01
8.518783700000168935e+00 -8.961735287935278516e-01
8.508201360000169799e+00 -8.963718112365061108e-01
8.497619020000170664e+00 -8.965705784675500611e-01
8.487036680000171529e+00 -8.967698502523259174e-01
8.476454340000172394e+00 -8.969696136051800162e-01
8.465872000000173259e+00 -8.971698796652779473e-01
8.455289660000174123e+00 -8.973706435033658169e-01
8.444707320000174988e+00 -8.975719142302659437e-01
8.434124980000175853e+00 -8.977736925557139314e-01
8.423542640000176718e+00 -8.979759688483360813e-01
8.412960300000177583e+00 -8.981787632574259606e-01
8.402377960000178447e+00 -8.983820592110219883e-01
8.391795620000179312e+00 -8.985858769680997726e-01
8.381213280000180177e+00 -8.987902033303919458e-01
8.370630940000181042e+00 -8.989950496146138503e-01
8.360048600000181906e+00 -8.992004109831158720e-01
8.349466260000182771e+00 -8.994062966388699509e-01
8.338883920000183636e+00 -8.996127074731760098e-01
8.328301580000184501e+00 -8.998196336376921289e-01
8.317719240000185366e+00 -9.000270957899919599e-01
8.307136900000186230e+00 -9.002350770218719989e-01
8.296554560000187095e+00 -9.004435981048312110e-01
8.285972220000187960e+00 -9.006526621280730449e-01
8.275389880000188825e+00 -9.008622411929778639e-01
8.264807540000189690e+00 -9.010723602811301358e-01
8.254225200000190554e+00 -9.012830210447290158e-01
8.243642860000191419e+00 -9.014942257973117545e-01
8.233060520000192284e+00 -9.017059640574260904e-01
8.222478180000193149e+00 -9.019182570107010521e-01
8.211895840000194013e+00 -9.021310874032038019e-01
8.201313500000194878e+00 -9.023444704509884229e-01
8.190731160000195743e+00 -9.025584173029143065e-01
8.180148820000196608e+00 -9.027729018176330333e-01
8.169566480000197473e+00 -9.029879517956613810e-01
8.158984140000198337e+00 -9.032035497867678675e-01
8.148401800000199202e+00 -9.034197173999051200e-01
8.137819460000200067e+00 -9.036364404302378306e-01
8.127237120000200932e+00 -9.038537320021733379e-01
8.116654780000201796e+00 -9.040715831163037564e-01
8.106072440000202661e+00 -9.042900129903097550e-01
8.095490100000203526e+00 -9.045090137028781729e-01
8.084907760000204391e+00 -9.047285779317066901e-01
8.074325420000205256e+00 -9.049487277257650675e-01
8.063743080000206120e+00 -9.051694452734625473e-01
8.053160740000206985e+00 -9.053907527496233287e-01
8.042578400000207850e+00 -9.056126298890077031e-01
8.031996060000208715e+00 -9.058351075100017358e-01
8.021413720000209580e+00 -9.060581686791935319e-01
8.010831380000210444e+00 -9.062818102386680508e-01
8.000249040000211309e+00 -9.065060527976122051e-01
7.989666700000212174e+00 -9.067308793580062254e-01
7.979084360000213039e+00 -9.069563125526148850e-01
7.968502020000213903e+00 -9.071823341980108646e-01
7.957919680000214768e+00 -9.074089670580423039e-01
7.947337340000215633e+00 -9.076361903574039491e-01
7.936755000000216498e+00 -9.078640359499595691e-01
7.926172660000217363e+00 -9.080924974889407197e-01
7.915590320000218227e+00 -9.083215494116517741e-01
7.905007980000219092e+00 -9.085512243215483341e-01
7.894425640000219957e+00 -9.087815047202819629e-01
7.883843300000220822e+00 -9.090124138483411942e-01
7.873260960000221687e+00 -9.092439331397450530e-01
7.862678620000222551e+00 -9.094760859715316226e-01
7.852096280000223416e+00 -9.097088511011245382e-01
7.841513940000224281e+00 -9.099422612828943491e-01
7.830931600000225146e+00 -9.101762988163322188e-01
7.820349260000226010e+00 -9.104109598606701104e-01
7.809766920000226875e+00 -9.106462669094931295e-01
7.799184580000227740e+00 -9.108822019983948692e-01
7.788602240000228605e+00 -9.111187890009952994e-01
7.778019900000229470e+00 -9.113560089575526435e-01
7.767437560000230334e+00 -9.115938858839552905e-01
7.756855220000231199e+00 -9.118324121235438229e-01
7.746272880000232064e+00 -9.120715791651183846e-01
7.735690540000232929e+00 -9.123114111506064328e-01
7.725108200000233794e+00 -9.125518899333144862e-01
7.714525860000234658e+00 -9.127930388588515465e-01
7.703943520000235523e+00 -9.130348395064549205e-01
7.693361180000236388e+00 -9.132773164093886953e-01
7.682778840000237253e+00 -9.135204502028622109e-01
7.672196500000238117e+00 -9.137642655186727358e-01
7.661614160000238982e+00 -9.140087547268789248e-01
7.651031820000239847e+00 -9.142539090217767228e-01
7.640449480000240712e+00 -9.144997536220658141e-01
7.629867140000241577e+00 -9.147462689327098273e-01
7.619284800000242441e+00 -9.149934800176013905e-01
7.608702460000243306e+00 -9.152413644711232532e-01
7.598120120000244171e+00 -9.154899572273793584e-01
7.587537780000245036e+00 -9.157392287918931784e-01
7.576955440000245900e+00 -9.159892201083404961e-01
7.566373100000246765e+00 -9.162398983838191402e-01
7.555790760000247630e+00 -9.164912676378476064e-01
7.545208420000248495e+00 -9.167433534872105882e-01
7.534626080000249360e+00 -9.169961359128391276e-01
7.524043740000250224e+00 -9.172496406897461263e-01
7.513461400000251089e+00 -9.175038449449056666e-01
7.502879060000251954e+00 -9.177587844936543338e-01
7.492296720000252819e+00 -9.180144407197788903e-01
7.481714380000253684e+00 -9.182708088732827179e-01
7.471132040000254548e+00 -9.185279145287377212e-01
7.460549700000255413e+00 -9.187857380730380941e-01
7.449967360000256278e+00 -9.190443058578597890e-01
7.439385020000257143e+00 -9.193035974281673628e-01
7.428802680000258007e+00 -9.195636393019934740e-01
7.418220340000258872e+00 -9.198244081249936643e-01
7.407638000000259737e+00 -9.200859406277986929e-01
7.397055660000260602e+00 -9.203482179453958967e-01
7.386473320000261467e+00 -9.206112350727131410e-01
7.375890980000262331e+00 -9.208750185117106080e-01
7.365308640000263196e+00 -9.211395481607838054e-01
7.354726300000264061e+00 -9.214048511409054232e-01
7.344143960000264926e+00 -9.216709065470535256e-01
7.333561620000265791e+00 -9.219377416738342434e-01
7.322979280000266655e+00 -9.222053326714011456e-01
7.312396940000267520e+00 -9.224737172252890360e-01
7.301814600000268385e+00 -9.227428762155375219e-01
7.291232260000269250e+00 -9.230128043780476688e-01
7.280649920000270114e+00 -9.232835291820958856e-01
7.270067580000270979e+00 -9.235550300230479515e-01
7.259485240000271844e+00 -9.238273348247685313e-01
7.248902900000272709e+00 -9.241004222211849362e-01
7.238320560000273574e+00 -9.243743203166212563e-01
7.227738220000274438e+00 -9.246490340204600589e-01
7.217155880000275303e+00 -9.249245275096477092e-01
7.206573540000276168e+00 -9.252008426504004790e-01
7.195991200000277033e+00 -9.254779579041109150e-01
7.185408860000277897e+00 -9.257559017498676601e-01
7.174826520000278762e+00 -9.260346530670945375e-01
7.164244180000279627e+00 -9.263142406184889932e-01
7.153661840000280492e+00 -9.265946425646899298e-01
7.143079500000281357e+00 -9.268758881616290246e-01
7.132497160000282221e+00 -9.271579680133080759e-01
7.121914820000283086e+00 -9.274408735422864369e-01
7.111332480000283951e+00 -9.277246339915725670e-01
7.100750140000284816e+00 -9.280092272393948294e-01
7.090167800000285681e+00 -9.282946827337230644e-01
7.079585460000286545e+00 -9.285809752893796620e-01
7.069003120000287410e+00 -9.288681452302943731e-01
7.058420780000288275e+00 -9.291561595451487410e-01
7.047838440000289140e+00 -9.294450519350959672e-01
7.037256100000290004e+00 -9.297348128853877292e-01
7.026673760000290869e+00 -9.300254336583927417e-01
7.016091420000291734e+00 -9.303169444048036141e-01
7.005509080000292599e+00 -9.306093225118792223e-01
6.994926740000293464e+00 -9.309025983331564724e-01
6.984344400000294328e+00 -9.311967461339194507e-01
6.973762060000295193e+00 -9.314918073597131531e-01
6.963179720000296058e+00 -9.317877619420307234e-01
6.952597380000296923e+00 -9.320846036408824142e-01
6.942015040000297788e+00 -9.323823637406256637e-01
6.931432700000298652e+00 -9.326810197221125920e-01
6.920850360000299517e+00 -9.329806026817605291e-01
6.910268020000300382e+00 -9.332810894935510415e-01
6.899685680000301247e+00 -9.335825114673168557e-01
6.889103340000302111e+00 -9.338848422979918462e-01
6.878521000000302976e+00 -9.341881392497158876e-01
6.867938660000303841e+00 -9.344923527345763148e-01
6.857356320000304706e+00 -9.347974908180839426e-01
6.846773980000305571e+00 -9.351035859795863159e-01
6.836191640000306435e+00 -9.354106151213467113e-01
6.825609300000307300e+00 -9.357186103319464765e-01
6.815026960000308165e+00 -9.360275479569126755e-01
6.804444620000309030e+00 -9.363374603088964188e-01
6.793862280000309894e+00 -9.366483204946436381e-01
6.783279940000310759e+00 -9.369601723733602672e-01
6.772697600000311624e+00 -9.372729953051232021e-01
6.762115260000312489e+00 -9.375867824613145496e-01
6.751532920000313354e+00 -9.379015675762760740e-01
6.740950580000314218e+00 -9.382173269554692219e-01
6.730368240000315083e+00 -9.385340937284378793e-01
6.719785900000315948e+00 -9.388518436973207759e-01
6.709203560000316813e+00 -9.391706102269303802e-01
6.698621220000317678e+00 -9.394903842717414744e-01
6.688038880000318542e+00 -9.398111556270647426e-01
6.677456540000319407e+00 -9.401329587197037041e-01
6.666874200000320272e+00 -9.404557679615994648e-01
6.656291860000321137e+00 -9.407796184064858291e-01
6.645709520000322001e+00 -9.411044857435694189e-01
6.635127180000322866e+00 -9.414304041963383884e-01
6.624544840000323731e+00 -9.417573490072308484e-01
6.613962500000324596e+00 -9.420853554084107628e-01
6.603380160000325461e+00 -9.424144119497819272e-01
6.592797820000326325e+00 -9.427445105580644080e-01
6.582215480000327190e+00 -9.430756856719280101e-01
6.571633140000328055e+00 -9.434079122158774977e-01
6.561050800000328920e+00 -9.437412252995545092e-01
6.550468460000329785e+00 -9.440755964411444712e-01
6.539886120000330649e+00 -9.444110729515565739e-01
6.529303780000331514e+00 -9.447476175600529880e-01
6.518721440000332379e+00 -9.450852865373149392e-01
6.508139100000333244e+00 -9.454240369837508817e-01
6.497556760000334108e+00 -9.457638757039765753e-01
6.486974420000334973e+00 -9.461048387364555667e-01
6.476392080000335838e+00 -9.464469004204911773e-01
6.465809740000336703e+00 -9.467900970622155077e-01
6.455227400000337568e+00 -9.471343995219743128e-01
6.444645060000338432e+00 -9.474798565905144798e-01
6.434062720000339297e+00 -9.478264465477059808e-01
6.423480380000340162e+00 -9.481741614489064274e-01
6.412898040000341027e+00 -9.485230400393798167e-01
6.402315700000341891e+00 -9.488730563431010401e-01
6.391733360000342756e+00 -9.492242476448021771e-01
6.381151020000343621e+00 -9.495765876815005502e-01
6.370568680000344486e+00 -9.499301140194753579e-01
6.359986340000345351e+00 -9.502847968400121026e-01
6.349404000000346215e+00 -9.506406864934729972e-01
6.338821660000347080e+00 -9.509977609408021282e-01
6.328239320000347945e+00 -9.513560119071367005e-01
6.317656980000348810e+00 -9.517154797231883734e-01
6.307074640000349675e+00 -9.520761377241159229e-01
6.296492300000350539e+00 -9.524380245068504447e-01
6.285909960000351404e+00 -9.528011131895135488e-01
6.275327620000352269e+00 -9.531654426665151503e-01
6.264745280000353134e+00 -9.535309824184159400e-01
6.254162940000353998e+00 -9.538977844410351237e-01
6.243580600000354863e+00 -9.542658263702210597e-01
6.232998260000355728e+00 -9.546350995937440409e-01
6.222415920000356593e+00 -9.550056461157048204e-01
6.211833580000357458e+00 -9.553774385601137009e-01
6.201251240000358322e+00 -9.557505169085458441e-01
6.190668900000359187e+00 -9.561248536425605016e-01
6.180086560000360052e+00 -9.565004890577156749e-01
6.169504220000360917e+00 -9.568774316987633810e-01
6.158921880000361782e+00 -9.572556341993317952e-01
6.148339540000362646e+00 -9.576351567645787766e-01
6.137757200000363511e+00 -9.580159688507239313e-01
6.127174860000364376e+00 -9.583981142293163114e-01
6.116592520000365241e+00 -9.587815647905373329e-01
6.106010180000366105e+00 -9.591663619779493555e-01
6.095427840000366970e+00 -9.595524776186660221e-01
6.084845500000367835e+00 -9.599399534879380358e-01
6.074263160000368700e+00 -9.603287798415297560e-01
6.063680820000369565e+00 -9.607189455154573343e-01
6.053098480000370429e+00 -9.611104932093705866e-01
6.042516140000371294e+00 -9.615033943789479398e-01
6.031933800000372159e+00 -9.618976916576305047e-01
6.021351460000373024e+00 -9.622933526311775454e-01
6.010769120000373889e+00 -9.626904339358873797e-01
6.000186780000374753e+00 -9.630888930792291802e-01
5.989604440000375618e+00 -9.634887783708009357e-01
5.979022100000376483e+00 -9.638900787218180888e-01
5.968439760000377348e+00 -9.642927841055302096e-01
5.957857420000378212e+00 -9.646969384068093678e-01
5.947275080000379077e+00 -9.651025123988008492e-01
5.936692740000379942e+00 -9.655095503283801506e-01
5.926110400000380807e+00 -9.659180189985064890e-01
5.915528060000381672e+00 -9.663279770489411336e-01
5.904945720000382536e+00 -9.667394009143001066e-01
5.894363380000383401e+00 -9.671522807320136472e-01
5.883781040000384266e+00 -9.675666652668066803e-01
5.873198700000385131e+00 -9.679825244261826001e-01
5.862616360000385995e+00 -9.683999037815650412e-01
5.852034020000386860e+00 -9.688187734048337996e-01
5.841451680000387725e+00 -9.692391792507648596e-01
5.830869340000388590e+00 -9.696610873136364273e-01
5.820287000000389455e+00 -9.700845583568484809e-01
5.809704660000390319e+00 -9.705095889895982708e-01
5.799122320000391184e+00 -9.709361280124190197e-01
5.788539980000392049e+00 -9.713642468009001663e-01
5.777957640000392914e+00 -9.717939144424880826e-01
5.767375300000393779e+00 -9.722251782949770105e-01
5.756792960000394643e+00 -9.726580077099186150e-01
5.746210620000395508e+00 -9.730924504512890039e-01
5.735628280000396373e+00 -9.735284716792822479e-01
5.725045940000397238e+00 -9.739661344075197791e-01
5.714463600000398102e+00 -9.744054143688226644e-01
5.703881260000398967e+00 -9.748463009660912615e-01
5.693298920000399832e+00 -9.752888474178668110e-01
5.682716580000400697e+00 -9.757330219652996517e-01
5.672134240000401562e+00 -9.761788738596096637e-01
5.661551900000402426e+00 -9.766263717123844224e-01
5.650969560000403291e+00 -9.770755652056373197e-01
5.640387220000404156e+00 -9.775264443272245751e-01
5.629804880000405021e+00 -9.779789974107813144e-01
5.619222540000405886e+00 -9.784332768995288587e-01
5.608640200000406750e+00 -9.788892461323135397e-01
5.598057860000407615e+00 -9.793469607593993098e-01
5.587475520000408480e+00 -9.798063881479263104e-01
5.576893180000409345e+00 -9.802675795573971840e-01
5.566310840000410209e+00 -9.807305028388675350e-01
5.555728500000411074e+00 -9.811952044789783445e-01
5.545146160000411939e+00 -9.816616901361300274e-01
5.534563820000412804e+00 -9.821299323756951249e-01
5.523981480000413669e+00 -9.825999893450130251e-01
5.513399140000414533e+00 -9.830718284631765336e-01
5.502816800000415398e+00 -9.835455026305808257e-01
5.492234460000416263e+00 -9.840209747482483449e-01
5.481652120000417128e+00 -9.844983142255938624e-01
5.471069780000417992e+00 -9.849774721123176757e-01
5.460487440000418857e+00 -9.854585313623933640e-01
5.449905100000419722e+00 -9.859414340484076167e-01
5.439322760000420587e+00 -9.864261930229609732e-01
5.428740420000421452e+00 -9.869128629167324140e-01
5.418158080000422316e+00 -9.874014103532096076e-01
5.407575740000423181e+00 -9.878918904647424615e-01
5.396993400000424046e+00 -9.883842652130575557e-01
5.386411060000424911e+00 -9.888786067894271836e-01
5.375828720000425776e+00 -9.893748896375984536e-01
5.365246380000426640e+00 -9.898731018014131910e-01
5.354664040000427505e+00 -9.903733058489929686e-01
5.344081700000428370e+00 -9.908754667732070365e-01
5.333499360000429235e+00 -9.913796415428903774e-01
5.322917020000430099e+00 -9.918857959601080632e-01
5.312334680000430964e+00 -9.923939875261624799e-01
5.301752340000431829e+00 -9.929041772275687405e-01
5.291170000000432694e+00 -9.934164402096417046e-01
5.280587660000433559e+00 -9.939307505403680576e-01
5.270005320000434423e+00 -9.944470958642092073e-01
5.259422980000435288e+00 -9.949655417588638695e-01
5.248840640000436153e+00 -9.954860522237000131e-01
5.238258300000437018e+00 -9.960086867085616857e-01
5.227675960000437883e+00 -9.965334101641294406e-01
5.217093620000438747e+00 -9.970602826050377621e-01
5.206511280000439612e+00 -9.975892640012108403e-01
5.195928940000440477e+00 -9.981204326340962218e-01
5.185346600000441342e+00 -9.986537621850597457e-01
5.174764260000442206e+00 -9.991892398863616576e-01
5.164181920000443071e+00 -9.997269345098500626e-01
5.153599580000443936e+00 -1.000266809016643776e+00
5.143017240000444801e+00 -1.000808925486777579e+00
5.132434900000445666e+00 -1.001353247983558292e+00
5.121852560000446530e+00 -1.001899839185443897e+00
5.111270220000447395e+00 -1.002448715689515213e+00
5.100687880000448260e+00 -1.002999812645629207e+00
5.090105540000449125e+00 -1.003553223281164808e+00
5.079523200000449989e+00 -1.004108903214102178e+00
5.068940860000450854e+00 -1.004666924603093925e+00
5.058358520000451719e+00 -1.005227249317046656e+00
5.047776180000452584e+00 -1.005789942219958544e+00
5.037193840000453449e+00 -1.006354966443034460e+00
5.026611500000454313e+00 -1.006922381181661885e+00
5.016029160000455178e+00 -1.007492195484694486e+00
5.005446820000456043e+00 -1.008064378483828127e+00
4.994864480000456908e+00 -1.008639003554473446e+00
4.984282140000457773e+00 -1.009216033285880831e+00
4.973699800000458637e+00 -1.009795534807620410e+00
4.963117460000459502e+00 -1.010377465243432082e+00
4.952535120000460367e+00 -1.010961911769113764e+00
4.941952780000461232e+00 -1.011548817153441471e+00
4.931370440000462096e+00 -1.012138256942386461e+00
4.920788100000462961e+00 -1.012730219479146987e+00
4.910205760000463826e+00 -1.013324694620433952e+00
4.899623420000464691e+00 -1.013921751869072629e+00
4.889041080000465556e+00 -1.014521352784810482e+00
4.878458740000466420e+00 -1.015123567555469730e+00
4.867876400000467285e+00 -1.015728352055124795e+00
4.857294060000468150e+00 -1.016335797294335430e+00
4.846711720000469015e+00 -1.016945875369702268e+00
4.836129380000469880e+00 -1.017558571812109847e+00
4.825547040000470744e+00 -1.018173968338070612e+00
4.814964700000471609e+00 -1.018792023676014624e+00
4.804382360000472474e+00 -1.019412810501877820e+00
4.793800020000473339e+00 -1.020036289256080142e+00
4.783217680000474203e+00 -1.020662533330742638e+00
4.772635340000475068e+00 -1.021291497238830281e+00
4.762053000000475933e+00 -1.021923306537213971e+00
4.751470660000476798e+00 -1.022557871850220401e+00
4.740888320000477663e+00 -1.023195208475013107e+00
4.730305980000478527e+00 -1.023835402213349788e+00
4.719723640000479392e+00 -1.024478410362267944e+00
4.709141300000480257e+00 -1.025124308904552528e+00
4.698558960000481122e+00 -1.025773057040193281e+00
4.687976620000481986e+00 -1.026424731494449238e+00
4.677394280000482851e+00 -1.027079285272196607e+00
4.666811940000483716e+00 -1.027736817623149834e+00
4.656229600000484581e+00 -1.028397299386893060e+00
4.645647260000485446e+00 -1.029060714743174731e+00
4.635064920000486310e+00 -1.029727153751643920e+00
4.624482580000487175e+00 -1.030396572105314545e+00
4.613900240000488040e+00 -1.031069049201420951e+00
4.603317900000488905e+00 -1.031744542834687195e+00
4.592735560000489770e+00 -1.032423133163339779e+00
4.582153220000490634e+00 -1.033104810205664359e+00
4.571570880000491499e+00 -1.033789561419114378e+00
4.560988540000492364e+00 -1.034477472954419275e+00
4.550406200000493229e+00 -1.035168489367344513e+00
4.539823860000494093e+00 -1.035862705115140114e+00
4.529241520000494958e+00 -1.036560074056960490e+00
4.518659180000495823e+00 -1.037260679069193614e+00
4.508076840000496688e+00 -1.037964476315335505e+00
4.497494500000497553e+00 -1.038671541591861036e+00
4.486912160000498417e+00 -1.039381888132050014e+00
4.476329820000499282e+00 -1.040095479398658984e+00
4.465747480000500147e+00 -1.040812408782463949e+00
4.455165140000501012e+00 -1.041532631413986332e+00
4.444582800000501877e+00 -1.042256232872332156e+00
4.434000460000502741e+00 -1.042983181379762092e+00
4.423418120000503606e+00 -1.043713527127934304e+00
4.412835780000504471e+00 -1.044447260505497965e+00
4.402253440000505336e+00 -1.045184492928473263e+00
4.391671100000506200e+00 -1.045925140200467229e+00
4.381088760000507065e+00 -1.046669226307974654e+00
4.370506420000507930e+00 -1.047416839506900343e+00
4.359924080000508795e+00 -1.048167932770908362e+00
4.349341740000509660e+00 -1.048922595095313826e+00
4.338759400000510524e+00 -1.049680793049544425e+00
4.328177060000511389e+00 -1.050442578547315708e+00
4.317594720000512254e+00 -1.051207960035178690e+00
4.307012380000513119e+00 -1.051976959873928141e+00
4.296430040000513984e+00 -1.052749620151522514e+00
4.285847700000514848e+00 -1.053525909624577706e+00
4.275265360000515713e+00 -1.054305919825492932e+00
4.264683020000516578e+00 -1.055089601071885985e+00
4.254100680000517443e+00 -1.055877045579348694e+00
4.243518340000518307e+00 -1.056668217761024264e+00
4.232936000000519172e+00 -1.057463170921444817e+00
4.222353660000520037e+00 -1.058261913275447386e+00
4.211771320000520902e+00 -1.059064466888373968e+00
4.201188980000521767e+00 -1.059870875101824872e+00
4.190606640000522631e+00 -1.060681104146539822e+00
4.180024300000523496e+00 -1.061495248502863697e+00
4.169441960000524361e+00 -1.062313255156840164e+00
4.158859620000525226e+00 -1.063135219171849499e+00
4.148277280000526090e+00 -1.063961102111446344e+00
4.137694940000526955e+00 -1.064790958148602584e+00
4.127112600000527820e+00 -1.065624794643076800e+00
4.116530260000528685e+00 -1.066462632717092962e+00
4.105947920000529550e+00 -1.067304516365690903e+00
4.095365580000530414e+00 -1.068150408469161983e+00
4.084783240000531279e+00 -1.069000405901543216e+00
4.074200900000532144e+00 -1.069854451407289853e+00
4.063618560000533009e+00 -1.070712642283385474e+00
4.053036220000533874e+00 -1.071575002903618401e+00
4.042453880000534738e+00 -1.072441428993050838e+00
4.031871540000535603e+00 -1.073312043554284445e+00
4.021289200000536468e+00 -1.074186840379478758e+00
4.010706860000537333e+00 -1.075065863231276397e+00
4.000124520000538197e+00 -1.075949070521143192e+00
3.989542180000539062e+00 -1.076836560655469288e+00
3.978959840000539927e+00 -1.077728270919547926e+00
3.968377500000540792e+00 -1.078624314986702082e+00
3.957795160000541657e+00 -1.079524626339180893e+00
3.947212820000542521e+00 -1.080429225335689081e+00
3.936630480000543386e+00 -1.081338196464409984e+00
3.926048140000544251e+00 -1.082251473141522480e+00
3.915465800000545116e+00 -1.083169154429286074e+00
3.904883460000545981e+00 -1.084091189355078644e+00
3.894301120000546845e+00 -1.085017629913792581e+00
3.883718780000547710e+00 -1.085948452993895641e+00
3.873136440000548575e+00 -1.086883742376489215e+00
3.862554100000549440e+00 -1.087823468621529344e+00
3.851971760000550304e+00 -1.088767603422171382e+00
3.841389420000551169e+00 -1.089716244853849325e+00
3.830807080000552034e+00 -1.090669318325314885e+00
3.820224740000552899e+00 -1.091626921498074720e+00
3.809642400000553764e+00 -1.092588995603442026e+00
3.799060060000554628e+00 -1.093555588904395970e+00
3.788477720000555493e+00 -1.094526691380413919e+00
3.777895380000556358e+00 -1.095502323779252496e+00
3.767313040000557223e+00 -1.096482509068205546e+00
3.756730700000558087e+00 -1.097467190658953928e+00
3.746148360000558952e+00 -1.098456463796448901e+00
3.735566020000559817e+00 -1.099450243258692117e+00
3.724983680000560682e+00 -1.100448623299887352e+00
3.714401340000561547e+00 -1.101451539174323146e+00
3.703819000000562411e+00 -1.102459067693180694e+00
3.693236660000563276e+00 -1.103471111531740600e+00
3.682654320000564141e+00 -1.104487713033866836e+00
3.672071980000565006e+00 -1.105508901140299649e+00
3.661489640000565871e+00 -1.106534602509180010e+00
3.650907300000566735e+00 -1.107564906599521670e+00
3.640324960000567600e+00 -1.108599714388516899e+00
3.629742620000568465e+00 -1.109639113567445046e+00
3.619160280000569330e+00 -1.110683025651919342e+00
3.608577940000570194e+00 -1.111731468631191877e+00
3.597995600000571059e+00 -1.112784425794509202e+00
3.587413260000571924e+00 -1.113841892859248617e+00
3.576830920000572789e+00 -1.114903873314806226e+00
3.566248580000573654e+00 -1.115970282424569193e+00
3.555666240000574518e+00 -1.117041199913970884e+00
3.545083900000575383e+00 -1.118116508910546703e+00
3.534501560000576248e+00 -1.119196286345731650e+00
3.523919220000577113e+00 -1.120280461876639988e+00
3.513336880000577978e+00 -1.121368960183532160e+00
3.502754540000578842e+00 -1.122461826984097355e+00
3.492172200000579707e+00 -1.123559014857172134e+00
3.481589860000580572e+00 -1.124660510980405093e+00
3.471007520000581437e+00 -1.125766209636807069e+00
3.460425180000582301e+00 -1.126876175641901234e+00
3.449842840000583166e+00 -1.127990269162806314e+00
3.439260500000584031e+00 -1.129108575118605406e+00
3.428678160000584896e+00 -1.130230927819654951e+00
3.418095820000585761e+00 -1.131357301604295040e+00
3.407513480000586625e+00 -1.132487726617058987e+00
3.396931140000587490e+00 -1.133622047604542438e+00
3.386348800000588355e+00 -1.134760313296361955e+00
3.375766460000589220e+00 -1.135902387524299284e+00
3.365184120000590084e+00 -1.137048239308688702e+00
3.354601780000590949e+00 -1.138197773685073022e+00
3.344019440000591814e+00 -1.139351059175966130e+00
3.333437100000592679e+00 -1.140507861140755308e+00
3.322854760000593544e+00 -1.141668107918112351e+00
3.312272420000594408e+00 -1.142831827193132144e+00
3.301690080000595273e+00 -1.143998830205571027e+00
3.291107740000596138e+00 -1.145169137670157822e+00
3.280525400000597003e+00 -1.146342578459763173e+00
3.269943060000597868e+00 -1.147519089507317736e+00
3.259360720000598732e+00 -1.148698565822269924e+00
3.248778380000599597e+00 -1.149880911888852886e+00
3.238196040000600462e+00 -1.151066041574468901e+00
3.227613700000601327e+00 -1.152253763670230802e+00
3.217031360000602191e+00 -1.153444070112910280e+00
3.206449020000603056e+00 -1.154636729824046748e+00
3.195866680000603921e+00 -1.155831725322107317e+00
3.185284340000604786e+00 -1.157028840999237085e+00
3.174702000000605651e+00 -1.158227970509148719e+00
3.164119660000606515e+00 -1.159428968007583993e+00
3.153537320000607380e+00 -1.160631685370688171e+00
3.142954980000608245e+00 -1.161835995716615111e+00
3.132372640000609110e+00 -1.163041655460143931e+00
3.121790300000609975e+00 -1.164248608651905492e+00
3.111207960000610839e+00 -1.165456571142042819e+00
3.100625620000611704e+00 -1.166665474502309952e+00
3.090043280000612569e+00 -1.167875068620175094e+00
3.079460940000613434e+00 -1.169085128955646091e+00
3.068878600000614298e+00 -1.170295493957831612e+00
3.058296260000615163e+00 -1.171505996278269235e+00
3.047713920000616028e+00 -1.172716387595631904e+00
3.037131580000616893e+00 -1.173926383700341969e+00
3.026549240000617758e+00 -1.175135864259312379e+00
3.015966900000618622e+00 -1.176344478952988215e+00
3.005384560000619487e+00 -1.177552092490112168e+00
2.994802220000620352e+00 -1.178758449971770705e+00
2.984219880000621217e+00 -1.179963116773570686e+00
2.973637540000622081e+00 -1.181165939308588042e+00
2.963055200000622946e+00 -1.182366670017430010e+00
2.952472860000623811e+00 -1.183564981410085926e+00
2.941890520000624676e+00 -1.184760509209885848e+00
2.931308180000625541e+00 -1.185953051997873375e+00
2.920725840000626405e+00 -1.187142177286403477e+00
2.910143500000627270e+00 -1.188327613035687902e+00
2.899561160000628135e+00 -1.189509108789333247e+00
2.888978820000629000e+00 -1.190686106211314987e+00
2.878396480000629865e+00 -1.191858398033153632e+00
2.867814140000630729e+00 -1.193025497889660835e+00
2.857231800000631594e+00 -1.194187125179569708e+00
2.846649460000632459e+00 -1.195342817191455964e+00
2.836067120000633324e+00 -1.196492119275802679e+00
2.825484780000634188e+00 -1.197634644930670067e+00
2.814902440000635053e+00 -1.198770009780315338e+00
2.804320100000635918e+00 -1.199897707465080510e+00
2.793737760000636783e+00 -1.201017214324209936e+00
2.783155420000637648e+00 -1.202128152654161841e+00
2.772573080000638512e+00 -1.203229921355262855e+00
2.761990740000639377e+00 -1.204322111679908769e+00
2.751408400000640242e+00 -1.205404149574427652e+00
2.740826060000641107e+00 -1.206475413844011912e+00
2.730243720000641972e+00 -1.207535413244650524e+00
2.719661380000642836e+00 -1.208583638852722020e+00
2.709079040000643701e+00 -1.209619418897678100e+00
2.698496700000644566e+00 -1.210642098855292836e+00
2.687914360000645431e+00 -1.211651145902543636e+00
2.677332020000646295e+00 -1.212645816753877170e+00
2.666749680000647160e+00 -1.213625539008876375e+00
2.656167340000648025e+00 -1.214589554058423726e+00
2.645585000000648890e+00 -1.215537169466553991e+00
2.635002660000649755e+00 -1.216467708475379661e+00
2.624420320000650619e+00 -1.217380338233144954e+00
2.613837980000651484e+00 -1.218274349151178715e+00
2.603255640000652349e+00 -1.219148882009837509e+00
2.592673300000653214e+00 -1.220003206808497831e+00
2.582090960000654078e+00 -1.220836404443562007e+00
2.571508620000654943e+00 -1.221647694862762368e+00
2.560926280000655808e+00 -1.222436112056756174e+00
2.550343940000656673e+00 -1.223200808605359180e+00
2.539761600000657538e+00 -1.223940821738956686e+00
2.529179260000658402e+00 -1.224655155176007648e+00
2.518596920000659267e+00 -1.225342886201649328e+00
2.508014580000660132e+00 -1.226002924997655841e+00
2.497432240000660997e+00 -1.226634293703264378e+00
2.486849900000661862e+00 -1.227235858023168591e+00
2.476267560000662726e+00 -1.227806577899766882e+00
2.465685220000663591e+00 -1.228345281087781293e+00
2.455102880000664456e+00 -1.228850785415015245e+00
2.444520540000665321e+00 -1.229321968534956344e+00
2.433938200000666185e+00 -1.229757491217655874e+00
2.423355860000667050e+00 -1.230156211917197151e+00
2.412773520000667915e+00 -1.230516766444959220e+00
2.402191180000668780e+00 -1.230837872835548019e+00
2.391608840000669645e+00 -1.231118140810653516e+00
2.381026500000670509e+00 -1.231356187410499459e+00
2.370444160000671374e+00 -1.231550636909366503e+00
2.359861820000672239e+00 -1.231699946358135955e+00
2.349279480000673104e+00 -1.231802661719823000e+00
2.338697140000673969e+00 -1.231857236312718040e+00
2.328114800000674833e+00 -1.231862116371297944e+00
2.317532460000675698e+00 -1.231815639460446477e+00
2.306950120000676563e+00 -1.231716278269570530e+00
2.296367780000677428e+00 -1.231562248570531315e+00
2.285785440000678292e+00 -1.231351845539180090e+00
2.275203100000679157e+00 -1.231083352159273669e+00
2.264620760000680022e+00 -1.230754963096731380e+00
2.254038420000680887e+00 -1.230364833627038967e+00
2.243456080000681752e+00 -1.229911131792762014e+00
2.232873740000682616e+00 -1.229391931191338827e+00
2.222291400000683481e+00 -1.228805266757365899e+00
2.211709060000684346e+00 -1.228149292499620460e+00
2.201126720000685211e+00 -1.227421927039850758e+00
2.190544380000686076e+00 -1.226621047327125069e+00
2.179962040000686940e+00 -1.225744709923783926e+00
2.169379700000687805e+00 -1.224790812471749701e+00
2.158797360000688670e+00 -1.223757160701908653e+00
2.148215020000689535e+00 -1.222641695015715735e+00
2.137632680000690399e+00 -1.221442158736997685e+00
2.127050340000691264e+00 -1.220156356196665293e+00
2.116468000000692129e+00 -1.218782199248924947e+00
2.105885660000692994e+00 -1.217317363281064324e+00
2.095303320000693859e+00 -1.215759497832422431e+00
2.084720980000694723e+00 -1.214106466772278070e+00
2.074138640000695588e+00 -1.212356030965489495e+00
2.063556300000696453e+00 -1.210505772143184666e+00
2.052973960000697318e+00 -1.208553571528144133e+00
2.042391620000698182e+00 -1.206496989819560772e+00
2.031809280000699047e+00 -1.204333799935417115e+00
2.021226940000699912e+00 -1.202061824105923993e+00
2.010644600000700777e+00 -1.199678708010497807e+00
2.000062260000701642e+00 -1.197182095088888953e+00
1.989479920000702506e+00 -1.194569830562304480e+00
1.978897580000703371e+00 -1.191839765482689550e+00
1.968315240000704236e+00 -1.188989451306290857e+00
1.957732900000705101e+00 -1.186016928243804225e+00
1.947150560000705966e+00 -1.182919756859471594e+00
1.936568220000706830e+00 -1.179695672327542244e+00
1.925985880000707695e+00 -1.176342995470236685e+00
1.915403540000708560e+00 -1.172859228489384398e+00
1.904821200000709425e+00 -1.169242170862103691e+00
1.894238860000710289e+00 -1.165489738544773779e+00
1.883656520000711154e+00 -1.161599945445926263e+00
1.873074180000712019e+00 -1.157570321811906666e+00
1.862491840000712884e+00 -1.153399073903158323e+00
1.851909500000713749e+00 -1.149083549478961075e+00
1.841327160000714613e+00 -1.144622110179746688e+00
1.830744820000715478e+00 -1.140012360269172298e+00
1.820162480000716343e+00 -1.135251788345256196e+00
1.809580140000717208e+00 -1.130338546244476383e+00
1.798997800000718073e+00 -1.125269911369778164e+00
1.788415460000718937e+00 -1.120043721243795032e+00
1.777833120000719802e+00 -1.114657627893163472e+00
1.767250780000720667e+00 -1.109109111525662383e+00
1.756668440000721532e+00 -1.103395278154550629e+00
1.746086100000722396e+00 -1.097513775611534292e+00
1.735503760000723261e+00 -1.091462057468761238e+00
1.724921420000724126e+00 -1.085236796112856839e+00
1.714339080000724991e+00 -1.078835623431544155e+00
1.703756740000725856e+00 -1.072254973463502514e+00
1.693174400000726720e+00 -1.065491942249612078e+00
1.682592060000727585e+00 -1.058543398052550932e+00
1.672009720000728450e+00 -1.051405762822948065e+00
1.661427380000729315e+00 -1.044075300968492659e+00
1.650845040000730179e+00 -1.036548456647313543e+00
1.640262700000731044e+00 -1.028821690391982679e+00
1.629680360000731909e+00 -1.020890348872966147e+00
1.619098020000732774e+00 -1.012750974608431775e+00
1.608515680000733639e+00 -1.004398553656434379e+00
1.597933340000734503e+00 -9.958289215280735629e-01
1.587351000000735368e+00 -9.870375468674477126e-01
1.576768660000736233e+00 -9.780189452984127119e-01
1.566186320000737098e+00 -9.687687611749162819e-01
1.555603980000737963e+00 -9.592814766428934270e-01
1.545021640000738827e+00 -9.495521004034328527e-01
1.534439300000739692e+00 -9.395742445370964813e-01
1.523856960000740557e+00 -9.293430126423660731e-01
1.513274620000741422e+00 -9.188515615508847656e-01
1.502692280000742286e+00 -9.080941769931951679e-01
1.492109940000743151e+00 -8.970645932946108569e-01
1.481527600000744016e+00 -8.857560178385417426e-01
1.470945260000744881e+00 -8.741614133622044314e-01
1.460362920000745746e+00 -8.622738407222065860e-01
1.449780580000746610e+00 -8.500866026878739490e-01
1.439198240000747475e+00 -8.375911519586280995e-01
1.428615900000748340e+00 -8.247808572924062442e-01
1.418033560000749205e+00 -8.116466185220987395e-01
1.407451220000750070e+00 -7.981806017945718423e-01
1.396868880000750934e+00 -7.843749617251298822e-01
1.386286540000751799e+00 -7.702200693840131063e-01
1.375704200000752664e+00 -7.557067910981825065e-01
1.365121860000753529e+00 -7.408257862182399123e-01
1.354539520000754393e+00 -7.255681189729624725e-01
1.343957180000755258e+00 -7.099224546891609311e-01
1.333374840000756123e+00 -6.938798493423685709e-01
1.322792500000756988e+00 -6.774286579335586644e-01
1.312210160000757853e+00 -6.605571409211570266e-01
1.301627820000758717e+00 -6.432560257544714943e-01
1.291045480000759582e+00 -6.255115510153987923e-01
1.280463140000760447e+00 -6.073131501141062483e-01
1.269880800000761312e+00 -5.886466878582889972e-01
1.259298460000762176e+00 -5.695001731409774504e-01
1.248716120000763041e+00 -5.498602168816135727e-01
1.238133780000763906e+00 -5.297130641665206419e-01
1.227551440000764771e+00 -5.090421277656873578e-01
1.216969100000765636e+00 -4.878356060952342976e-01
1.206386760000766500e+00 -4.660780770863631739e-01
1.195804420000767365e+00 -4.437518633241969712e-01
1.185222080000768230e+00 -4.208426544250334356e-01
1.174639740000769095e+00 -3.973315888706993038e-01
1.164057400000769960e+00 -3.732025131545255725e-01
1.153475060000770824e+00 -3.484373333831944364e-01
1.142892720000771689e+00 -3.230171234356445376e-01
1.132310380000772554e+00 -2.969222839645085377e-01
1.121728040000773419e+00 -2.701326986347565295e-01
1.111145700000774283e+00 -2.426292046775207489e-01
1.100563360000775148e+00 -2.143879442939965463e-01
1.089981020000776013e+00 -1.853892139836162412e-01
1.079398680000776878e+00 -1.556074218787992791e-01
1.068816340000777743e+00 -1.250202848306129488e-01
1.058234000000778607e+00 -9.360279664986892456e-02
