1.058234000000000030e+01 -1.214026675389435317e+00
1.057175766000000117e+01 -1.214087697844433489e+00
1.056117532000000203e+01 -1.214148846880228616e+00
1.055059298000000290e+01 -1.214210121420195243e+00
1.054001064000000376e+01 -1.214271516828073105e+00
1.052942830000000463e+01 -1.214333040014217380e+00
1.051884596000000549e+01 -1.214394685952123742e+00
1.050826362000000636e+01 -1.214456461588581782e+00
1.049768128000000722e+01 -1.214518358558918987e+00
1.048709894000000808e+01 -1.214580387053073141e+00
1.047651660000000895e+01 -1.214642539050099668e+00
1.046593426000000981e+01 -1.214704820547913400e+00
1.045535192000001068e+01 -1.214767231258383040e+00
1.044476958000001154e+01 -1.214829766255860477e+00
1.043418724000001241e+01 -1.214892432692990853e+00
1.042360490000001327e+01 -1.214955225243223635e+00
1.041302256000001414e+01 -1.215018151096729504e+00
1.040244022000001500e+01 -1.215081208701103144e+00
1.039185788000001587e+01 -1.215144390588892565e+00
1.038127554000001673e+01 -1.215207703463734745e+00
1.037069320000001760e+01 -1.215271149405276141e+00
1.036011086000001846e+01 -1.215334728225300642e+00
1.034952852000001933e+01 -1.215398434881130862e+00
1.033894618000002019e+01 -1.215462276666528840e+00
1.032836384000002106e+01 -1.215526248163175893e+00
1.031778150000002192e+01 -1.215590353133337853e+00
1.030719916000002279e+01 -1.215654597636573131e+00
1.029661682000002365e+01 -1.215718969510649394e+00
1.028603448000002452e+01 -1.215783478624344882e+00
1.027545214000002538e+01 -1.215848119507372260e+00
1.026486980000002625e+01 -1.215912899573019734e+00
1.025428746000002711e+01 -1.215977810156157579e+00
1.024370512000002797e+01 -1.216042861704734968e+00
1.023312278000002884e+01 -1.216108045697571471e+00
1.022254044000002970e+01 -1.216173369520813896e+00
1.021195810000003057e+01 -1.216238831731024650e+00
1.020137576000003143e+01 -1.216304427638977836e+00
1.019079342000003230e+01 -1.216370164628014505e+00
1.018021108000003316e+01 -1.216436037201755971e+00
1.016962874000003403e+01 -1.216502052922548316e+00
1.015904640000003489e+01 -1.216568203002220905e+00
1.014846406000003576e+01 -1.216634497995403574e+00
1.013788172000003662e+01 -1.216700929842242651e+00
1.012729938000003749e+01 -1.216767504500811059e+00
1.011671704000003835e+01 -1.216834222052613379e+00
1.010613470000003922e+01 -1.216901077142022780e+00
1.009555236000004008e+01 -1.216968077443377316e+00
1.008497002000004095e+01 -1.217035217293094940e+00
1.007438768000004181e+01 -1.217102504407232999e+00
1.006380534000004268e+01 -1.217169929871442235e+00
1.005322300000004354e+01 -1.217237507588365020e+00
1.004264066000004441e+01 -1.217305223018176008e+00
1.003205832000004527e+01 -1.217373085338806726e+00
1.002147598000004614e+01 -1.217441094743373586e+00
1.001089364000004700e+01 -1.217509245747986579e+00
1.000031130000004786e+01 -1.217577546184180015e+00
9.989728960000048730e+00 -1.217645990288133806e+00
9.979146620000049595e+00 -1.217714585934341454e+00
9.968564280000050459e+00 -1.217783324078931306e+00
9.957981940000051324e+00 -1.217852215500107471e+00
9.947399600000052189e+00 -1.217921252116190622e+00
9.936817260000053054e+00 -1.217990439862973284e+00
9.926234920000053918e+00 -1.218059779048628055e+00
9.915652580000054783e+00 -1.218129264057732142e+00
9.905070240000055648e+00 -1.218198902884015222e+00
9.894487900000056513e+00 -1.218268689660659376e+00
9.883905560000057378e+00 -1.218338632425805201e+00
9.873323220000058242e+00 -1.218408726148203947e+00
9.862740880000059107e+00 -1.218478969286250102e+00
9.852158540000059972e+00 -1.218549366184604743e+00
9.841576200000060837e+00 -1.218619918622179554e+00
9.830993860000061701e+00 -1.218690627026168816e+00
9.820411520000062566e+00 -1.218761485645960319e+00
9.809829180000063431e+00 -1.218832502642644533e+00
9.799246840000064296e+00 -1.218903672043925024e+00
9.788664500000065161e+00 -1.218974998281068256e+00
9.778082160000066025e+00 -1.219046487560107472e+00
9.767499820000066890e+00 -1.219118126992506435e+00
9.756917480000067755e+00 -1.219189927413447894e+00
9.746335140000068620e+00 -1.219261882790804385e+00
9.735752800000069485e+00 -1.219334001427510916e+00
9.725170460000070349e+00 -1.219406273932670093e+00
9.714588120000071214e+00 -1.219478711391964509e+00
9.704005780000072079e+00 -1.219551304972917416e+00
9.693423440000072944e+00 -1.219624066240812432e+00
9.682841100000073808e+00 -1.219696986678073802e+00
9.672258760000074673e+00 -1.219770064519943187e+00
9.661676420000075538e+00 -1.219843308198634402e+00
9.651094080000076403e+00 -1.219916711572202939e+00
9.640511740000077268e+00 -1.219990283120951924e+00
9.629929400000078132e+00 -1.220064013311624063e+00
9.619347060000078997e+00 -1.220137913357422166e+00
9.608764720000079862e+00 -1.220211975138666194e+00
9.598182380000080727e+00 -1.220286204552055276e+00
9.587600040000081592e+00 -1.220360602346984846e+00
9.577017700000082456e+00 -1.220435162410828500e+00
9.566435360000083321e+00 -1.220509893357438536e+00
9.555853020000084186e+00 -1.220584788932097320e+00
9.545270680000085051e+00 -1.220659857798265913e+00
9.534688340000085915e+00 -1.220735090276611645e+00
9.524106000000086780e+00 -1.220810497712057741e+00
9.513523660000087645e+00 -1.220886071974596199e+00
9.502941320000088510e+00 -1.220961818950204503e+00
9.492358980000089375e+00 -1.221037739521992682e+00
9.481776640000090239e+00 -1.221113827428794263e+00
9.471194300000091104e+00 -1.221190091472104111e+00
9.460611960000091969e+00 -1.221266525281498261e+00
9.450029620000092834e+00 -1.221343137709770543e+00
9.439447280000093699e+00 -1.221419918927374004e+00
9.428864940000094563e+00 -1.221496880415594788e+00
9.418282600000095428e+00 -1.221574014034216393e+00
9.407700260000096293e+00 -1.221651325658671405e+00
9.397117920000097158e+00 -1.221728816310438281e+00
9.386535580000098022e+00 -1.221806479575675564e+00
9.375953240000098887e+00 -1.221884324449880266e+00
9.365370900000099752e+00 -1.221962344443792592e+00
9.354788560000100617e+00 -1.222040548605952237e+00
9.344206220000101482e+00 -1.222118935137565421e+00
9.333623880000102346e+00 -1.222197494873206391e+00
9.323041540000103211e+00 -1.222276236691653750e+00
9.312459200000104076e+00 -1.222355162031820264e+00
9.301876860000104941e+00 -1.222434272058262383e+00
9.291294520000105805e+00 -1.222513560200277016e+00
9.280712180000106670e+00 -1.222593035653955162e+00
9.270129840000107535e+00 -1.222672691808097234e+00
9.259547500000108400e+00 -1.222752533895654636e+00
9.248965160000109265e+00 -1.222832568311130075e+00
9.238382820000110129e+00 -1.222912781321869202e+00
9.227800480000110994e+00 -1.222993184920421417e+00
9.217218140000111859e+00 -1.223073772431351625e+00
9.206635800000112724e+00 -1.223154553242090437e+00
9.196053460000113589e+00 -1.223235517177327036e+00
9.185471120000114453e+00 -1.223316676264885716e+00
9.174888780000115318e+00 -1.223398021846194172e+00
9.164306440000116183e+00 -1.223479559078663570e+00
9.153724100000117048e+00 -1.223561293181418375e+00
9.143141760000117912e+00 -1.223643210147123961e+00
9.132559420000118777e+00 -1.223725329795212424e+00
9.121977080000119642e+00 -1.223807635433679319e+00
9.111394740000120507e+00 -1.223890136643614346e+00
9.100812400000121372e+00 -1.223972830768182973e+00
9.090230060000122236e+00 -1.224055725943468786e+00
9.079647720000123101e+00 -1.224138813997819319e+00
9.069065380000123966e+00 -1.224222100779470690e+00
9.058483040000124831e+00 -1.224305587868374845e+00
9.047900700000125696e+00 -1.224389268346331328e+00
9.037318360000126560e+00 -1.224473152181368096e+00
9.026736020000127425e+00 -1.224557233109854870e+00
9.016153680000128290e+00 -1.224641516113514461e+00
9.005571340000129155e+00 -1.224725999462275450e+00
8.994989000000130019e+00 -1.224810691602090440e+00
8.984406660000130884e+00 -1.224895576234761752e+00
8.973824320000131749e+00 -1.224980668743234524e+00
8.963241980000132614e+00 -1.225065968096462399e+00
8.952659640000133479e+00 -1.225151467132658212e+00
8.942077300000134343e+00 -1.225237175835641068e+00
8.931494960000135208e+00 -1.225323087174723380e+00
8.920912620000136073e+00 -1.225409211310890534e+00
8.910330280000136938e+00 -1.225495537887584696e+00
8.899747940000137802e+00 -1.225582080400621665e+00
8.889165600000138667e+00 -1.225668826288814239e+00
8.878583260000139532e+00 -1.225755780061795752e+00
8.868000920000140397e+00 -1.225842951475740072e+00
8.857418580000141262e+00 -1.225930329250940254e+00
8.846836240000142126e+00 -1.226017923593674563e+00
8.836253900000142991e+00 -1.226105727298464787e+00
8.825671560000143856e+00 -1.226193750652414538e+00
8.815089220000144721e+00 -1.226281987546478103e+00
8.804506880000145586e+00 -1.226370436373737105e+00
8.793924540000146450e+00 -1.226459103717805199e+00
8.783342200000147315e+00 -1.226547987032182263e+00
8.772759860000148180e+00 -1.226637094978616505e+00
8.762177520000149045e+00 -1.226726412167105762e+00
8.751595180000149909e+00 -1.226815958902570891e+00
8.741012840000150774e+00 -1.226905718375783216e+00
8.730430500000151639e+00 -1.226995701100558112e+00
8.719848160000152504e+00 -1.227085908198485731e+00
8.709265820000153369e+00 -1.227176334171396377e+00
8.698683480000154233e+00 -1.227266988099813050e+00
8.688101140000155098e+00 -1.227357862562212798e+00
8.677518800000155963e+00 -1.227448968250036243e+00
8.666936460000156828e+00 -1.227540294057691828e+00
8.656354120000157693e+00 -1.227631853099484305e+00
8.645771780000158557e+00 -1.227723636778519145e+00
8.635189440000159422e+00 -1.227815655720906340e+00
8.624607100000160287e+00 -1.227907898215947036e+00
8.614024760000161152e+00 -1.228000368906804640e+00
8.603442420000162016e+00 -1.228093075293439806e+00
8.592860080000162881e+00 -1.228186009796346623e+00
8.582277740000163746e+00 -1.228279183336642877e+00
8.571695400000164611e+00 -1.228372584523367061e+00
8.561113060000165476e+00 -1.228466226386686788e+00
8.550530720000166340e+00 -1.228560100878367756e+00
8.539948380000167205e+00 -1.228654214298494196e+00
8.529366040000168070e+00 -1.228748565569650841e+00
8.518783700000168935e+00 -1.228843153296780732e+00
8.508201360000169799e+00 -1.228937980709034594e+00
8.497619020000170664e+00 -1.229033049945590594e+00
8.487036680000171529e+00 -1.229128362724384971e+00
8.476454340000172394e+00 -1.229223907438731445e+00
8.465872000000173259e+00 -1.229319704665442270e+00
8.455289660000174123e+00 -1.229415742477393714e+00
8.444707320000174988e+00 -1.229512026661951474e+00
8.434124980000175853e+00 -1.229608559951922864e+00
8.423542640000176718e+00 -1.229705334109515880e+00
8.412960300000177583e+00 -1.229802360484702373e+00
8.402377960000178447e+00 -1.229899631069819810e+00
8.391795620000179312e+00 -1.229997156978474449e+00
8.381213280000180177e+00 -1.230094925346286283e+00
8.370630940000181042e+00 -1.230192953498683517e+00
8.360048600000181906e+00 -1.230291234401303058e+00
8.349466260000182771e+00 -1.230389766704484966e+00
8.338883920000183636e+00 -1.230488556919906662e+00
8.328301580000184501e+00 -1.230587596612531032e+00
8.317719240000185366e+00 -1.230686897457129447e+00
8.307136900000186230e+00 -1.230786451393608871e+00
8.296554560000187095e+00 -1.230886281750343203e+00
8.285972220000187960e+00 -1.230986363948403550e+00
8.275389880000188825e+00 -1.231086697406358565e+00
8.264807540000189690e+00 -1.231187294302159341e+00
8.254225200000190554e+00 -1.231288155834836751e+00
8.243642860000191419e+00 -1.231389283150292613e+00
8.233060520000192284e+00 -1.231490670354531858e+00
8.222478180000193149e+00 -1.231592326562546358e+00
8.211895840000194013e+00 -1.231694246573495244e+00
8.201313500000194878e+00 -1.231796434940483742e+00
8.190731160000195743e+00 -1.231898880447333200e+00
8.180148820000196608e+00 -1.232001619851923691e+00
8.169566480000197473e+00 -1.232104608927706346e+00
8.158984140000198337e+00 -1.232207876014335790e+00
8.148401800000199202e+00 -1.232311431942893387e+00
8.137819460000200067e+00 -1.232415236722138152e+00
8.127237120000200932e+00 -1.232519342285201214e+00
8.116654780000201796e+00 -1.232623704654294716e+00
8.106072440000202661e+00 -1.232728354357188749e+00
8.095490100000203526e+00 -1.232833289119360742e+00
8.084907760000204391e+00 -1.232938496434589526e+00
8.074325420000205256e+00 -1.233043973947056671e+00
8.063743080000206120e+00 -1.233149754165091982e+00
8.053160740000206985e+00 -1.233255812771741233e+00
8.042578400000207850e+00 -1.233362158278126453e+00
8.031996060000208715e+00 -1.233468777162370023e+00
8.021413720000209580e+00 -1.233575677101068635e+00
8.010831380000210444e+00 -1.233682886544672286e+00
8.000249040000211309e+00 -1.233790378524028730e+00
7.989666700000212174e+00 -1.233898152454569574e+00
7.979084360000213039e+00 -1.234006224257149231e+00
7.968502020000213903e+00 -1.234114583744438942e+00
7.957919680000214768e+00 -1.234223243804337455e+00
7.947337340000215633e+00 -1.234332201861560785e+00
7.936755000000216498e+00 -1.234441441565151454e+00
7.926172660000217363e+00 -1.234550981697642769e+00
7.915590320000218227e+00 -1.234660834302493626e+00
7.905007980000219092e+00 -1.234770983860958182e+00
7.894425640000219957e+00 -1.234881423121977795e+00
7.883843300000220822e+00 -1.234992174493749983e+00
7.873260960000221687e+00 -1.235103222038724802e+00
7.862678620000222551e+00 -1.235214581359422858e+00
7.852096280000223416e+00 -1.235326247993805859e+00
7.841513940000224281e+00 -1.235438207845213521e+00
7.830931600000225146e+00 -1.235550475123610159e+00
7.820349260000226010e+00 -1.235663071580178407e+00
7.809766920000226875e+00 -1.235775974081583461e+00
7.799184580000227740e+00 -1.235889182045414314e+00
7.788602240000228605e+00 -1.236002708974581088e+00
7.778019900000229470e+00 -1.236116549634114214e+00
7.767437560000230334e+00 -1.236230710200224570e+00
7.756855220000231199e+00 -1.236345182497937900e+00
7.746272880000232064e+00 -1.236459976931381766e+00
7.735690540000232929e+00 -1.236575076071104951e+00
7.725108200000233794e+00 -1.236690525394403384e+00
7.714525860000234658e+00 -1.236806288229261863e+00
7.703943520000235523e+00 -1.236922363237128897e+00
7.693361180000236388e+00 -1.237038774287629650e+00
7.682778840000237253e+00 -1.237155507262926557e+00
7.672196500000238117e+00 -1.237272561754708233e+00
7.661614160000238982e+00 -1.237389979128624251e+00
7.651031820000239847e+00 -1.237507696092390752e+00
7.640449480000240712e+00 -1.237625757282869943e+00
7.629867140000241577e+00 -1.237744147326796051e+00
7.619284800000242441e+00 -1.237862880421825906e+00
7.608702460000243306e+00 -1.237981959289987222e+00
7.598120120000244171e+00 -1.238101357718055961e+00
7.587537780000245036e+00 -1.238221099337339481e+00
7.576955440000245900e+00 -1.238341185215410700e+00
7.566373100000246765e+00 -1.238461618366968553e+00
7.555790760000247630e+00 -1.238582388394293243e+00
7.545208420000248495e+00 -1.238703509791799107e+00
7.534626080000249360e+00 -1.238824973023419984e+00
7.524043740000250224e+00 -1.238946803047758394e+00
7.513461400000251089e+00 -1.239068974771412091e+00
7.502879060000251954e+00 -1.239191475026046652e+00
7.492296720000252819e+00 -1.239314335633173725e+00
7.481714380000253684e+00 -1.239437583195434511e+00
7.471132040000254548e+00 -1.239561170539162926e+00
7.460549700000255413e+00 -1.239685095009419147e+00
7.449967360000256278e+00 -1.239809397434860960e+00
7.439385020000257143e+00 -1.239934069716621901e+00
7.428802680000258007e+00 -1.240059083832577569e+00
7.418220340000258872e+00 -1.240184493441916835e+00
7.407638000000259737e+00 -1.240310241723850515e+00
7.397055660000260602e+00 -1.240436336889541025e+00
7.386473320000261467e+00 -1.240562854982388385e+00
7.375890980000262331e+00 -1.240689703773660391e+00
7.365308640000263196e+00 -1.240816934648959258e+00
7.354726300000264061e+00 -1.240944545402012711e+00
7.344143960000264926e+00 -1.241072546680683786e+00
7.333561620000265791e+00 -1.241200892131339550e+00
7.322979280000266655e+00 -1.241329660808901725e+00
7.312396940000267520e+00 -1.241458753035831197e+00
7.301814600000268385e+00 -1.241588246222840919e+00
7.291232260000269250e+00 -1.241718168923285015e+00
7.280649920000270114e+00 -1.241848422275192210e+00
7.270067580000270979e+00 -1.241979080257035184e+00
7.259485240000271844e+00 -1.242110161839259597e+00
7.248902900000272709e+00 -1.242241601374893589e+00
7.238320560000273574e+00 -1.242373442005301865e+00
7.227738220000274438e+00 -1.242505681470512657e+00
7.217155880000275303e+00 -1.242638305012751854e+00
7.206573540000276168e+00 -1.242771285157039163e+00
7.195991200000277033e+00 -1.242904718829232147e+00
7.185408860000277897e+00 -1.243038549379117397e+00
7.174826520000278762e+00 -1.243172775213084336e+00
7.164244180000279627e+00 -1.243307452851319050e+00
7.153661840000280492e+00 -1.243442451188482289e+00
7.143079500000281357e+00 -1.243577891687219994e+00
7.132497160000282221e+00 -1.243713772264788853e+00
7.121914820000283086e+00 -1.243850090858027446e+00
7.111332480000283951e+00 -1.243986736536959015e+00
7.100750140000284816e+00 -1.244123890348209915e+00
7.090167800000285681e+00 -1.244261422590132282e+00
7.079585460000286545e+00 -1.244399376617562947e+00
7.069003120000287410e+00 -1.244537739983208269e+00
7.058420780000288275e+00 -1.244676472189703453e+00
7.047838440000289140e+00 -1.244815693983643001e+00
7.037256100000290004e+00 -1.244955346487461423e+00
7.026673760000290869e+00 -1.245095420629626526e+00
7.016091420000291734e+00 -1.245235933490649316e+00
7.005509080000292599e+00 -1.245376874290615055e+00
6.994926740000293464e+00 -1.245518260249342202e+00
6.984344400000294328e+00 -1.245660086001200151e+00
6.973762060000295193e+00 -1.245802338272989918e+00
6.963179720000296058e+00 -1.245945029479730959e+00
6.952597380000296923e+00 -1.246088186348951465e+00
6.942015040000297788e+00 -1.246231785025310401e+00
6.931432700000298652e+00 -1.246375823528722560e+00
6.920850360000299517e+00 -1.246520319481105199e+00
6.910268020000300382e+00 -1.246665261854830176e+00
6.899685680000301247e+00 -1.246810668417671852e+00
6.889103340000302111e+00 -1.246956533687332280e+00
6.878521000000302976e+00 -1.247102851189737294e+00
6.867938660000303841e+00 -1.247249619778968199e+00
6.857356320000304706e+00 -1.247396873578459742e+00
6.846773980000305571e+00 -1.247544588582981895e+00
6.836191640000306435e+00 -1.247692762663383137e+00
6.825609300000307300e+00 -1.247841414010144145e+00
6.815026960000308165e+00 -1.247990531339693954e+00
6.804444620000309030e+00 -1.248140132995505747e+00
6.793862280000309894e+00 -1.248290213353752565e+00
6.783279940000310759e+00 -1.248440758733383893e+00
6.772697600000311624e+00 -1.248591782473718936e+00
6.762115260000312489e+00 -1.248743312123435478e+00
6.751532920000313354e+00 -1.248895323512750899e+00
6.740950580000314218e+00 -1.249047814364708797e+00
6.730368240000315083e+00 -1.249200803467813925e+00
6.719785900000315948e+00 -1.249354279273610979e+00
6.709203560000316813e+00 -1.249508260731148290e+00
6.698621220000317678e+00 -1.249662738146133822e+00
6.688038880000318542e+00 -1.249817709420797840e+00
6.677456540000319407e+00 -1.249973176638223382e+00
6.666874200000320272e+00 -1.250129171673545203e+00
6.656291860000321137e+00 -1.250285670207121891e+00
6.645709520000322001e+00 -1.250442672447762416e+00
6.635127180000322866e+00 -1.250600189910585636e+00
6.624544840000323731e+00 -1.250758218675745548e+00
6.613962500000324596e+00 -1.250916758316611865e+00
6.603380160000325461e+00 -1.251075851001021810e+00
6.592797820000326325e+00 -1.251235442651482233e+00
6.582215480000327190e+00 -1.251395567724832958e+00
6.571633140000328055e+00 -1.251556214265924005e+00
6.561050800000328920e+00 -1.251717402167421112e+00
6.550468460000329785e+00 -1.251879125513622348e+00
6.539886120000330649e+00 -1.252041370078749827e+00
6.529303780000331514e+00 -1.252204158049050831e+00
6.518721440000332379e+00 -1.252367503377313618e+00
6.508139100000333244e+00 -1.252531388440063953e+00
6.497556760000334108e+00 -1.252695810844221658e+00
6.486974420000334973e+00 -1.252860791055659506e+00
6.476392080000335838e+00 -1.253026316804016105e+00
6.465809740000336703e+00 -1.253192408712619166e+00
6.455227400000337568e+00 -1.253359060753846510e+00
6.444645060000338432e+00 -1.253526258437432039e+00
6.434062720000339297e+00 -1.253694016879737472e+00
6.423480380000340162e+00 -1.253862365554925029e+00
6.412898040000341027e+00 -1.254031281744169224e+00
6.402315700000341891e+00 -1.254200757964230917e+00
6.391733360000342756e+00 -1.254370816204278372e+00
6.381151020000343621e+00 -1.254541447534173182e+00
6.370568680000344486e+00 -1.254712671378236388e+00
6.359986340000345351e+00 -1.254884481498688142e+00
6.349404000000346215e+00 -1.255056863232440145e+00
6.338821660000347080e+00 -1.255229832291608449e+00
6.328239320000347945e+00 -1.255403418749258870e+00
6.317656980000348810e+00 -1.255577597385129973e+00
6.307074640000349675e+00 -1.255752365313627106e+00
6.296492300000350539e+00 -1.255927744486251552e+00
6.285909960000351404e+00 -1.256103722014518143e+00
6.275327620000352269e+00 -1.256280320051467392e+00
6.264745280000353134e+00 -1.256457532235719210e+00
6.254162940000353998e+00 -1.256635343639126212e+00
6.243580600000354863e+00 -1.256813770635437866e+00
6.232998260000355728e+00 -1.256992843858950382e+00
6.222415920000356593e+00 -1.257172537911541488e+00
6.211833580000357458e+00 -1.257352849751101287e+00
6.201251240000358322e+00 -1.257533802137888790e+00
6.190668900000359187e+00 -1.257715381853638181e+00
6.180086560000360052e+00 -1.257897611870857357e+00
6.169504220000360917e+00 -1.258080490060879519e+00
6.158921880000361782e+00 -1.258263996934690931e+00
6.148339540000362646e+00 -1.258448145073441715e+00
6.137757200000363511e+00 -1.258632970201793988e+00
6.127174860000364376e+00 -1.258818446635841193e+00
6.116592520000365241e+00 -1.259004571212392065e+00
6.106010180000366105e+00 -1.259191367549767016e+00
6.095427840000366970e+00 -1.259378822083549121e+00
6.084845500000367835e+00 -1.259566958655973679e+00
6.074263160000368700e+00 -1.259755766176025915e+00
6.063680820000369565e+00 -1.259945242629021411e+00
6.053098480000370429e+00 -1.260135409066500012e+00
6.042516140000371294e+00 -1.260326251723948410e+00
6.031933800000372159e+00 -1.260517794950042347e+00
6.021351460000373024e+00 -1.260710032093910193e+00
6.010769120000373889e+00 -1.260902947459074275e+00
6.000186780000374753e+00 -1.261096567351271514e+00
5.989604440000375618e+00 -1.261290899978937619e+00
5.979022100000376483e+00 -1.261485943468155124e+00
5.968439760000377348e+00 -1.261681686383065104e+00
5.957857420000378212e+00 -1.261878153785541912e+00
5.947275080000379077e+00 -1.262075331535729150e+00
5.936692740000379942e+00 -1.262273244938883154e+00
5.926110400000380807e+00 -1.262471887259852377e+00
5.915528060000381672e+00 -1.262671242432047425e+00
5.904945720000382536e+00 -1.262871329483819416e+00
5.894363380000383401e+00 -1.263072181765528157e+00
5.883781040000384266e+00 -1.263273772743063628e+00
5.873198700000385131e+00 -1.263476098986592300e+00
5.862616360000385995e+00 -1.263679186563569035e+00
5.852034020000386860e+00 -1.263883020936583002e+00
5.841451680000387725e+00 -1.264087628430210719e+00
5.830869340000388590e+00 -1.264293002229984308e+00
5.820287000000389455e+00 -1.264499115583468392e+00
5.809704660000390319e+00 -1.264706018124603482e+00
5.799122320000391184e+00 -1.264913714872825112e+00
5.788539980000392049e+00 -1.265122188667275216e+00
5.777957640000392914e+00 -1.265331435994128118e+00
5.767375300000393779e+00 -1.265541483991462268e+00
5.756792960000394643e+00 -1.265752317695886697e+00
5.746210620000395508e+00 -1.265963964516773732e+00
5.735628280000396373e+00 -1.266176417575378021e+00
5.725045940000397238e+00 -1.266389659986752569e+00
5.714463600000398102e+00 -1.266603712608030508e+00
5.703881260000398967e+00 -1.266818610663884570e+00
5.693298920000399832e+00 -1.267034326799035826e+00
5.682716580000400697e+00 -1.267250857432548949e+00
5.672134240000401562e+00 -1.267468232082922475e+00
5.661551900000402426e+00 -1.267686432933415430e+00
5.650969560000403291e+00 -1.267905491021701136e+00
5.640387220000404156e+00 -1.268125391783167855e+00
5.629804880000405021e+00 -1.268346134445316631e+00
5.619222540000405886e+00 -1.268567725538674029e+00
5.608640200000406750e+00 -1.268790206453600300e+00
5.598057860000407615e+00 -1.269013549366821980e+00
5.587475520000408480e+00 -1.269237750647896235e+00
5.576893180000409345e+00 -1.269462839807038224e+00
5.566310840000410209e+00 -1.269688800939039242e+00
5.555728500000411074e+00 -1.269915679771971728e+00
5.545146160000411939e+00 -1.270143416329936770e+00
5.534563820000412804e+00 -1.270372056336891431e+00
5.523981480000413669e+00 -1.270601610646909130e+00
5.513399140000414533e+00 -1.270832063066287265e+00
5.502816800000415398e+00 -1.271063444136576903e+00
5.492234460000416263e+00 -1.271295746903988944e+00
5.481652120000417128e+00 -1.271528953192947453e+00
5.471069780000417992e+00 -1.271763095568777091e+00
5.460487440000418857e+00 -1.271998196251017621e+00
5.449905100000419722e+00 -1.272234231558662998e+00
5.439322760000420587e+00 -1.272471199785264018e+00
5.428740420000421452e+00 -1.272709132525379871e+00
5.418158080000422316e+00 -1.272948013030786196e+00
5.407575740000423181e+00 -1.273187873227069167e+00
5.396993400000424046e+00 -1.273428706172752722e+00
5.386411060000424911e+00 -1.273670493086997313e+00
5.375828720000425776e+00 -1.273913258857553465e+00
5.365246380000426640e+00 -1.274157042845245336e+00
5.354664040000427505e+00 -1.274401815782769898e+00
5.344081700000428370e+00 -1.274647574013437312e+00
5.333499360000429235e+00 -1.274894350597173487e+00
5.322917020000430099e+00 -1.275142128179054923e+00
5.312334680000430964e+00 -1.275390940168801723e+00
5.301752340000431829e+00 -1.275640779665030866e+00
5.291170000000432694e+00 -1.275891627211558133e+00
5.280587660000433559e+00 -1.276143509046469227e+00
5.270005320000434423e+00 -1.276396465917232215e+00
5.259422980000435288e+00 -1.276650467872515682e+00
5.248840640000436153e+00 -1.276905511290030715e+00
5.238258300000437018e+00 -1.277161630802671199e+00
5.227675960000437883e+00 -1.277418808386383775e+00
5.217093620000438747e+00 -1.277677079043397779e+00
5.206511280000439612e+00 -1.277936435941113169e+00
5.195928940000440477e+00 -1.278196858867230556e+00
5.185346600000441342e+00 -1.278458375518410017e+00
5.174764260000442206e+00 -1.278721028141315497e+00
5.164181920000443071e+00 -1.278984786015718633e+00
5.153599580000443936e+00 -1.279249645581173933e+00
5.143017240000444801e+00 -1.279515643158622318e+00
5.132434900000445666e+00 -1.279782759980066187e+00
5.121852560000446530e+00 -1.280051032756076568e+00
5.111270220000447395e+00 -1.280320460612363265e+00
5.100687880000448260e+00 -1.280591017016191158e+00
5.090105540000449125e+00 -1.280862724630050575e+00
5.079523200000449989e+00 -1.281135633536841345e+00
5.068940860000450854e+00 -1.281409712146649671e+00
5.058358520000451719e+00 -1.281684956987849233e+00
5.047776180000452584e+00 -1.281961406191682196e+00
5.037193840000453449e+00 -1.282239040156398335e+00
5.026611500000454313e+00 -1.282517917649902195e+00
5.016029160000455178e+00 -1.282797964915368905e+00
5.005446820000456043e+00 -1.283079240010828626e+00
4.994864480000456908e+00 -1.283361758332407065e+00
4.984282140000457773e+00 -1.283645499769136666e+00
4.973699800000458637e+00 -1.283930503933216283e+00
4.963117460000459502e+00 -1.284216764302836156e+00
4.952535120000460367e+00 -1.284504258249291597e+00
4.941952780000461232e+00 -1.284793027925056785e+00
4.931370440000462096e+00 -1.285083089408569190e+00
4.920788100000462961e+00 -1.285374440068303148e+00
4.910205760000463826e+00 -1.285667066433939576e+00
4.899623420000464691e+00 -1.285961009707518921e+00
4.889041080000465556e+00 -1.286256248764025667e+00
4.878458740000466420e+00 -1.286552825244984932e+00
4.867876400000467285e+00 -1.286850732796914532e+00
4.857294060000468150e+00 -1.287149947597238997e+00
4.846711720000469015e+00 -1.287450503508067445e+00
4.836129380000469880e+00 -1.287752449115850295e+00
4.825547040000470744e+00 -1.288055750003579192e+00
4.814964700000471609e+00 -1.288360403030792911e+00
4.804382360000472474e+00 -1.288666451541707003e+00
4.793800020000473339e+00 -1.288973873247630575e+00
4.783217680000474203e+00 -1.289282711949759852e+00
4.772635340000475068e+00 -1.289592961479489430e+00
4.762053000000475933e+00 -1.289904609780164524e+00
4.751470660000476798e+00 -1.290217666477772696e+00
4.740888320000477663e+00 -1.290532195356693501e+00
4.730305980000478527e+00 -1.290848160577947379e+00
4.719723640000479392e+00 -1.291165559151010278e+00
4.709141300000480257e+00 -1.291484436692587723e+00
4.698558960000481122e+00 -1.291804769566554878e+00
4.687976620000481986e+00 -1.292126603860538347e+00
4.677394280000482851e+00 -1.292449933595743117e+00
4.666811940000483716e+00 -1.292774731966918056e+00
4.656229600000484581e+00 -1.293101037009220633e+00
4.645647260000485446e+00 -1.293428901603483006e+00
4.635064920000486310e+00 -1.293758280483127132e+00
4.624482580000487175e+00 -1.294089185661261521e+00
4.613900240000488040e+00 -1.294421657998802822e+00
4.603317900000488905e+00 -1.294755672280942349e+00
4.592735560000489770e+00 -1.295091276995531615e+00
4.582153220000490634e+00 -1.295428458421483020e+00
4.571570880000491499e+00 -1.295767211609642366e+00
4.560988540000492364e+00 -1.296107553112605615e+00
4.550406200000493229e+00 -1.296449546049785573e+00
4.539823860000494093e+00 -1.296793150961014218e+00
4.529241520000494958e+00 -1.297138365100137580e+00
4.518659180000495823e+00 -1.297485238977311273e+00
4.508076840000496688e+00 -1.297833745519060944e+00
4.497494500000497553e+00 -1.298183963054614143e+00
4.486912160000498417e+00 -1.298535795588307673e+00
4.476329820000499282e+00 -1.298889319148407440e+00
4.465747480000500147e+00 -1.299244555519504463e+00
4.455165140000501012e+00 -1.299601476449491200e+00
4.444582800000501877e+00 -1.299960134355290897e+00
4.434000460000502741e+00 -1.300320509380379352e+00
4.423418120000503606e+00 -1.300682611884713680e+00
4.412835780000504471e+00 -1.301046455323422890e+00
4.402253440000505336e+00 -1.301412090405593025e+00
4.391671100000506200e+00 -1.301779482529480836e+00
4.381088760000507065e+00 -1.302148630711541966e+00
4.370506420000507930e+00 -1.302519589509476106e+00
4.359924080000508795e+00 -1.302892328233912655e+00
4.349341740000509660e+00 -1.303266901905777653e+00
4.338759400000510524e+00 -1.303643289971970098e+00
4.328177060000511389e+00 -1.304021501957816964e+00
4.317594720000512254e+00 -1.304401554627349080e+00
4.307012380000513119e+00 -1.304783479193337481e+00
4.296430040000513984e+00 -1.305167274595374627e+00
4.285847700000514848e+00 -1.305552922881909605e+00
4.275265360000515713e+00 -1.305940481253525132e+00
4.264683020000516578e+00 -1.306329916096258037e+00
4.254100680000517443e+00 -1.306721285042427905e+00
4.243518340000518307e+00 -1.307114566634421937e+00
4.232936000000519172e+00 -1.307509769145045464e+00
4.222353660000520037e+00 -1.307906909431318709e+00
4.211771320000520902e+00 -1.308306021369812999e+00
4.201188980000521767e+00 -1.308707101705096854e+00
4.190606640000522631e+00 -1.309110131380846198e+00
4.180024300000523496e+00 -1.309515170203932488e+00
4.169441960000524361e+00 -1.309922181032129540e+00
4.158859620000525226e+00 -1.310331224052105226e+00
4.148277280000526090e+00 -1.310742276617031576e+00
4.137694940000526955e+00 -1.311155345211091561e+00
4.127112600000527820e+00 -1.311570448355625640e+00
4.116530260000528685e+00 -1.311987619063909261e+00
4.105947920000529550e+00 -1.312406852907506360e+00
4.095365580000530414e+00 -1.312828129385878784e+00
4.084783240000531279e+00 -1.313251510796040078e+00
4.074200900000532144e+00 -1.313676955725824325e+00
4.063618560000533009e+00 -1.314104526772897685e+00
4.053036220000533874e+00 -1.314534220226821315e+00
4.042453880000534738e+00 -1.314965992152107521e+00
4.031871540000535603e+00 -1.315399895922639395e+00
4.021289200000536468e+00 -1.315835958175823439e+00
4.010706860000537333e+00 -1.316274171773020862e+00
4.000124520000538197e+00 -1.316714514322718577e+00
3.989542180000539062e+00 -1.317157050390230566e+00
3.978959840000539927e+00 -1.317601733381762896e+00
3.968377500000540792e+00 -1.318048649431695196e+00
3.957795160000541657e+00 -1.318497715144036908e+00
3.947212820000542521e+00 -1.318948974275032215e+00
3.936630480000543386e+00 -1.319402471180862957e+00
3.926048140000544251e+00 -1.319858155716183035e+00
3.915465800000545116e+00 -1.320316094052419897e+00
3.904883460000545981e+00 -1.320776258326103347e+00
3.894301120000546845e+00 -1.321238646917698212e+00
3.883718780000547710e+00 -1.321703275032273917e+00
3.873136440000548575e+00 -1.322170187466074509e+00
3.862554100000549440e+00 -1.322639359617211019e+00
3.851971760000550304e+00 -1.323110768723562591e+00
3.841389420000551169e+00 -1.323584482105473636e+00
3.830807080000552034e+00 -1.324060442807397653e+00
3.820224740000552899e+00 -1.324538718069779852e+00
3.809642400000553764e+00 -1.325019277093597569e+00
3.799060060000554628e+00 -1.325502113136912685e+00
3.788477720000555493e+00 -1.325987257457810653e+00
3.777895380000556358e+00 -1.326474703371707031e+00
3.767313040000557223e+00 -1.326964471348057062e+00
3.756730700000558087e+00 -1.327456518060081470e+00
3.746148360000558952e+00 -1.327950911824808955e+00
3.735566020000559817e+00 -1.328447587165043187e+00
3.724983680000560682e+00 -1.328946612072685829e+00
3.714401340000561547e+00 -1.329447941067066541e+00
3.703819000000562411e+00 -1.329951604481609762e+00
3.693236660000563276e+00 -1.330457563214926253e+00
3.682654320000564141e+00 -1.330965870693842534e+00
3.672071980000565006e+00 -1.331476500877895708e+00
3.661489640000565871e+00 -1.331989418825214821e+00
3.650907300000566735e+00 -1.332504692967136251e+00
3.640324960000567600e+00 -1.333022247492604118e+00
3.629742620000568465e+00 -1.333542150189706676e+00
3.619160280000569330e+00 -1.334064353478351395e+00
3.608577940000570194e+00 -1.334588858286059221e+00
3.597995600000571059e+00 -1.335115663181005052e+00
3.587413260000571924e+00 -1.335644780775484319e+00
3.576830920000572789e+00 -1.336176198913914925e+00
3.566248580000573654e+00 -1.336709868974201409e+00
3.555666240000574518e+00 -1.337245858329994430e+00
3.545083900000575383e+00 -1.337784078672481503e+00
3.534501560000576248e+00 -1.338324596328125393e+00
3.523919220000577113e+00 -1.338867373284885032e+00
3.513336880000577978e+00 -1.339412351424771774e+00
3.502754540000578842e+00 -1.339959573826895456e+00
3.492172200000579707e+00 -1.340509031544413920e+00
3.481589860000580572e+00 -1.341060702034729157e+00
3.471007520000581437e+00 -1.341614528745416868e+00
3.460425180000582301e+00 -1.342170576478199262e+00
3.449842840000583166e+00 -1.342728741866402453e+00
3.439260500000584031e+00 -1.343289114142930840e+00
3.428678160000584896e+00 -1.343851569487540587e+00
3.418095820000585761e+00 -1.344416113290180181e+00
3.407513480000586625e+00 -1.344982790281586738e+00
3.396931140000587490e+00 -1.345551487463990448e+00
3.386348800000588355e+00 -1.346122265531697115e+00
3.375766460000589220e+00 -1.346695052842856288e+00
3.365184120000590084e+00 -1.347269829191625412e+00
3.354601780000590949e+00 -1.347846553682001014e+00
3.344019440000591814e+00 -1.348425273619668907e+00
3.333437100000592679e+00 -1.349005890397633189e+00
3.322854760000593544e+00 -1.349588351348495197e+00
3.312272420000594408e+00 -1.350172713313582351e+00
3.301690080000595273e+00 -1.350758843374159301e+00
3.291107740000596138e+00 -1.351346795801650735e+00
3.280525400000597003e+00 -1.351936487143318599e+00
3.269943060000597868e+00 -1.352527879808904654e+00
3.259360720000598732e+00 -1.353120939932568767e+00
3.248778380000599597e+00 -1.353715647238455722e+00
3.238196040000600462e+00 -1.354311947289738027e+00
3.227613700000601327e+00 -1.354909751204233403e+00
3.217031360000602191e+00 -1.355509107464676566e+00
3.206449020000603056e+00 -1.356109859494843528e+00
3.195866680000603921e+00 -1.356712052383988176e+00
3.185284340000604786e+00 -1.357315588441051046e+00
3.174702000000605651e+00 -1.357920407344493485e+00
3.164119660000606515e+00 -1.358526466590851633e+00
3.153537320000607380e+00 -1.359133725779022139e+00
3.142954980000608245e+00 -1.359742113227355720e+00
3.132372640000609110e+00 -1.360351522218389508e+00
3.121790300000609975e+00 -1.360961989744399192e+00
3.111207960000610839e+00 -1.361573331340472981e+00
3.100625620000611704e+00 -1.362185579638020894e+00
3.090043280000612569e+00 -1.362798607692936814e+00
3.079460940000613434e+00 -1.363412367198555186e+00
3.068878600000614298e+00 -1.364026774256015706e+00
3.058296260000615163e+00 -1.364641742495341648e+00
3.047713920000616028e+00 -1.365257215294500615e+00
3.037131580000616893e+00 -1.365873053309716312e+00
3.026549240000617758e+00 -1.366489278082299474e+00
3.015966900000618622e+00 -1.367105672547195727e+00
3.005384560000619487e+00 -1.367722253082858330e+00
2.994802220000620352e+00 -1.368338898982883522e+00
2.984219880000621217e+00 -1.368955441431457309e+00
2.973637540000622081e+00 -1.369571876366985741e+00
2.963055200000622946e+00 -1.370188058767741746e+00
2.952472860000623811e+00 -1.370803901248182965e+00
2.941890520000624676e+00 -1.371419241943464762e+00
2.931308180000625541e+00 -1.372034082943496047e+00
2.920725840000626405e+00 -1.372648169471192281e+00
2.910143500000627270e+00 -1.373261492525420957e+00
2.899561160000628135e+00 -1.373873932590340852e+00
2.888978820000629000e+00 -1.374485249612424909e+00
2.878396480000629865e+00 -1.375095467308906638e+00
2.867814140000630729e+00 -1.375704307675960747e+00
2.857231800000631594e+00 -1.376311753309913399e+00
2.846649460000632459e+00 -1.376917617562672946e+00
2.836067120000633324e+00 -1.377521762207930101e+00
2.825484780000634188e+00 -1.378124010594273363e+00
2.814902440000635053e+00 -1.378724327188254550e+00
2.804320100000635918e+00 -1.379322447383646066e+00
2.793737760000636783e+00 -1.379918206226023347e+00
2.783155420000637648e+00 -1.380511567873733414e+00
2.772573080000638512e+00 -1.381102208746195270e+00
2.761990740000639377e+00 -1.381690084496213666e+00
2.751408400000640242e+00 -1.382274968640753166e+00
2.740826060000641107e+00 -1.382856719899356879e+00
2.730243720000641972e+00 -1.383435139371508305e+00
2.719661380000642836e+00 -1.384010022147520447e+00
2.709079040000643701e+00 -1.384581214418590500e+00
2.698496700000644566e+00 -1.385148471456954633e+00
2.687914360000645431e+00 -1.385711729649204749e+00
2.677332020000646295e+00 -1.386270617614383971e+00
2.666749680000647160e+00 -1.386825063351130094e+00
2.656167340000648025e+00 -1.387374848963821794e+00
2.645585000000648890e+00 -1.387919685955482763e+00
2.635002660000649755e+00 -1.388459375183412670e+00
2.624420320000650619e+00 -1.388993839732393987e+00
2.613837980000651484e+00 -1.389522738637041455e+00
2.603255640000652349e+00 -1.390045844428480004e+00
2.592673300000653214e+00 -1.390563076228879424e+00
2.582090960000654078e+00 -1.391074027622877463e+00
2.571508620000654943e+00 -1.391578616866898654e+00
2.560926280000655808e+00 -1.392076628790023918e+00
2.550343940000656673e+00 -1.392567748261690497e+00
2.539761600000657538e+00 -1.393051836410774236e+00
2.529179260000658402e+00 -1.393528766196056479e+00
2.518596920000659267e+00 -1.393998246657373707e+00
2.508014580000660132e+00 -1.394460119399794307e+00
2.497432240000660997e+00 -1.394914394412221315e+00
2.486849900000661862e+00 -1.395360772538489114e+00
2.476267560000662726e+00 -1.395799358408833957e+00
2.465685220000663591e+00 -1.396230227436782156e+00
2.455102880000664456e+00 -1.396653387158396376e+00
2.444520540000665321e+00 -1.397069343195114666e+00
2.433938200000666185e+00 -1.397478963438838262e+00
2.423355860000667050e+00 -1.397883654770579298e+00
2.412773520000667915e+00 -1.398287177565672446e+00
