1.058234000000000030e+01 -1.397798444454262823e+00
1.057175766000000117e+01 -1.397834359343480992e+00
1.056117532000000203e+01 nan
1.055059298000000290e+01 nan
1.054001064000000376e+01 nan
1.052942830000000463e+01 nan
1.051884596000000549e+01 nan
1.050826362000000636e+01 nan
1.049768128000000722e+01 nan
1.048709894000000808e+01 nan
1.047651660000000895e+01 nan
1.046593426000000981e+01 -1.398197577172788586e+00
1.045535192000001068e+01 -1.398234309287204935e+00
1.044476958000001154e+01 -1.398271115081646476e+00
1.043418724000001241e+01 -1.398307998265633012e+00
1.042360490000001327e+01 -1.398344955586830363e+00
1.041302256000001414e+01 -1.398381990771470296e+00
1.040244022000001500e+01 -1.398419104041842775e+00
1.039185788000001587e+01 -1.398456290421998816e+00
1.038127554000001673e+01 -1.398493552752302582e+00
1.037069320000001760e+01 -1.398530895657448259e+00
1.036011086000001846e+01 -1.398568314996241124e+00
1.034952852000001933e+01 -1.398605810112869996e+00
1.033894618000002019e+01 -1.398643384790867916e+00
1.032836384000002106e+01 -1.398681035721534904e+00
1.031778150000002192e+01 -1.398718764060171704e+00
1.030719916000002279e+01 -1.398756576213060043e+00
1.029661682000002365e+01 -1.398794462696584473e+00
1.028603448000002452e+01 -1.398832429983379422e+00
1.027545214000002538e+01 -1.398870474732761160e+00
1.026486980000002625e+01 -1.398908600787319934e+00
1.025428746000002711e+01 -1.398946803948933670e+00
1.024370512000002797e+01 -1.398985090623727556e+00
1.023312278000002884e+01 -1.399023454898690400e+00
1.022254044000002970e+01 -1.399061901501782668e+00
1.021195810000003057e+01 -1.399100428873727875e+00
1.020137576000003143e+01 -1.399139035482676707e+00
1.019079342000003230e+01 -1.399177725161565133e+00
1.018021108000003316e+01 -1.399216494546053235e+00
1.016962874000003403e+01 -1.399255347556747520e+00
1.015904640000003489e+01 -1.399294279953863906e+00
1.014846406000003576e+01 -1.399333298170226003e+00
1.013788172000003662e+01 -1.399372395455488638e+00
1.012729938000003749e+01 -1.399411579088950530e+00
1.011671704000003835e+01 -1.399450844996998455e+00
1.010613470000003922e+01 -1.399490192417538248e+00
1.009555236000004008e+01 -1.399529625333586047e+00
1.008497002000004095e+01 -1.399569140285429558e+00
1.007438768000004181e+01 -1.399608741274168677e+00
1.006380534000004268e+01 -1.399648424017395865e+00
1.005322300000004354e+01 -1.399688196826950115e+00
1.004264066000004441e+01 -1.399728049263977647e+00
1.003205832000004527e+01 -1.399767990465524026e+00
1.002147598000004614e+01 -1.399808016386199672e+00
1.001089364000004700e+01 -1.399848126220445854e+00
1.000031130000004786e+01 -1.399888324033724762e+00
9.989728960000048730e+00 -1.399928606304589929e+00
9.979146620000049595e+00 -1.399968977117111768e+00
9.968564280000050459e+00 -1.400009432145211230e+00
9.957981940000051324e+00 -1.400049977878000895e+00
9.947399600000052189e+00 -1.400090607586193414e+00
9.936817260000053054e+00 -1.400131328570350719e+00
9.926234920000053918e+00 -1.400172136814162860e+00
9.915652580000054783e+00 -1.400213031467675728e+00
9.905070240000055648e+00 -1.400254016681436120e+00
9.894487900000056513e+00 -1.400295088870527449e+00
9.883905560000057378e+00 -1.400336252204797516e+00
9.873323220000058242e+00 -1.400377505041482840e+00
9.862740880000059107e+00 -1.400418845714957783e+00
9.852158540000059972e+00 -1.400460275691789658e+00
9.841576200000060837e+00 -1.400501799555724070e+00
9.830993860000061701e+00 -1.400543413320793018e+00
9.820411520000062566e+00 -1.400585116091430438e+00
9.809829180000063431e+00 -1.400626912105999988e+00
9.799246840000064296e+00 -1.400668797714606839e+00
9.788664500000065161e+00 -1.400710774430136807e+00
9.778082160000066025e+00 -1.400752848819318830e+00
9.767499820000066890e+00 -1.400795010953376218e+00
9.756917480000067755e+00 -1.400837267868494163e+00
9.746335140000068620e+00 -1.400879615877899109e+00
9.735752800000069485e+00 -1.400922059290208077e+00
9.725170460000070349e+00 -1.400964593662687774e+00
9.714588120000071214e+00 -1.401007225562673097e+00
9.704005780000072079e+00 -1.401049949035205744e+00
9.693423440000072944e+00 -1.401092771171963847e+00
9.682841100000073808e+00 -1.401135686286496762e+00
9.672258760000074673e+00 -1.401178694654924950e+00
9.661676420000075538e+00 -1.401221800657961314e+00
9.651094080000076403e+00 -1.401265000541117356e+00
9.640511740000077268e+00 -1.401308298706041677e+00
9.629929400000078132e+00 -1.401351690662301586e+00
9.619347060000078997e+00 -1.401395183009964018e+00
9.608764720000079862e+00 -1.401438769062717249e+00
9.598182380000080727e+00 -1.401482456164325763e+00
9.587600040000081592e+00 -1.401526240411512081e+00
9.577017700000082456e+00 -1.401570120787073881e+00
9.566435360000083321e+00 -1.401614101767163501e+00
9.555853020000084186e+00 -1.401658179527713877e+00
9.545270680000085051e+00 -1.401702358566438544e+00
9.534688340000085915e+00 -1.401746634344195108e+00
9.524106000000086780e+00 -1.401791013494895211e+00
9.513523660000087645e+00 -1.401835489345823360e+00
9.502941320000088510e+00 -1.401880069254331174e+00
9.492358980000089375e+00 -1.401924749351729949e+00
9.481776640000090239e+00 -1.401969528571115120e+00
9.471194300000091104e+00 -1.402014411487258361e+00
9.460611960000091969e+00 -1.402059394204680620e+00
9.450029620000092834e+00 -1.402104481320483487e+00
9.439447280000093699e+00 -1.402149668245440184e+00
9.428864940000094563e+00 -1.402194961648784766e+00
9.418282600000095428e+00 -1.402240354872029915e+00
9.407700260000096293e+00 -1.402285855286821148e+00
9.397117920000097158e+00 -1.402331459060460750e+00
9.386535580000098022e+00 -1.402377165075068266e+00
9.375953240000098887e+00 -1.402422978007402454e+00
9.365370900000099752e+00 -1.402468893888634049e+00
9.354788560000100617e+00 -1.402514917418668627e+00
9.344206220000101482e+00 -1.402561048947886357e+00
9.333623880000102346e+00 -1.402607282361908903e+00
9.323041540000103211e+00 -1.402653621689952113e+00
9.312459200000104076e+00 -1.402700071475449839e+00
9.301876860000104941e+00 -1.402746627923025402e+00
9.291294520000105805e+00 -1.402793289862562354e+00
9.280712180000106670e+00 -1.402840062076347483e+00
9.270129840000107535e+00 -1.402886940520246206e+00
9.259547500000108400e+00 -1.402933927136781778e+00
9.248965160000109265e+00 -1.402981028690086562e+00
9.238382820000110129e+00 -1.403028234734400082e+00
9.227800480000110994e+00 -1.403075552978947815e+00
9.217218140000111859e+00 -1.403122979336754783e+00
9.206635800000112724e+00 -1.403170518674758060e+00
9.196053460000113589e+00 -1.403218166269982747e+00
9.185471120000114453e+00 -1.403265928888328240e+00
9.174888780000115318e+00 -1.403313800533871891e+00
9.164306440000116183e+00 -1.403361786750695783e+00
9.153724100000117048e+00 -1.403409885672397328e+00
9.143141760000117912e+00 -1.403458095422327467e+00
9.132559420000118777e+00 -1.403506420954351963e+00
9.121977080000119642e+00 -1.403554858102949776e+00
9.111394740000120507e+00 -1.403603411847232918e+00
9.100812400000121372e+00 -1.403652077409519805e+00
9.090230060000122236e+00 -1.403700861596419269e+00
9.079647720000123101e+00 -1.403749757806460829e+00
9.069065380000123966e+00 -1.403798773468767136e+00
9.058483040000124831e+00 -1.403847904890627163e+00
9.047900700000125696e+00 -1.403897150762247970e+00
9.037318360000126560e+00 -1.403946516152769330e+00
9.026736020000127425e+00 -1.403995996815974756e+00
9.016153680000128290e+00 -1.404045597847185745e+00
9.005571340000129155e+00 -1.404095314412580287e+00
8.994989000000130019e+00 -1.404145155681435053e+00
8.984406660000130884e+00 -1.404195110435274341e+00
8.973824320000131749e+00 -1.404245188436180403e+00
8.963241980000132614e+00 -1.404295386034650983e+00
8.952659640000133479e+00 -1.404345701863707330e+00
8.942077300000134343e+00 -1.404396141112037366e+00
8.931494960000135208e+00 -1.404446699450301317e+00
8.920912620000136073e+00 -1.404497382094299196e+00
8.910330280000136938e+00 -1.404548184152719204e+00
8.899747940000137802e+00 -1.404599112518575721e+00
8.889165600000138667e+00 -1.404650160627562538e+00
8.878583260000139532e+00 -1.404701335946264340e+00
8.868000920000140397e+00 -1.404752634870095163e+00
8.857418580000141262e+00 -1.404804055973553734e+00
8.846836240000142126e+00 -1.404855604569018812e+00
8.836253900000142991e+00 -1.404907276241971648e+00
8.825671560000143856e+00 -1.404959076332972012e+00
8.815089220000144721e+00 -1.405011002872023296e+00
8.804506880000145586e+00 -1.405063053857237954e+00
8.793924540000146450e+00 -1.405115231685408084e+00
8.783342200000147315e+00 -1.405167540863075715e+00
8.772759860000148180e+00 -1.405219977832591782e+00
8.762177520000149045e+00 -1.405272541108333328e+00
8.751595180000149909e+00 -1.405325236131107713e+00
8.741012840000150774e+00 -1.405378058398702557e+00
8.730430500000151639e+00 -1.405431013381069683e+00
8.719848160000152504e+00 -1.405484099075187565e+00
8.709265820000153369e+00 -1.405537313444922942e+00
8.698683480000154233e+00 -1.405590662008123326e+00
8.688101140000155098e+00 -1.405644140212776172e+00
8.677518800000155963e+00 -1.405697753602821010e+00
8.666936460000156828e+00 -1.405751497133284955e+00
8.656354120000157693e+00 -1.405805377818673874e+00
8.645771780000158557e+00 -1.405859389626112899e+00
8.635189440000159422e+00 -1.405913541164891756e+00
8.624607100000160287e+00 -1.405967825351079448e+00
8.614024760000161152e+00 -1.406022242639806130e+00
8.603442420000162016e+00 -1.406076798681267004e+00
8.592860080000162881e+00 -1.406131488831873444e+00
8.582277740000163746e+00 -1.406186318772731481e+00
8.571695400000164611e+00 -1.406241283395879726e+00
8.561113060000165476e+00 -1.406296389767233812e+00
8.550530720000166340e+00 -1.406351631399589852e+00
8.539948380000167205e+00 -1.406407015837071173e+00
8.529366040000168070e+00 -1.406462539651652577e+00
8.518783700000168935e+00 -1.406518201196913287e+00
8.508201360000169799e+00 -1.406574006264288190e+00
8.497619020000170664e+00 -1.406629950115940719e+00
8.487036680000171529e+00 -1.406686038575384323e+00
8.476454340000172394e+00 -1.406742266470110581e+00
8.465872000000173259e+00 -1.406798640919708854e+00
8.455289660000174123e+00 -1.406855155461618656e+00
8.444707320000174988e+00 -1.406911817664676212e+00
8.434124980000175853e+00 -1.406968624155679137e+00
8.423542640000176718e+00 -1.407025573222460357e+00
8.412960300000177583e+00 -1.407082670803040170e+00
8.402377960000178447e+00 -1.407139912062760789e+00
8.391795620000179312e+00 -1.407197302973001607e+00
8.381213280000180177e+00 -1.407254838295136645e+00
8.370630940000181042e+00 -1.407312525204796438e+00
8.360048600000181906e+00 -1.407370357265504079e+00
8.349466260000182771e+00 -1.407428342072367222e+00
8.338883920000183636e+00 -1.407486476309531609e+00
8.328301580000184501e+00 -1.407544758197257107e+00
8.317719240000185366e+00 -1.407603193826097110e+00
8.307136900000186230e+00 -1.407661778261626973e+00
8.296554560000187095e+00 -1.407720520849373713e+00
8.285972220000187960e+00 -1.407779415850151983e+00
8.275389880000188825e+00 -1.407838458693342787e+00
8.264807540000189690e+00 -1.407897654769503459e+00
8.254225200000190554e+00 -1.407957027289646001e+00
8.243642860000191419e+00 -1.408016519141978673e+00
8.233060520000192284e+00 -1.408076199328961220e+00
8.222478180000193149e+00 -1.408136003041168705e+00
8.211895840000194013e+00 -1.408195987240188796e+00
8.201313500000194878e+00 -1.408256112110422009e+00
8.190731160000195743e+00 -1.408316409602003105e+00
8.180148820000196608e+00 -1.408376891333720904e+00
8.169566480000197473e+00 -1.408437473165477849e+00
8.158984140000198337e+00 -1.408498243374487036e+00
8.148401800000199202e+00 -1.408559207210500652e+00
8.137819460000200067e+00 -1.408620269434883054e+00
8.127237120000200932e+00 -1.408681573646970664e+00
8.116654780000201796e+00 -1.408742943548588089e+00
8.106072440000202661e+00 -1.408804525104880190e+00
8.095490100000203526e+00 -1.408866298606580525e+00
8.084907760000204391e+00 -1.408928197972953988e+00
8.074325420000205256e+00 -1.408990258228685954e+00
8.063743080000206120e+00 -1.409052507103719654e+00
8.053160740000206985e+00 -1.409114914447305411e+00
8.042578400000207850e+00 -1.409177512790400266e+00
8.031996060000208715e+00 -1.409240261290511276e+00
8.021413720000209580e+00 -1.409303142173589318e+00
8.010831380000210444e+00 -1.409366259101287877e+00
8.000249040000211309e+00 -1.409429514364125557e+00
7.989666700000212174e+00 -1.409492901321292013e+00
7.979084360000213039e+00 -1.409556497255085805e+00
7.968502020000213903e+00 -1.409620262622734099e+00
7.957919680000214768e+00 -1.409684203733078567e+00
7.947337340000215633e+00 -1.409748356752381859e+00
7.936755000000216498e+00 -1.409812604379820700e+00
7.926172660000217363e+00 -1.409877068451121929e+00
7.915590320000218227e+00 -1.409941708034750274e+00
7.905007980000219092e+00 -1.410006574862723738e+00
7.894425640000219957e+00 -1.410071514448330454e+00
7.883843300000220822e+00 -1.410136740774439401e+00
7.873260960000221687e+00 -1.410202089896006816e+00
7.862678620000222551e+00 -1.410267621567117047e+00
7.852096280000223416e+00 -1.410333328993279123e+00
7.841513940000224281e+00 -1.410399158107000783e+00
7.830931600000225146e+00 -1.410465227021028944e+00
7.820349260000226010e+00 -1.410531480964156259e+00
7.809766920000226875e+00 -1.410597918256495609e+00
7.799184580000227740e+00 -1.410664536290416438e+00
7.788602240000228605e+00 -1.410731342124927679e+00
7.778019900000229470e+00 -1.410798413634032134e+00
7.767437560000230334e+00 -1.410865594586635741e+00
7.756855220000231199e+00 -1.410932872111980929e+00
7.746272880000232064e+00 -1.411000515471061645e+00
7.735690540000232929e+00 -1.411068158990198551e+00
7.725108200000233794e+00 -1.411136191164439335e+00
7.714525860000234658e+00 -1.411204315672329290e+00
7.703943520000235523e+00 -1.411272517006507243e+00
7.693361180000236388e+00 -1.411341019963668453e+00
7.682778840000237253e+00 -1.411409712241508574e+00
7.672196500000238117e+00 -1.411478598245956784e+00
7.661614160000238982e+00 -1.411547814877138318e+00
7.651031820000239847e+00 -1.411616959134968319e+00
7.640449480000240712e+00 -1.411686433143996444e+00
7.629867140000241577e+00 -1.411756100556837312e+00
7.619284800000242441e+00 -1.411825968793060104e+00
7.608702460000243306e+00 -1.411896190658058270e+00
7.598120120000244171e+00 -1.411202165231364658e+00
7.587537780000245036e+00 -1.411270322073655992e+00
7.576955440000245900e+00 -1.411338488729134477e+00
7.566373100000246765e+00 -1.411407023288138829e+00
7.555790760000247630e+00 -1.411475746572699919e+00
7.545208420000248495e+00 -1.411544665884922445e+00
7.534626080000249360e+00 -1.411613775524503955e+00
7.524043740000250224e+00 -1.411683311239670280e+00
7.513461400000251089e+00 -1.411752819574647599e+00
7.502879060000251954e+00 -1.411822280703581178e+00
7.492296720000252819e+00 -1.411892172791909816e+00
7.481714380000253684e+00 -1.411962533535886299e+00
7.471132040000254548e+00 -1.412032836028704885e+00
7.460549700000255413e+00 -1.412103045747762575e+00
7.449967360000256278e+00 -1.412173737196515733e+00
7.439385020000257143e+00 -1.412244939196803717e+00
7.428802680000258007e+00 -1.412315720942388886e+00
7.418220340000258872e+00 -1.413192449837844311e+00
7.407638000000259737e+00 -1.413266464868088157e+00
7.397055660000260602e+00 -1.413340342608481848e+00
7.386473320000261467e+00 -1.413415144855921790e+00
7.375890980000262331e+00 -1.413489435102430969e+00
7.365308640000263196e+00 -1.413564305902713425e+00
7.354726300000264061e+00 -1.413639400455056760e+00
7.344143960000264926e+00 -1.413715138197625398e+00
7.333561620000265791e+00 -1.413790250552988015e+00
7.322979280000266655e+00 -1.413866468511730368e+00
7.312396940000267520e+00 -1.413941993310927625e+00
7.301814600000268385e+00 -1.414018199591879910e+00
7.291232260000269250e+00 -1.414095151767045477e+00
7.280649920000270114e+00 -1.414171088717427915e+00
7.270067580000270979e+00 -1.414247969072601085e+00
7.259485240000271844e+00 -1.414325659705373495e+00
7.248902900000272709e+00 -1.414403021198391341e+00
7.238320560000273574e+00 -1.414480618155540936e+00
7.227738220000274438e+00 -1.414558451632912606e+00
7.217155880000275303e+00 -1.414636511760849036e+00
7.206573540000276168e+00 -1.414714109181838264e+00
7.195991200000277033e+00 -1.414792618024658166e+00
7.185408860000277897e+00 -1.414871362649749109e+00
7.174826520000278762e+00 -1.414950340862911160e+00
7.164244180000279627e+00 -1.415030370673605820e+00
7.153661840000280492e+00 -1.415109017244728928e+00
7.143079500000281357e+00 -1.415188713391358988e+00
7.132497160000282221e+00 -1.415268659608193591e+00
7.121914820000283086e+00 -1.415349779290585364e+00
7.111332480000283951e+00 -1.415429269188747119e+00
7.100750140000284816e+00 -1.415510949405295538e+00
7.090167800000285681e+00 -1.415591906852260440e+00
7.079585460000286545e+00 -1.415673108756840382e+00
7.069003120000287410e+00 -1.415754564742486732e+00
7.058420780000288275e+00 -1.415835097706894086e+00
7.047838440000289140e+00 -1.415917013037092609e+00
7.037256100000290004e+00 -1.415999180151548353e+00
7.026673760000290869e+00 -1.416081596319621383e+00
7.016091420000291734e+00 -1.416164270493283306e+00
7.005509080000292599e+00 -1.416247196033353584e+00
6.994926740000293464e+00 -1.416330381954351125e+00
6.984344400000294328e+00 -1.416413822410741430e+00
6.973762060000295193e+00 -1.415576834905555526e+00
6.963179720000296058e+00 -1.415657744053241629e+00
6.952597380000296923e+00 -1.415738903013013195e+00
6.942015040000297788e+00 -1.415820309574489899e+00
6.931432700000298652e+00 -1.415901960846386087e+00
6.920850360000299517e+00 -1.415983865684912857e+00
6.910268020000300382e+00 -1.416066017497634277e+00
6.899685680000301247e+00 -1.416148425202031325e+00
6.889103340000302111e+00 -1.417176592918033773e+00
6.878521000000302976e+00 -1.417262683180704697e+00
6.867938660000303841e+00 -1.417349037156821145e+00
6.857356320000304706e+00 -1.417435668328727472e+00
6.846773980000305571e+00 -1.417522572979886597e+00
6.836191640000306435e+00 -1.417609748594430119e+00
6.825609300000307300e+00 -1.417697204710339109e+00
6.815026960000308165e+00 -1.417784934373319983e+00
6.804444620000309030e+00 -1.417872947190275790e+00
6.793862280000309894e+00 -1.417961237123593454e+00
6.783279940000310759e+00 -1.418049811008518901e+00
6.772697600000311624e+00 -1.418138664399893223e+00
6.762115260000312489e+00 -1.417243176777374325e+00
6.751532920000313354e+00 -1.417329237911446604e+00
6.740950580000314218e+00 -1.417415565172505110e+00
6.730368240000315083e+00 -1.417502167992968687e+00
6.719785900000315948e+00 -1.418588609323203409e+00
6.709203560000316813e+00 -1.418679240334158154e+00
6.698621220000317678e+00 -1.418770165486222812e+00
6.688038880000318542e+00 -1.418861381899170659e+00
6.677456540000319407e+00 -1.418952896350002435e+00
6.666874200000320272e+00 -1.419044711593888675e+00
6.656291860000321137e+00 -1.419136827844899251e+00
6.645709520000322001e+00 -1.419229241232873528e+00
6.635127180000322866e+00 -1.419321961984344238e+00
6.624544840000323731e+00 -1.419414982845929041e+00
6.613962500000324596e+00 -1.419508310790656980e+00
6.603380160000325461e+00 -1.419601955804489224e+00
6.592797820000326325e+00 -1.419695899521332905e+00
6.582215480000327190e+00 -1.419790158363636756e+00
6.571633140000328055e+00 -1.419884724987497515e+00
6.561050800000328920e+00 -1.419979609894502115e+00
6.550468460000329785e+00 -1.420074805619365055e+00
6.539886120000330649e+00 -1.420170323118604694e+00
6.529303780000331514e+00 -1.420266154601031783e+00
6.518721440000332379e+00 -1.420362315354525951e+00
6.508139100000333244e+00 -1.420458793530271491e+00
6.497556760000334108e+00 -1.420555590698228343e+00
6.486974420000334973e+00 -1.420652717649536489e+00
6.476392080000335838e+00 -1.420750166870828224e+00
6.465809740000336703e+00 -1.420847949236248464e+00
6.455227400000337568e+00 -1.420946057179027333e+00
6.444645060000338432e+00 -1.421044501852053443e+00
6.434062720000339297e+00 -1.421143276693445978e+00
6.423480380000340162e+00 -1.421242389181331278e+00
6.412898040000341027e+00 -1.421341840029370474e+00
6.402315700000341891e+00 nan
6.391733360000342756e+00 -1.420424812558180427e+00
6.381151020000343621e+00 -1.420521140732115217e+00
6.370568680000344486e+00 -1.420617793488520908e+00
6.359986340000345351e+00 -1.420714763836954830e+00
6.349404000000346215e+00 -1.420812060920535469e+00
6.338821660000347080e+00 -1.420909679348032473e+00
6.328239320000347945e+00 -1.421007627758130498e+00
6.317656980000348810e+00 -1.421105904860636260e+00
6.307074640000349675e+00 -1.421204507078048351e+00
6.296492300000350539e+00 -1.421303445395990739e+00
6.285909960000351404e+00 -1.421402712132476598e+00
6.275327620000352269e+00 -1.421502318358924377e+00
6.264745280000353134e+00 -1.421602256963611532e+00
6.254162940000353998e+00 -1.421702537270628008e+00
6.243580600000354863e+00 -1.421803153976776812e+00
6.232998260000355728e+00 -1.421904115834955462e+00
6.222415920000356593e+00 -1.422005421714971130e+00
6.211833580000357458e+00 -1.422107067941794645e+00
6.201251240000358322e+00 -1.422209065877837020e+00
6.190668900000359187e+00 -1.422311407667602001e+00
6.180086560000360052e+00 -1.422414104772195875e+00
6.169504220000360917e+00 -1.422517158970105555e+00
6.158921880000361782e+00 -1.422620557586751877e+00
6.148339540000362646e+00 -1.422724312808541836e+00
6.137757200000363511e+00 -1.422828429284154650e+00
6.127174860000364376e+00 -1.422932906087093219e+00
6.116592520000365241e+00 -1.423037739415103475e+00
6.106010180000366105e+00 -1.423142941052554011e+00
6.095427840000366970e+00 -1.423248502948875061e+00
6.084845500000367835e+00 -1.423354436983344851e+00
6.074263160000368700e+00 -1.423460740093514643e+00
6.063680820000369565e+00 -1.423567409160630959e+00
6.053098480000370429e+00 -1.423674456208358308e+00
6.042516140000371294e+00 -1.423781873077979210e+00
6.031933800000372159e+00 -1.423889671891009012e+00
6.021351460000373024e+00 -1.423997845250425831e+00
6.010769120000373889e+00 -1.424106402958516648e+00
6.000186780000374753e+00 -1.424215339188025231e+00
5.989604440000375618e+00 -1.424324665452779026e+00
5.979022100000376483e+00 -1.424434378654692912e+00
5.968439760000377348e+00 -1.424544475637003593e+00
5.957857420000378212e+00 -1.424654968872713923e+00
5.947275080000379077e+00 -1.424765850004007017e+00
5.936692740000379942e+00 -1.424877131607247271e+00
5.926110400000380807e+00 -1.424988806168993705e+00
5.915528060000381672e+00 -1.425100883700509025e+00
5.904945720000382536e+00 -1.425213359332681007e+00
5.894363380000383401e+00 -1.425326242233286633e+00
5.883781040000384266e+00 -1.425439531999609377e+00
5.873198700000385131e+00 -1.425553224528291141e+00
5.862616360000385995e+00 -1.425667332768637552e+00
5.852034020000386860e+00 -1.425781848153221176e+00
5.841451680000387725e+00 -1.425896783743221041e+00
5.830869340000388590e+00 -1.426012131903959368e+00
5.820287000000389455e+00 -1.426127937945228297e+00
5.809704660000390319e+00 -1.426244134703263500e+00
5.799122320000391184e+00 -1.426360753604832832e+00
5.788539980000392049e+00 -1.426477799877228669e+00
5.777957640000392914e+00 -1.426595269304073321e+00
5.767375300000393779e+00 -1.426713175345405649e+00
5.756792960000394643e+00 -1.426831509235593876e+00
5.746210620000395508e+00 -1.426950284551224968e+00
5.735628280000396373e+00 -1.427069493546493817e+00
5.725045940000397238e+00 -1.427189146712558809e+00
5.714463600000398102e+00 -1.427309239482157599e+00
5.703881260000398967e+00 -1.427429781333805714e+00
5.693298920000399832e+00 -1.427550772355338671e+00
5.682716580000400697e+00 -1.427672208209838978e+00
5.672134240000401562e+00 -1.427794122963804258e+00
5.661551900000402426e+00 -1.427916468680414219e+00
5.650969560000403291e+00 -1.428039278434462211e+00
5.640387220000404156e+00 -1.428162549036882112e+00
5.629804880000405021e+00 -1.428286277232041046e+00
5.619222540000405886e+00 -1.428410472639950912e+00
5.608640200000406750e+00 -1.428535140245242196e+00
5.598057860000407615e+00 -1.428660280405143368e+00
5.587475520000408480e+00 -1.428785888672379878e+00
5.576893180000409345e+00 -1.428911979618579409e+00
5.566310840000410209e+00 -1.429038544049542780e+00
5.555728500000411074e+00 -1.429165597924646480e+00
5.545146160000411939e+00 -1.429293134276602650e+00
5.534563820000412804e+00 -1.429421153592824068e+00
5.523981480000413669e+00 -1.429549669525015609e+00
5.513399140000414533e+00 -1.429678672758885938e+00
5.502816800000415398e+00 -1.429808178337265812e+00
5.492234460000416263e+00 -1.429938178216672906e+00
5.481652120000417128e+00 -1.430068683611742220e+00
5.471069780000417992e+00 -1.430199689077233716e+00
5.460487440000418857e+00 -1.430331214741676238e+00
5.449905100000419722e+00 -1.430463245160541685e+00
5.439322760000420587e+00 -1.430595783149846367e+00
5.428740420000421452e+00 -1.430728844249019582e+00
5.418158080000422316e+00 -1.430862418921339252e+00
5.407575740000423181e+00 -1.430996522853058117e+00
5.396993400000424046e+00 -1.431131147884573851e+00
5.386411060000424911e+00 -1.431266305555270346e+00
5.375828720000425776e+00 -1.431401991983871858e+00
5.365246380000426640e+00 -1.431538217342628760e+00
5.354664040000427505e+00 -1.431674982802171758e+00
5.344081700000428370e+00 -1.431812283609339653e+00
5.333499360000429235e+00 -1.431950135980600614e+00
5.322917020000430099e+00 -1.432088530155182893e+00
5.312334680000430964e+00 -1.432227482506966743e+00
5.301752340000431829e+00 -1.432366984764475326e+00
5.291170000000432694e+00 -1.432507048820720552e+00
5.280587660000433559e+00 -1.432647671032360792e+00
5.270005320000434423e+00 -1.432788861811421954e+00
5.259422980000435288e+00 -1.432930622697216494e+00
5.248840640000436153e+00 -1.433072948820148129e+00
5.238258300000437018e+00 -1.433215857128054882e+00
5.227675960000437883e+00 -1.433359337631732622e+00
5.217093620000438747e+00 -1.433503407446894640e+00
5.206511280000439612e+00 -1.433648058192888097e+00
5.195928940000440477e+00 -1.433793302150999871e+00
5.185346600000441342e+00 -1.433939135940725862e+00
5.174764260000442206e+00 -1.434085570238828655e+00
5.164181920000443071e+00 -1.434232606986823200e+00
5.153599580000443936e+00 -1.434380241213419005e+00
5.143017240000444801e+00 -1.434528490643289800e+00
5.132434900000445666e+00 -1.434677345067930210e+00
5.121852560000446530e+00 -1.434826822394910772e+00
5.111270220000447395e+00 -1.434976926451795753e+00
5.100687880000448260e+00 -1.435127640051503839e+00
5.090105540000449125e+00 -1.435278983000991548e+00
5.079523200000449989e+00 -1.435430960969420466e+00
5.068940860000450854e+00 -1.435583576336941780e+00
5.058358520000451719e+00 -1.435736824034897330e+00
5.047776180000452584e+00 -1.435890722632219063e+00
5.037193840000453449e+00 -1.436045261702151299e+00
5.026611500000454313e+00 -1.436200461924013849e+00
5.016029160000455178e+00 -1.436356314434993564e+00
5.005446820000456043e+00 -1.436512821808983098e+00
4.994864480000456908e+00 -1.436670001182743572e+00
4.984282140000457773e+00 -1.436827842012667444e+00
4.973699800000458637e+00 -1.436986363572421155e+00
4.963117460000459502e+00 -1.437145557247191174e+00
4.952535120000460367e+00 -1.437305436495587063e+00
4.941952780000461232e+00 -1.437465996701563942e+00
4.931370440000462096e+00 -1.437627255536356063e+00
4.920788100000462961e+00 -1.437789210001123363e+00
4.910205760000463826e+00 -1.437951856952533802e+00
4.899623420000464691e+00 -1.438115216413871744e+00
4.889041080000465556e+00 -1.438279277630727826e+00
4.878458740000466420e+00 -1.438444060853385054e+00
4.867876400000467285e+00 -1.438609557392470872e+00
4.857294060000468150e+00 -1.438775781264003406e+00
4.846711720000469015e+00 -1.438942730295149852e+00
4.836129380000469880e+00 -1.439110416384047575e+00
4.825547040000470744e+00 -1.439278843275701991e+00
4.814964700000471609e+00 -1.439448005704922817e+00
4.804382360000472474e+00 -1.439617924734708510e+00
4.793800020000473339e+00 -1.439788589412921205e+00
4.783217680000474203e+00 -1.439960021049214278e+00
4.772635340000475068e+00 -1.440132210894575771e+00
4.762053000000475933e+00 -1.440305181647402843e+00
4.751470660000476798e+00 -1.440478915478862643e+00
4.740888320000477663e+00 -1.440653432750715668e+00
4.730305980000478527e+00 -1.440828737856044706e+00
4.719723640000479392e+00 -1.441004825471658979e+00
4.709141300000480257e+00 -1.441181717791682138e+00
4.698558960000481122e+00 -1.441359403676776951e+00
4.687976620000481986e+00 -1.441537905589471480e+00
4.677394280000482851e+00 -1.441717214735068975e+00
4.666811940000483716e+00 -1.441897346432391425e+00
4.656229600000484581e+00 -1.442078299424705889e+00
4.645647260000485446e+00 -1.442260086533682761e+00
4.635064920000486310e+00 -1.442442739350099146e+00
4.624482580000487175e+00 -1.442626201834239286e+00
4.613900240000488040e+00 -1.442810521786132671e+00
4.603317900000488905e+00 -1.442995687900973545e+00
4.592735560000489770e+00 -1.443181723908795622e+00
4.582153220000490634e+00 -1.443368627200274590e+00
4.571570880000491499e+00 -1.443556395241245127e+00
4.560988540000492364e+00 -1.443745045951986050e+00
4.550406200000493229e+00 -1.443934586490874361e+00
4.539823860000494093e+00 -1.444125022775089917e+00
4.529241520000494958e+00 -1.444316349413740097e+00
4.518659180000495823e+00 -1.444508591178066181e+00
4.508076840000496688e+00 -1.444701736595306318e+00
4.497494500000497553e+00 -1.444895813556970277e+00
4.486912160000498417e+00 -1.445090811221200866e+00
4.476329820000499282e+00 -1.445286735683673163e+00
4.465747480000500147e+00 -1.445483609620114684e+00
4.455165140000501012e+00 -1.445681421457544635e+00
4.444582800000501877e+00 -1.445880197086064634e+00
4.434000460000502741e+00 -1.446079927622531569e+00
4.423418120000503606e+00 -1.446280630499326314e+00
4.412835780000504471e+00 -1.446482302834529721e+00
4.402253440000505336e+00 -1.446684977585830589e+00
4.391671100000506200e+00 -1.446888633964038995e+00
4.381088760000507065e+00 -1.447093278966518071e+00
4.370506420000507930e+00 -1.447298939633690384e+00
4.359924080000508795e+00 -1.447505604188608741e+00
4.349341740000509660e+00 -1.447713300023454774e+00
4.338759400000510524e+00 -1.447922018166850178e+00
4.328177060000511389e+00 -1.448131776976800289e+00
4.317594720000512254e+00 -1.448342577241990670e+00
4.307012380000513119e+00 -1.448554433828801669e+00
4.296430040000513984e+00 -1.448767354970974974e+00
4.285847700000514848e+00 -1.448981335048645347e+00
4.275265360000515713e+00 -1.449196402645023252e+00
4.264683020000516578e+00 -1.449412545705537347e+00
4.254100680000517443e+00 -1.449629793177091619e+00
4.243518340000518307e+00 -1.449848135899923562e+00
4.232936000000519172e+00 -1.450067593171294300e+00
4.222353660000520037e+00 -1.450288169307409891e+00
4.211771320000520902e+00 -1.450509874016878475e+00
4.201188980000521767e+00 -1.450732719197605824e+00
4.190606640000522631e+00 -1.450956698952295953e+00
4.180024300000523496e+00 -1.451181843414964368e+00
4.169441960000524361e+00 -1.451408140113750633e+00
4.158859620000525226e+00 -1.451635619541602029e+00
4.148277280000526090e+00 -1.451864272171880632e+00
4.137694940000526955e+00 -1.452094118186356253e+00
4.127112600000527820e+00 -1.452325159328202719e+00
4.116530260000528685e+00 -1.452557411377600083e+00
4.105947920000529550e+00 -1.452790884358264201e+00
4.095365580000530414e+00 -1.453025571848495900e+00
4.084783240000531279e+00 -1.453261505448193880e+00
4.074200900000532144e+00 -1.453498672014184923e+00
4.063618560000533009e+00 -1.453737103476506975e+00
4.053036220000533874e+00 -1.453976808395420983e+00
4.042453880000534738e+00 -1.454217762144316195e+00
4.031871540000535603e+00 -1.454460001377345879e+00
4.021289200000536468e+00 -1.454703533971031693e+00
4.010706860000537333e+00 -1.454948370588722728e+00
4.000124520000538197e+00 -1.455194503883025847e+00
3.989542180000539062e+00 -1.455441966694721367e+00
3.978959840000539927e+00 -1.455690744801316994e+00
3.968377500000540792e+00 -1.455940875273877833e+00
3.957795160000541657e+00 -1.456192342771587267e+00
3.947212820000542521e+00 -1.456445156691380971e+00
3.936630480000543386e+00 -1.456699346008959006e+00
3.926048140000544251e+00 -1.456954895695775409e+00
3.915465800000545116e+00 -1.457211839227459116e+00
3.904883460000545981e+00 -1.457470164330409768e+00
3.894301120000546845e+00 -1.457729892292330742e+00
3.883718780000547710e+00 -1.457991019553532830e+00
3.873136440000548575e+00 -1.458253575243437128e+00
3.862554100000549440e+00 -1.458517556031571738e+00
3.851971760000550304e+00 -1.458782956512265416e+00
3.841389420000551169e+00 -1.459049810512175194e+00
3.830807080000552034e+00 -1.459318100783141503e+00
3.820224740000552899e+00 -1.459587861198419656e+00
3.809642400000553764e+00 -1.459859076999944216e+00
3.799060060000554628e+00 -1.460131768883831782e+00
3.788477720000555493e+00 -1.460405936475383193e+00
3.777895380000556358e+00 -1.460681593130021660e+00
3.767313040000557223e+00 -1.460958748749144442e+00
3.756730700000558087e+00 -1.461237390126738367e+00
3.746148360000558952e+00 -1.461517550658873565e+00
3.735566020000559817e+00 -1.461799209821939893e+00
3.724983680000560682e+00 -1.462082400821965722e+00
3.714401340000561547e+00 -1.462367105192154515e+00
3.703819000000562411e+00 -1.462653355282420353e+00
3.693236660000563276e+00 -1.462941121419124357e+00
3.682654320000564141e+00 -1.463230427233154440e+00
3.672071980000565006e+00 -1.463521280552369852e+00
3.661489640000565871e+00 -1.463813663576104318e+00
3.650907300000566735e+00 -1.464107607965575708e+00
3.640324960000567600e+00 -1.464403088416753373e+00
3.629742620000568465e+00 -1.464700136063119773e+00
3.619160280000569330e+00 -1.464998727020856206e+00
3.608577940000570194e+00 -1.465298877219927576e+00
3.597995600000571059e+00 -1.465600579033820239e+00
3.587413260000571924e+00 -1.465903838144680948e+00
3.576830920000572789e+00 -1.466208658671265486e+00
3.566248580000573654e+00 -1.466515016237228242e+00
3.555666240000574518e+00 -1.466822938968358025e+00
3.545083900000575383e+00 -1.467132394809744333e+00
3.534501560000576248e+00 -1.467443410903526591e+00
3.523919220000577113e+00 -1.467755965609984115e+00
3.513336880000577978e+00 -1.468070040129190401e+00
3.502754540000578842e+00 -1.468385649755533207e+00
3.492172200000579707e+00 -1.468702783269807632e+00
3.481589860000580572e+00 -1.469021438931786827e+00
3.471007520000581437e+00 -1.469341583273596541e+00
3.460425180000582301e+00 -1.469663238514550496e+00
3.449842840000583166e+00 -1.469986363369292670e+00
3.439260500000584031e+00 -1.470310983621917034e+00
3.428678160000584896e+00 -1.470637052339746731e+00
3.418095820000585761e+00 -1.470964556971447346e+00
3.407513480000586625e+00 -1.471293508373973546e+00
3.396931140000587490e+00 -1.471623858870778179e+00
3.386348800000588355e+00 -1.471955624195354417e+00
3.375766460000589220e+00 -1.472288755237927571e+00
3.365184120000590084e+00 -1.472623249703520099e+00
3.354601780000590949e+00 -1.472959069696896162e+00
3.344019440000591814e+00 -1.473296234453399967e+00
3.333437100000592679e+00 -1.473634674600586170e+00
3.322854760000593544e+00 -1.473974358996066103e+00
3.312272420000594408e+00 -1.474315294495534223e+00
3.301690080000595273e+00 -1.474657419313711859e+00
3.291107740000596138e+00 -1.475000737553706420e+00
3.280525400000597003e+00 -1.475345184284287292e+00
3.269943060000597868e+00 -1.475690744573687097e+00
3.259360720000598732e+00 -1.476037372763046029e+00
3.248778380000599597e+00 -1.476385035096676290e+00
3.238196040000600462e+00 -1.476733701249734798e+00
3.227613700000601327e+00 -1.477083299267912153e+00
3.217031360000602191e+00 -1.477433821203686604e+00
3.206449020000603056e+00 -1.477785187432278935e+00
3.195866680000603921e+00 -1.478137386320884428e+00
3.185284340000604786e+00 -1.478490332987521860e+00
3.174702000000605651e+00 -1.478843994898644043e+00
3.164119660000606515e+00 -1.479198310931701954e+00
3.153537320000607380e+00 -1.479553221148352193e+00
3.142954980000608245e+00 -1.479908682516130281e+00
3.132372640000609110e+00 -1.480264598944472709e+00
3.121790300000609975e+00 -1.480620943094999031e+00
3.111207960000610839e+00 -1.480977613401154525e+00
3.100625620000611704e+00 -1.481334577778115058e+00
3.090043280000612569e+00 -1.481691728595827096e+00
3.079460940000613434e+00 -1.482049008514800814e+00
3.068878600000614298e+00 -1.482406334796869896e+00
3.058296260000615163e+00 -1.482763622471269471e+00
3.047713920000616028e+00 -1.483120804799871184e+00
3.037131580000616893e+00 -1.483477760721893191e+00
3.026549240000617758e+00 -1.483834437295173059e+00
3.015966900000618622e+00 -1.484190706589012088e+00
3.005384560000619487e+00 -1.484546510725706536e+00
2.994802220000620352e+00 -1.484901739552502375e+00
2.984219880000621217e+00 -1.485256244777570789e+00
2.973637540000622081e+00 -1.485609963751097551e+00
2.963055200000622946e+00 -1.485962770268947741e+00
2.952472860000623811e+00 -1.486314570942427249e+00
2.941890520000624676e+00 -1.486665210620961020e+00
2.931308180000625541e+00 -1.487014606705926889e+00
2.920725840000626405e+00 -1.487362600128011136e+00
2.910143500000627270e+00 -1.487709089989750266e+00
2.899561160000628135e+00 -1.488053948927904102e+00
2.888978820000629000e+00 -1.488396995171208159e+00
2.878396480000629865e+00 -1.488738132108002432e+00
2.867814140000630729e+00 -1.489077181102559155e+00
2.857231800000631594e+00 -1.489414031650248216e+00
2.846649460000632459e+00 -1.489748489858415015e+00
2.836067120000633324e+00 -1.490080440245839855e+00
2.825484780000634188e+00 -1.490409666203019068e+00
2.814902440000635053e+00 -1.490736044274157734e+00
2.804320100000635918e+00 -1.491059392509920922e+00
2.793737760000636783e+00 -1.491379504628993269e+00
2.783155420000637648e+00 -1.491696236487676686e+00
2.772573080000638512e+00 -1.492009369534118779e+00
2.761990740000639377e+00 -1.492318749478998896e+00
2.751408400000640242e+00 -1.492624137411747265e+00
2.740826060000641107e+00 -1.492925356021310490e+00
2.730243720000641972e+00 -1.493222189417826806e+00
2.719661380000642836e+00 -1.493514415346143043e+00
2.709079040000643701e+00 -1.493801840371563827e+00
2.698496700000644566e+00 -1.494084197352846477e+00
2.687914360000645431e+00 -1.494361290300699530e+00
2.677332020000646295e+00 -1.494632853039905562e+00
2.666749680000647160e+00 -1.494898676846358798e+00
2.656167340000648025e+00 -1.495158468725430900e+00
2.645585000000648890e+00 -1.495411999097466360e+00
2.635002660000649755e+00 -1.495659004889880128e+00
2.624420320000650619e+00 -1.495899184135212501e+00
2.613837980000651484e+00 -1.496132297442730685e+00
2.603255640000652349e+00 -1.496358017289265874e+00
2.592673300000653214e+00 -1.496576082208246339e+00
2.582090960000654078e+00 -1.496786167591964256e+00
2.571508620000654943e+00 -1.496987995577637509e+00
2.560926280000655808e+00 -1.497181206417449895e+00
2.550343940000656673e+00 -1.497365504090870880e+00
2.539761600000657538e+00 -1.497540542996188773e+00
2.529179260000658402e+00 -1.497705967499816992e+00
2.518596920000659267e+00 -1.497861455096716199e+00
2.508014580000660132e+00 -1.498006602389982733e+00
2.497432240000660997e+00 -1.498141063114700744e+00
2.486849900000661862e+00 -1.498264438424049105e+00
2.476267560000662726e+00 -1.498376360421742381e+00
2.465685220000663591e+00 -1.498476393225674830e+00
2.455102880000664456e+00 -1.498564127135296298e+00
2.444520540000665321e+00 -1.498639149620326627e+00
2.433938200000666185e+00 -1.498700999392911903e+00
2.423355860000667050e+00 -1.498749258267097151e+00
2.412773520000667915e+00 -1.498783424641279449e+00
2.402191180000668780e+00 -1.498803040067850256e+00
2.391608840000669645e+00 -1.498807608519194812e+00
2.381026500000670509e+00 -1.498796636102871060e+00
2.370444160000671374e+00 -1.498769593228361341e+00
2.359861820000672239e+00 -1.498725940567676274e+00
2.349279480000673104e+00 -1.498665134400408938e+00
2.338697140000673969e+00 -1.498586611520208445e+00
2.328114800000674833e+00 -1.498489801410125111e+00
2.317532460000675698e+00 -1.498374071519234407e+00
2.306950120000676563e+00 -1.498238842076541122e+00
2.296367780000677428e+00 -1.498083459200017620e+00
2.285785440000678292e+00 -1.497907258031797584e+00
2.275203100000679157e+00 -1.497709608852293872e+00
2.264620760000680022e+00 -1.497489786426901670e+00
2.254038420000680887e+00 -1.497247078207860405e+00
2.243456080000681752e+00 -1.496980769624463248e+00
2.232873740000682616e+00 -1.496690102469110606e+00
2.222291400000683481e+00 -1.496374272707159614e+00
2.211709060000684346e+00 -1.496032517779427140e+00
2.201126720000685211e+00 -1.495663996550373298e+00
2.190544380000686076e+00 -1.495267841595840252e+00
2.179962040000686940e+00 -1.494843216141562570e+00
2.169379700000687805e+00 -1.494389201136603562e+00
2.158797360000688670e+00 -1.493904850651852190e+00
2.148215020000689535e+00 -1.493389250797489742e+00
2.137632680000690399e+00 -1.492841404818768147e+00
2.127050340000691264e+00 -1.492260268279153035e+00
2.116468000000692129e+00 -1.491644845503266703e+00
2.105885660000692994e+00 -1.490994044355261838e+00
2.095303320000693859e+00 -1.490306738949611631e+00
2.084720980000694723e+00 -1.489581829409251101e+00
2.074138640000695588e+00 -1.488818140202543772e+00
2.063556300000696453e+00 -1.488014422011318505e+00
2.052973960000697318e+00 -1.487169504232634276e+00
2.042391620000698182e+00 -1.486282060327897891e+00
2.031809280000699047e+00 -1.485350776641241266e+00
2.021226940000699912e+00 -1.484374339733063985e+00
2.010644600000700777e+00 -1.483351336912073659e+00
2.000062260000701642e+00 -1.482280313097433577e+00
1.989479920000702506e+00 -1.481159832160455991e+00
1.978897580000703371e+00 -1.479988395325763761e+00
1.968315240000704236e+00 -1.478764367234083332e+00
1.957732900000705101e+00 -1.477486254778068719e+00
1.947150560000705966e+00 -1.476152325327517278e+00
1.936568220000706830e+00 -1.474760819289468117e+00
1.925985880000707695e+00 -1.473310226947709412e+00
1.915403540000708560e+00 -1.471798611625307451e+00
1.904821200000709425e+00 -1.470224126110120322e+00
1.894238860000710289e+00 -1.468584913371741685e+00
1.883656520000711154e+00 -1.466879075610736383e+00
1.873074180000712019e+00 -1.465104494793240564e+00
1.862491840000712884e+00 -1.463259280584596533e+00
1.851909500000713749e+00 -1.461341135814114400e+00
1.841327160000714613e+00 -1.459348095761533015e+00
1.830744820000715478e+00 -1.457277889717264241e+00
1.820162480000716343e+00 -1.455128111318865436e+00
1.809580140000717208e+00 -1.452896612022216649e+00
1.798997800000718073e+00 -1.450580819701615454e+00
1.788415460000718937e+00 -1.448178341477244224e+00
1.777833120000719802e+00 -1.445686670057142686e+00
1.767250780000720667e+00 -1.443103216113566845e+00
1.756668440000721532e+00 -1.440425147094760661e+00
1.746086100000722396e+00 -1.437649867552826644e+00
1.735503760000723261e+00 -1.434774627637691147e+00
1.724921420000724126e+00 -1.431796310962108576e+00
1.714339080000724991e+00 -1.428712218055881777e+00
1.703756740000725856e+00 -1.425519058952744889e+00
1.693174400000726720e+00 -1.422213830525482114e+00
1.682592060000727585e+00 -1.418793336214300371e+00
1.672009720000728450e+00 -1.415254243165068759e+00
1.661427380000729315e+00 -1.411593125910835411e+00
1.650845040000730179e+00 -1.407806509418386698e+00
1.640262700000731044e+00 -1.403890988486188984e+00
1.629680360000731909e+00 -1.399842573195000384e+00
1.619098020000732774e+00 -1.395657856819131792e+00
1.608515680000733639e+00 -1.391332621749336029e+00
1.597933340000734503e+00 -1.386863075466235662e+00
1.587351000000735368e+00 -1.382245121354707784e+00
1.576768660000736233e+00 -1.377474274462658022e+00
1.566186320000737098e+00 -1.372546625261321429e+00
1.555603980000737963e+00 -1.367457475430351455e+00
1.545021640000738827e+00 -1.362202482665811454e+00
1.534439300000739692e+00 -1.356776511064713864e+00
1.523856960000740557e+00 -1.351175192849481732e+00
1.513274620000741422e+00 -1.345393065427017198e+00
1.502692280000742286e+00 -1.339425265821730271e+00
1.492109940000743151e+00 -1.333266469576788404e+00
1.481527600000744016e+00 -1.326911183579639886e+00
1.470945260000744881e+00 -1.320353735706612852e+00
1.460362920000745746e+00 -1.313588286986053344e+00
1.449780580000746610e+00 -1.306609220450097864e+00
1.439198240000747475e+00 -1.299409785490752256e+00
1.428615900000748340e+00 -1.291984286819842787e+00
1.418033560000749205e+00 -1.284325542806629361e+00
1.407451220000750070e+00 -1.276427032672424966e+00
1.396868880000750934e+00 -1.268282205593566303e+00
1.386286540000751799e+00 -1.259883338942538122e+00
1.375704200000752664e+00 -1.251223110384528159e+00
1.365121860000753529e+00 -1.242293765921669069e+00
1.354539520000754393e+00 -1.233087880476375853e+00
1.343957180000755258e+00 -1.223596480889468818e+00
1.333374840000756123e+00 -1.213811984810375666e+00
1.322792500000756988e+00 -1.203725028701488897e+00
1.312210160000757853e+00 -1.193326304291124185e+00
1.301627820000758717e+00 -1.182607667032268273e+00
1.291045480000759582e+00 -1.171558297357008893e+00
1.280463140000760447e+00 -1.160169254569913821e+00
1.269880800000761312e+00 -1.148429264212556422e+00
1.259298460000762176e+00 -1.136328348690029078e+00
1.248716120000763041e+00 -1.123855388447812631e+00
1.238133780000763906e+00 -1.110999233660129537e+00
1.227551440000764771e+00 -1.097746616299050570e+00
1.216969100000765636e+00 -1.084087292628607591e+00
1.206386760000766500e+00 -1.070008602621915328e+00
1.195804420000767365e+00 -1.055496308467454458e+00
1.185222080000768230e+00 -1.040538287234715309e+00
1.174639740000769095e+00 -1.025119303509871793e+00
1.164057400000769960e+00 -1.009225836142651378e+00
1.153475060000770824e+00 -9.928427667292438752e-01
1.142892720000771689e+00 -9.759545784125307488e-01
1.132310380000772554e+00 -9.585451892153447062e-01
1.121728040000773419e+00 -9.405977417584585609e-01
1.111145700000774283e+00 -9.220961117789787664e-01
1.100563360000775148e+00 -9.030207963083058953e-01
1.089981020000776013e+00 -8.833549976037143869e-01
1.079398680000776878e+00 -8.630777193405998471e-01
1.068816340000777743e+00 -8.421700869549146873e-01
1.058234000000778607e+00 -8.206109611848150243e-01
