1.058234000000000030e+01 -1.214026674830273489e+00
1.057175766000000117e+01 -1.214087697482246986e+00
1.056117532000000203e+01 -1.214148846880184429e+00
1.055059298000000290e+01 -1.214210121420195687e+00
1.054001064000000376e+01 -1.214271516828069775e+00
1.052942830000000463e+01 -1.214333040014216714e+00
1.051884596000000549e+01 -1.214394685952123965e+00
1.050826362000000636e+01 -1.214456461588581782e+00
1.049768128000000722e+01 -1.214518358919528307e+00
1.048709894000000808e+01 -1.214580387053072918e+00
1.047651660000000895e+01 -1.214642538688095463e+00
1.046593426000000981e+01 -1.214704820547913400e+00
1.045535192000001068e+01 -1.214767231258382818e+00
1.044476958000001154e+01 -1.214829766255860477e+00
1.043418724000001241e+01 -1.214892432692991076e+00
1.042360490000001327e+01 -1.214955225243224302e+00
1.041302256000001414e+01 -1.215018151096728616e+00
1.040244022000001500e+01 -1.215081208701103144e+00
1.039185788000001587e+01 -1.215144390588892342e+00
1.038127554000001673e+01 -1.215207703095370517e+00
1.037069320000001760e+01 -1.215271149405276141e+00
1.036011086000001846e+01 -1.215334728225299976e+00
1.034952852000001933e+01 -1.215398434881131529e+00
1.033894618000002019e+01 -1.215462276666528840e+00
1.032836384000002106e+01 -1.215526248163175893e+00
1.031778150000002192e+01 -1.215590352760634429e+00
1.030719916000002279e+01 -1.215654597636572909e+00
1.029661682000002365e+01 -1.215718969510649394e+00
1.028603448000002452e+01 -1.215783478624344660e+00
1.027545214000002538e+01 -1.215848119507372704e+00
1.026486980000002625e+01 -1.215912899573019512e+00
1.025428746000002711e+01 -1.215977810533268144e+00
1.024370512000002797e+01 -1.216042861704734523e+00
1.023312278000002884e+01 -1.216108045697571249e+00
1.022254044000002970e+01 -1.216173369520813452e+00
1.021195810000003057e+01 -1.216238831731023762e+00
1.020137576000003143e+01 -1.216304427638977614e+00
1.019079342000003230e+01 -1.216370164628014727e+00
1.018021108000003316e+01 -1.216436037201755305e+00
1.016962874000003403e+01 -1.216502052922548316e+00
1.015904640000003489e+01 -1.216568203386101388e+00
1.014846406000003576e+01 -1.216634497995403574e+00
1.013788172000003662e+01 -1.216700929456837832e+00
1.012729938000003749e+01 -1.216767504500810393e+00
1.011671704000003835e+01 -1.216834222052613601e+00
1.010613470000003922e+01 -1.216901077142022558e+00
1.009555236000004008e+01 -1.216968077443377538e+00
1.008497002000004095e+01 -1.217035217293095162e+00
1.007438768000004181e+01 -1.217102504407233443e+00
1.006380534000004268e+01 -1.217169930262276267e+00
1.005322300000004354e+01 -1.217237507588365464e+00
1.004264066000004441e+01 -1.217305222625787220e+00
1.003205832000004527e+01 -1.217373085338806504e+00
1.002147598000004614e+01 -1.217441094743373586e+00
1.001089364000004700e+01 -1.217509245747986579e+00
1.000031130000004786e+01 -1.217577546184180015e+00
9.989728960000048730e+00 -1.217645990288132474e+00
9.979146620000049595e+00 -1.217714585934341009e+00
9.968564280000050459e+00 -1.217783324476892748e+00
9.957981940000051324e+00 -1.217852215500107693e+00
9.947399600000052189e+00 -1.217921251716622688e+00
9.936817260000053054e+00 -1.217990439862973506e+00
9.926234920000053918e+00 -1.218059779048628055e+00
9.915652580000054783e+00 -1.218129264057732364e+00
9.905070240000055648e+00 -1.218198902884015666e+00
9.894487900000056513e+00 -1.218268689660659376e+00
9.883905560000057378e+00 -1.218338632425805201e+00
9.873323220000058242e+00 -1.218408726148203947e+00
9.862740880000059107e+00 -1.218478969286250102e+00
9.852158540000059972e+00 -1.218549365777656934e+00
9.841576200000060837e+00 -1.218619918622179554e+00
9.830993860000061701e+00 -1.218690627026168816e+00
9.820411520000062566e+00 -1.218761485645960096e+00
9.809829180000063431e+00 -1.218832502642644755e+00
9.799246840000064296e+00 -1.218903672043925024e+00
9.788664500000065161e+00 -1.218974997869080923e+00
9.778082160000066025e+00 -1.219046487560107472e+00
9.767499820000066890e+00 -1.219118126992506657e+00
9.756917480000067755e+00 -1.219189927413447894e+00
9.746335140000068620e+00 -1.219261882790804385e+00
9.735752800000069485e+00 -1.219334001427510694e+00
9.725170460000070349e+00 -1.219406274349787100e+00
9.714588120000071214e+00 -1.219478711391964065e+00
9.704005780000072079e+00 -1.219551304972917638e+00
9.693423440000072944e+00 -1.219624066240811988e+00
9.682841100000073808e+00 -1.219696986678073358e+00
9.672258760000074673e+00 -1.219770064519943187e+00
9.661676420000075538e+00 -1.219843308198634180e+00
9.651094080000076403e+00 -1.219916711572202717e+00
9.640511740000077268e+00 -1.219990283120951702e+00
9.629929400000078132e+00 -1.220064013736605002e+00
9.619347060000078997e+00 -1.220137913357422388e+00
9.608764720000079862e+00 -1.220211974711898906e+00
9.598182380000080727e+00 -1.220286204552055498e+00
9.587600040000081592e+00 -1.220360602346985512e+00
9.577017700000082456e+00 -1.220435162410828500e+00
9.566435360000083321e+00 -1.220509893357438758e+00
9.555853020000084186e+00 -1.220584788932097542e+00
9.545270680000085051e+00 -1.220659857798265246e+00
9.534688340000085915e+00 -1.220735090709683224e+00
9.524106000000086780e+00 -1.220810497712057963e+00
9.513523660000087645e+00 -1.220886071539683648e+00
9.502941320000088510e+00 -1.220961818950204503e+00
9.492358980000089375e+00 -1.221037739521992904e+00
9.481776640000090239e+00 -1.221113827431831389e+00
9.471194300000091104e+00 -1.221190091481059614e+00
9.460611960000091969e+00 -1.221266525312973972e+00
9.450029620000092834e+00 -1.221343137810687818e+00
9.439447280000093699e+00 -1.221419919699586298e+00
9.428864940000094563e+00 -1.221496881496172193e+00
9.418282600000095428e+00 -1.221574017120734545e+00
9.407700260000096293e+00 -1.221651329188115032e+00
9.397117920000097158e+00 -1.221728816310438059e+00
9.386535580000098022e+00 -1.221806479577024707e+00
9.375953240000098887e+00 -1.221884324452276793e+00
9.365370900000099752e+00 -1.221962344453261018e+00
9.354788560000100617e+00 -1.222040548634561574e+00
9.344206220000101482e+00 -1.222118935232978654e+00
9.333623880000102346e+00 -1.222197495185458838e+00
9.323041540000103211e+00 -1.222276237258309584e+00
9.312459200000104076e+00 -1.222355165356922679e+00
9.301876860000104941e+00 -1.222434275383013524e+00
9.291294520000105805e+00 -1.222513560200276572e+00
9.280712180000106670e+00 -1.222593035654468085e+00
9.270129840000107535e+00 -1.222672691812943579e+00
9.259547500000108400e+00 -1.222752533453724144e+00
9.248965160000109265e+00 -1.222832568359459415e+00
9.238382820000110129e+00 -1.222912781483802114e+00
9.227800480000110994e+00 -1.222993185447685427e+00
9.217218140000111859e+00 -1.223073774156628879e+00
9.206635800000112724e+00 -1.223154553176178716e+00
9.196053460000113589e+00 -1.223235519787366332e+00
9.185471120000114453e+00 -1.223316675672513121e+00
9.174888780000115318e+00 -1.223398024602903256e+00
9.164306440000116183e+00 -1.223479563611595378e+00
9.153724100000117048e+00 -1.223561291039264365e+00
9.143141760000117912e+00 -1.223643210150166194e+00
9.132559420000118777e+00 -1.223725325933191055e+00
9.121977080000119642e+00 -1.223807631594494350e+00
9.111394740000120507e+00 -1.223890136743633228e+00
9.100812400000121372e+00 -1.223972831567676778e+00
9.090230060000122236e+00 -1.224055727007439032e+00
9.079647720000123101e+00 -1.224138816991833911e+00
9.069065380000123966e+00 -1.224222104229505614e+00
9.058483040000124831e+00 -1.224305587783404370e+00
9.047900700000125696e+00 -1.224389268093815542e+00
9.037318360000126560e+00 -1.224473151421879624e+00
9.026736020000127425e+00 -1.224557230836095023e+00
9.016153680000128290e+00 -1.224641516143523123e+00
9.005571340000129155e+00 -1.224725997294200397e+00
8.994989000000130019e+00 -1.224810689177368239e+00
8.984406660000130884e+00 -1.224895576805435926e+00
8.973824320000131749e+00 -1.224980672180130403e+00
8.963241980000132614e+00 -1.225065971528770170e+00
8.952659640000133479e+00 -1.225151467116632364e+00
8.942077300000134343e+00 -1.225237175787284638e+00
8.931494960000135208e+00 -1.225323087033962199e+00
8.920912620000136073e+00 -1.225409210887981937e+00
8.910330280000136938e+00 -1.225495537118830303e+00
8.899747940000137802e+00 -1.225582076636691831e+00
8.889165600000138667e+00 -1.225668822419133441e+00
8.878583260000139532e+00 -1.225755781886814777e+00
8.868000920000140397e+00 -1.225842951474713782e+00
8.857418580000141262e+00 -1.225930331692514752e+00
8.846836240000142126e+00 -1.226017923586434577e+00
8.836253900000142991e+00 -1.226105727277550628e+00
8.825671560000143856e+00 -1.226193750588840281e+00
8.815089220000144721e+00 -1.226281987355726688e+00
8.804506880000145586e+00 -1.226370435803664449e+00
8.793924540000146450e+00 -1.226459101506335303e+00
8.783342200000147315e+00 -1.226547987032181819e+00
8.772759860000148180e+00 -1.226637092926437411e+00
8.762177520000149045e+00 -1.226726412167105984e+00
8.751595180000149909e+00 -1.226815955200215580e+00
8.741012840000150774e+00 -1.226905714673876435e+00
8.730430500000151639e+00 -1.226995701100558112e+00
8.719848160000152504e+00 -1.227085908196893449e+00
8.709265820000153369e+00 -1.227176334167042970e+00
8.698683480000154233e+00 -1.227266988085762733e+00
8.688101140000155098e+00 -1.227357862520767728e+00
8.677518800000155963e+00 -1.227448968124955186e+00
8.666936460000156828e+00 -1.227540294202480897e+00
8.656354120000157693e+00 -1.227631851981033861e+00
8.645771780000158557e+00 -1.227723633433904116e+00
8.635189440000159422e+00 -1.227815652376706979e+00
8.624607100000160287e+00 -1.227907898215947480e+00
8.614024760000161152e+00 -1.228000368906460249e+00
8.603442420000162016e+00 -1.228093075291043945e+00
8.592860080000162881e+00 -1.228186009789565158e+00
8.582277740000163746e+00 -1.228279183315119649e+00
8.571695400000164611e+00 -1.228372584988809635e+00
8.561113060000165476e+00 -1.228466226194826483e+00
8.550530720000166340e+00 -1.228560099772703529e+00
8.539948380000167205e+00 -1.228654212584227245e+00
8.529366040000168070e+00 -1.228748565569651063e+00
8.518783700000168935e+00 -1.228843151241194143e+00
8.508201360000169799e+00 -1.228937980709035482e+00
8.497619020000170664e+00 -1.229033046241036153e+00
8.487036680000171529e+00 -1.229128359020308370e+00
8.476454340000172394e+00 -1.229223907979581476e+00
8.465872000000173259e+00 -1.229319704665879698e+00
8.455289660000174123e+00 -1.229415741935583561e+00
8.444707320000174988e+00 -1.229512026667137992e+00
8.434124980000175853e+00 -1.229608559966629322e+00
8.423542640000176718e+00 -1.229705334154517882e+00
8.412960300000177583e+00 -1.229802360618475365e+00
8.402377960000178447e+00 -1.229899631470190435e+00
8.391795620000179312e+00 -1.229997158173051996e+00
8.381213280000180177e+00 -1.230094929465977760e+00
8.370630940000181042e+00 -1.230192957065424419e+00
8.360048600000181906e+00 -1.230291233846205756e+00
8.349466260000182771e+00 -1.230389766705036081e+00
8.338883920000183636e+00 -1.230488556920770638e+00
8.328301580000184501e+00 -1.230587596616238066e+00
8.317719240000185366e+00 -1.230686897467579755e+00
8.307136900000186230e+00 -1.230786451425712080e+00
8.296554560000187095e+00 -1.230886281860879672e+00
8.285972220000187960e+00 -1.230986363957337071e+00
8.275389880000188825e+00 -1.231086697464259805e+00
8.264807540000189690e+00 -1.231187293781994097e+00
8.254225200000190554e+00 -1.231288154844768501e+00
8.243642860000191419e+00 -1.231389283162727999e+00
8.233060520000192284e+00 -1.231490669495571622e+00
8.222478180000193149e+00 -1.231592326815060590e+00
8.211895840000194013e+00 -1.231694245927056564e+00
8.201313500000194878e+00 -1.231796434414108576e+00
8.190731160000195743e+00 -1.231898908705609363e+00
8.180148820000196608e+00 -1.232001647421201884e+00
8.169566480000197473e+00 -1.232104645760368156e+00
8.158984140000198337e+00 -1.232207910956906405e+00
8.148401800000199202e+00 -1.232311470885138371e+00
8.137819460000200067e+00 -1.232415294809439565e+00
8.127237120000200932e+00 -1.232519390660640868e+00
8.116654780000201796e+00 -1.232623767691120031e+00
8.106072440000202661e+00 -1.232728412981822341e+00
8.095490100000203526e+00 -1.232833357401600383e+00
8.084907760000204391e+00 -1.232938564523775815e+00
8.074325420000205256e+00 -1.233044044077051593e+00
8.063743080000206120e+00 -1.233149816733775994e+00
8.053160740000206985e+00 -1.233255878097427649e+00
8.042578400000207850e+00 -1.233362215477482149e+00
8.031996060000208715e+00 -1.233468843968313244e+00
8.021413720000209580e+00 -1.233575757591333755e+00
8.010831380000210444e+00 -1.233682959331073192e+00
8.000249040000211309e+00 -1.233790454491066280e+00
7.989666700000212174e+00 -1.233898234930824289e+00
7.979084360000213039e+00 -1.234006310330362233e+00
7.968502020000213903e+00 -1.234114673565623210e+00
7.957919680000214768e+00 -1.234223337530579556e+00
7.947337340000215633e+00 -1.234332288534929933e+00
7.936755000000216498e+00 -1.234441543598179036e+00
7.926172660000217363e+00 -1.234551096285183114e+00
7.915590320000218227e+00 -1.234660945349995265e+00
7.905007980000219092e+00 -1.234771095168422539e+00
7.894425640000219957e+00 -1.234881543948332272e+00
7.883843300000220822e+00 -1.234992295575333188e+00
7.873260960000221687e+00 -1.235103348312231120e+00
7.862678620000222551e+00 -1.235214713038864653e+00
7.852096280000223416e+00 -1.235326377599176961e+00
7.841513940000224281e+00 -1.235438356883021838e+00
7.830931600000225146e+00 -1.235550638819319147e+00
7.820349260000226010e+00 -1.235663233593695676e+00
7.809766920000226875e+00 -1.235776142984120751e+00
7.799184580000227740e+00 -1.235889358118328785e+00
7.788602240000228605e+00 -1.236002892510234874e+00
7.778019900000229470e+00 -1.236116733346677377e+00
7.767437560000230334e+00 -1.236230901664735038e+00
7.756855220000231199e+00 -1.236345390292097335e+00
7.746272880000232064e+00 -1.236460184853910516e+00
7.735690540000232929e+00 -1.236575310187320698e+00
7.725108200000233794e+00 -1.236690751130353760e+00
7.714525860000234658e+00 -1.236806523413113590e+00
7.703943520000235523e+00 -1.236922618459261880e+00
7.693361180000236388e+00 -1.237039040170149207e+00
7.682778840000237253e+00 -1.237155784232919054e+00
7.672196500000238117e+00 -1.237272858842374257e+00
7.661614160000238982e+00 -1.237390267540405375e+00
7.651031820000239847e+00 -1.237508009053401414e+00
7.640449480000240712e+00 -1.237626083208868355e+00
7.629867140000241577e+00 -1.237744486732532456e+00
7.619284800000242441e+00 -1.237863233841558053e+00
7.608702460000243306e+00 -1.237982303908352177e+00
7.598120120000244171e+00 -1.238101725335640335e+00
7.587537780000245036e+00 -1.238221482038678323e+00
7.576955440000245900e+00 -1.238341600449450741e+00
7.566373100000246765e+00 -1.238462050603611253e+00
7.555790760000247630e+00 -1.238582838300076761e+00
7.545208420000248495e+00 -1.238703978058136590e+00
7.534626080000249360e+00 -1.238825460367471543e+00
7.524043740000250224e+00 -1.238947289502371429e+00
7.513461400000251089e+00 -1.239069472198728761e+00
7.502879060000251954e+00 -1.239192024177309559e+00
7.492296720000252819e+00 -1.239314915974072839e+00
7.481714380000253684e+00 -1.239438153258898723e+00
7.471132040000254548e+00 -1.239561763561235264e+00
7.460549700000255413e+00 -1.239685738337301224e+00
7.449967360000256278e+00 -1.239810066619149831e+00
7.439385020000257143e+00 -1.239934737050841118e+00
7.428802680000258007e+00 -1.240059807745552467e+00
7.418220340000258872e+00 -1.240185206163874732e+00
7.407638000000259737e+00 -1.240310992235155840e+00
7.397055660000260602e+00 -1.240437160184050480e+00
7.386473320000261467e+00 -1.240563666359255635e+00
7.375890980000262331e+00 -1.240690583879868081e+00
7.365308640000263196e+00 -1.240817849643625959e+00
7.354726300000264061e+00 -1.240945496605127873e+00
7.344143960000264926e+00 -1.241073494243295050e+00
7.333561620000265791e+00 -1.241201919902310102e+00
7.322979280000266655e+00 -1.241330675116884441e+00
7.312396940000267520e+00 -1.241459863243496331e+00
7.301814600000268385e+00 -1.241589409405605693e+00
7.291232260000269250e+00 -1.241719317582171689e+00
7.280649920000270114e+00 -1.241849668079670455e+00
7.270067580000270979e+00 -1.241980374673713694e+00
7.259485240000271844e+00 -1.242111450073067891e+00
7.248902900000272709e+00 -1.242242939627629994e+00
7.238320560000273574e+00 -1.242374832126642570e+00
7.227738220000274438e+00 -1.242507125379823663e+00
7.217155880000275303e+00 -1.242639804686026972e+00
7.206573540000276168e+00 -1.242772921185298918e+00
7.195991200000277033e+00 -1.242906407857208073e+00
7.185408860000277897e+00 -1.243040303380827716e+00
7.174826520000278762e+00 -1.243174596566584578e+00
7.164244180000279627e+00 -1.243309263550677279e+00
7.153661840000280492e+00 -1.243444414711060597e+00
7.143079500000281357e+00 -1.243579940049894805e+00
7.132497160000282221e+00 -1.243715888489412835e+00
7.121914820000283086e+00 -1.243852193691095565e+00
7.111332480000283951e+00 -1.243989016730645103e+00
7.100750140000284816e+00 -1.244126155566402714e+00
7.090167800000285681e+00 -1.244263773408937901e+00
7.079585460000286545e+00 -1.244401806114372233e+00
7.069003120000287410e+00 -1.244540271321904035e+00
7.058420780000288275e+00 -1.244679216854061687e+00
7.047838440000289140e+00 -1.244818541758569097e+00
7.037256100000290004e+00 -1.244958301049127192e+00
7.026673760000290869e+00 -1.245098485777195840e+00
7.016091420000291734e+00 -1.245239113150347299e+00
7.005509080000292599e+00 -1.245380172519802153e+00
6.994926740000293464e+00 -1.245521681240458589e+00
6.984344400000294328e+00 -1.245663623821884336e+00
6.973762060000295193e+00 -1.245806017925860099e+00
6.963179720000296058e+00 -1.245948855703556957e+00
6.952597380000296923e+00 -1.246092143159780230e+00
6.942015040000297788e+00 -1.246235887735381187e+00
6.931432700000298652e+00 -1.246380077232156935e+00
6.920850360000299517e+00 -1.246524729438793333e+00
6.910268020000300382e+00 -1.246669833499644664e+00
6.899685680000301247e+00 -1.246815407359472161e+00
6.889103340000302111e+00 -1.246961435124975592e+00
6.878521000000302976e+00 -1.247107942306270534e+00
6.867938660000303841e+00 -1.247254906817646170e+00
6.857356320000304706e+00 -1.247402341552890315e+00
6.846773980000305571e+00 -1.247550254748245768e+00
6.836191640000306435e+00 -1.247698633808723923e+00
6.825609300000307300e+00 -1.247847497141102657e+00
6.815026960000308165e+00 -1.247996833685844242e+00
6.804444620000309030e+00 -1.248146662016693886e+00
6.793862280000309894e+00 -1.248296965837226047e+00
6.783279940000310759e+00 -1.248447764438240570e+00
6.772697600000311624e+00 -1.248599049693123852e+00
6.762115260000312489e+00 -1.248750827286075227e+00
6.751532920000313354e+00 -1.248903106345038871e+00
6.740950580000314218e+00 -1.249055873855849708e+00
6.730368240000315083e+00 -1.249209148888071885e+00
6.719785900000315948e+00 -1.249362920183015868e+00
6.709203560000316813e+00 -1.249517206987317497e+00
6.698621220000317678e+00 -1.249671999912102871e+00
6.688038880000318542e+00 -1.249827297160847062e+00
6.677456540000319407e+00 -1.249983112500841376e+00
6.666874200000320272e+00 -1.250139444142333911e+00
6.656291860000321137e+00 -1.250296302077534394e+00
6.645709520000322001e+00 -1.250453675238383688e+00
6.635127180000322866e+00 -1.250611576430200156e+00
6.624544840000323731e+00 -1.250770001176476631e+00
6.613962500000324596e+00 -1.250928961294840214e+00
6.603380160000325461e+00 -1.251088483107390514e+00
6.592797820000326325e+00 -1.251248511867733004e+00
6.582215480000327190e+00 -1.251409088268380154e+00
6.571633140000328055e+00 -1.251570200792855081e+00
6.561050800000328920e+00 -1.251731869738372360e+00
6.550468460000329785e+00 -1.251894077904140090e+00
6.539886120000330649e+00 -1.252056846861533179e+00
6.529303780000331514e+00 -1.252220163923909002e+00
6.518721440000332379e+00 -1.252384055373960470e+00
6.508139100000333244e+00 -1.252548503988502482e+00
6.497556760000334108e+00 -1.252713507942532889e+00
6.486974420000334973e+00 -1.252879088233662896e+00
6.476392080000335838e+00 -1.253045233138724956e+00
6.465809740000336703e+00 -1.253211963833388287e+00
6.455227400000337568e+00 -1.253379262737460476e+00
6.444645060000338432e+00 -1.253547152359636652e+00
6.434062720000339297e+00 -1.253715624288874508e+00
6.423480380000340162e+00 -1.253884683976396408e+00
6.412898040000341027e+00 -1.254054343870593113e+00
6.402315700000341891e+00 -1.254224589611759866e+00
6.391733360000342756e+00 -1.254395443060378090e+00
6.381151020000343621e+00 -1.254566892335064132e+00
6.370568680000344486e+00 -1.254738959522956110e+00
6.359986340000345351e+00 -1.254911626571608707e+00
6.349404000000346215e+00 -1.255084917183282744e+00
6.338821660000347080e+00 -1.255258822869037116e+00
6.328239320000347945e+00 -1.255433349052707204e+00
6.317656980000348810e+00 -1.255608509297875486e+00
6.307074640000349675e+00 -1.255784288896736545e+00
6.296492300000350539e+00 -1.255960710616469855e+00
6.285909960000351404e+00 -1.256137762564878635e+00
6.275327620000352269e+00 -1.256315467616520909e+00
6.264745280000353134e+00 -1.256493807177315514e+00
6.254162940000353998e+00 -1.256672806518132068e+00
6.243580600000354863e+00 -1.256852456991384592e+00
6.232998260000355728e+00 -1.257032764029929250e+00
6.222415920000356593e+00 -1.257213742368259446e+00
6.211833580000357458e+00 -1.257395376948634569e+00
6.201251240000358322e+00 -1.257577691584248702e+00
6.190668900000359187e+00 -1.257760674138644008e+00
6.180086560000360052e+00 -1.257944348689660652e+00
6.169504220000360917e+00 -1.258128714371022694e+00
6.158921880000361782e+00 -1.258313752590065171e+00
6.148339540000362646e+00 -1.258499490721269654e+00
6.137757200000363511e+00 -1.258685925313071996e+00
6.127174860000364376e+00 -1.258873072299119933e+00
6.116592520000365241e+00 -1.259060916332809921e+00
6.106010180000366105e+00 -1.259249482471130221e+00
6.095427840000366970e+00 -1.259438758112869206e+00
6.084845500000367835e+00 -1.259628768833022328e+00
6.074263160000368700e+00 -1.259819504815985258e+00
6.063680820000369565e+00 -1.260010965472391442e+00
6.053098480000370429e+00 -1.260203173331227111e+00
6.042516140000371294e+00 -1.260396116126245802e+00
6.031933800000372159e+00 -1.260589819766096742e+00
6.021351460000373024e+00 -1.260784267068077558e+00
6.010769120000373889e+00 -1.260979482276943564e+00
6.000186780000374753e+00 -1.261175453003975822e+00
5.989604440000375618e+00 -1.261372203214945475e+00
5.979022100000376483e+00 -1.261569732738914151e+00
5.968439760000377348e+00 -1.261768031922326117e+00
5.957857420000378212e+00 -1.261967127610487571e+00
5.947275080000379077e+00 -1.262167007556035170e+00
5.936692740000379942e+00 -1.262367698847218112e+00
5.926110400000380807e+00 -1.262569182137150303e+00
5.915528060000381672e+00 -1.262771487025497130e+00
5.904945720000382536e+00 -1.262974605521740346e+00
5.894363380000383401e+00 -1.263178543547925914e+00
5.883781040000384266e+00 -1.263383320710709024e+00
5.873198700000385131e+00 -1.263588921033851786e+00
5.862616360000385995e+00 -1.263795372766109537e+00
5.852034020000386860e+00 -1.264002663601679233e+00
5.841451680000387725e+00 -1.264210822153051694e+00
5.830869340000388590e+00 -1.264419828848191596e+00
5.820287000000389455e+00 -1.264629725155731688e+00
5.809704660000390319e+00 -1.264840493656914422e+00
5.799122320000391184e+00 -1.265052129861190533e+00
5.788539980000392049e+00 -1.265264668771370227e+00
5.777957640000392914e+00 -1.265478087006418839e+00
5.767375300000393779e+00 -1.265692414347914907e+00
5.756792960000394643e+00 -1.265907645797546666e+00
5.746210620000395508e+00 -1.266123807890055186e+00
5.735628280000396373e+00 -1.266340880912894207e+00
5.725045940000397238e+00 -1.266558897789379357e+00
5.714463600000398102e+00 -1.266777851120703513e+00
5.703881260000398967e+00 -1.266997747533052721e+00
5.693298920000399832e+00 -1.267218609961881626e+00
5.682716580000400697e+00 -1.267440422192560368e+00
5.672134240000401562e+00 -1.267663217294597189e+00
5.661551900000402426e+00 -1.267886979949672366e+00
5.650969560000403291e+00 -1.268111744831287746e+00
5.640387220000404156e+00 -1.268337500821036912e+00
5.629804880000405021e+00 -1.268564250564135687e+00
5.619222540000405886e+00 -1.268792020408235244e+00
5.608640200000406750e+00 -1.269020803519153695e+00
5.598057860000407615e+00 -1.269250630379999301e+00
5.587475520000408480e+00 -1.269481481051491389e+00
5.576893180000409345e+00 -1.269713390543706577e+00
5.566310840000410209e+00 -1.269946345979051427e+00
5.555728500000411074e+00 -1.270180380288403299e+00
5.545146160000411939e+00 -1.270415487691087364e+00
5.534563820000412804e+00 -1.270651667839835852e+00
5.523981480000413669e+00 -1.270888952469480859e+00
5.513399140000414533e+00 -1.271127329662185002e+00
5.502816800000415398e+00 -1.271366834282036118e+00
5.492234460000416263e+00 -1.271607446643926664e+00
5.481652120000417128e+00 -1.271849204504624353e+00
5.471069780000417992e+00 -1.272092093592591677e+00
5.460487440000418857e+00 -1.272336158791250948e+00
5.449905100000419722e+00 -1.272581379481198205e+00
5.439322760000420587e+00 -1.272827759640617451e+00
5.428740420000421452e+00 -1.273075335782542394e+00
5.418158080000422316e+00 -1.273324096214916157e+00
5.407575740000423181e+00 -1.273574077964807039e+00
5.396993400000424046e+00 -1.273825261496295047e+00
5.386411060000424911e+00 -1.274077686746057925e+00
5.375828720000425776e+00 -1.274331348552645293e+00
5.365246380000426640e+00 -1.274586255723001660e+00
5.354664040000427505e+00 -1.274842438453177795e+00
5.344081700000428370e+00 -1.275099884150466156e+00
5.333499360000429235e+00 -1.275358625014988867e+00
5.322917020000430099e+00 -1.275618652958054211e+00
5.312334680000430964e+00 -1.275880007377625969e+00
5.301752340000431829e+00 -1.276142668984991069e+00
5.291170000000432694e+00 -1.276406680057346144e+00
5.280587660000433559e+00 -1.276672036326196524e+00
5.270005320000434423e+00 -1.276938747506096927e+00
5.259422980000435288e+00 -1.277206846190573453e+00
5.248840640000436153e+00 -1.277476316767004239e+00
5.238258300000437018e+00 -1.277747200625790613e+00
5.227675960000437883e+00 -1.278019486699646157e+00
5.217093620000438747e+00 -1.278293216983882541e+00
5.206511280000439612e+00 -1.278568372544931053e+00
5.195928940000440477e+00 -1.278844998171588365e+00
5.185346600000441342e+00 -1.279123090636049787e+00
5.174764260000442206e+00 -1.279402660710331707e+00
5.164181920000443071e+00 -1.279683743559876241e+00
5.153599580000443936e+00 -1.279966323984491616e+00
5.143017240000444801e+00 -1.280250446167925826e+00
5.132434900000445666e+00 -1.280536099445728437e+00
5.121852560000446530e+00 -1.280823328657573201e+00
5.111270220000447395e+00 -1.281112143105426870e+00
5.100687880000448260e+00 -1.281402521030303943e+00
5.090105540000449125e+00 -1.281694515682085367e+00
5.079523200000449989e+00 -1.281988125258375355e+00
5.068940860000450854e+00 -1.282283387683038400e+00
5.058358520000451719e+00 -1.282580288291852444e+00
5.047776180000452584e+00 -1.282878874327205709e+00
5.037193840000453449e+00 -1.283179135589608277e+00
5.026611500000454313e+00 -1.283481119461052256e+00
5.016029160000455178e+00 -1.283784824176332107e+00
5.005446820000456043e+00 -1.284090255259861424e+00
4.994864480000456908e+00 -1.284397458744367615e+00
4.984282140000457773e+00 -1.284706424715618134e+00
4.973699800000458637e+00 -1.285017202980853535e+00
4.963117460000459502e+00 -1.285329776083960596e+00
4.952535120000460367e+00 -1.285644196081808799e+00
4.941952780000461232e+00 -1.285960451834432972e+00
4.931370440000462096e+00 -1.286278591626867529e+00
4.920788100000462961e+00 -1.286598624035255600e+00
4.910205760000463826e+00 -1.286920546857527103e+00
4.899623420000464691e+00 -1.287244412663000936e+00
4.889041080000465556e+00 -1.287570210405724946e+00
4.878458740000466420e+00 -1.287897996875524642e+00
4.867876400000467285e+00 -1.288227753749004334e+00
4.857294060000468150e+00 -1.288559537989498960e+00
4.846711720000469015e+00 -1.288893348088637980e+00
4.836129380000469880e+00 -1.289229201684923609e+00
4.825547040000470744e+00 -1.289567144758496209e+00
4.814964700000471609e+00 -1.289907164574833676e+00
4.804382360000472474e+00 -1.290249317595782319e+00
4.793800020000473339e+00 -1.290593595095155921e+00
4.783217680000474203e+00 -1.290940054345064425e+00
4.772635340000475068e+00 -1.291288679765038028e+00
4.762053000000475933e+00 -1.291639547581389769e+00
4.751470660000476798e+00 -1.291992626108704245e+00
4.740888320000477663e+00 -1.292347951703833431e+00
4.730305980000478527e+00 -1.292705573243959849e+00
4.719723640000479392e+00 -1.293065479174461796e+00
4.709141300000480257e+00 -1.293427730127923780e+00
4.698558960000481122e+00 -1.293792318063721414e+00
4.687976620000481986e+00 -1.294159304553429424e+00
4.677394280000482851e+00 -1.294528675154571484e+00
4.666811940000483716e+00 -1.294900492221155108e+00
4.656229600000484581e+00 -1.295274761692878140e+00
4.645647260000485446e+00 -1.295651503653704628e+00
4.635064920000486310e+00 -1.296030779014347711e+00
4.624482580000487175e+00 -1.296412562593668660e+00
4.613900240000488040e+00 -1.296796926774666403e+00
4.603317900000488905e+00 -1.297183864260552211e+00
4.592735560000489770e+00 -1.297573441285000184e+00
4.582153220000490634e+00 -1.297965662276055365e+00
4.571570880000491499e+00 -1.298360540981234656e+00
4.560988540000492364e+00 -1.298758138256334904e+00
4.550406200000493229e+00 -1.299158459114478026e+00
4.539823860000494093e+00 -1.299561560665238424e+00
4.529241520000494958e+00 -1.299967434131779953e+00
4.518659180000495823e+00 -1.300376149641919943e+00
4.508076840000496688e+00 -1.300787700719918893e+00
4.497494500000497553e+00 -1.301202159348848975e+00
4.486912160000498417e+00 -1.301619530284728432e+00
4.476329820000499282e+00 -1.302039831048407370e+00
4.465747480000500147e+00 -1.302463131194357970e+00
4.455165140000501012e+00 -1.302889424651760164e+00
4.444582800000501877e+00 -1.303318788126232697e+00
4.434000460000502741e+00 -1.303751220362171503e+00
4.423418120000503606e+00 -1.304186754452868247e+00
4.412835780000504471e+00 -1.304625425492763835e+00
4.402253440000505336e+00 -1.305067323241478006e+00
4.391671100000506200e+00 -1.305512416034224854e+00
4.381088760000507065e+00 -1.305960735650526505e+00
4.370506420000507930e+00 -1.306412360913293824e+00
4.359924080000508795e+00 -1.306867286535368322e+00
4.349341740000509660e+00 -1.307325592534740899e+00
4.338759400000510524e+00 -1.307787284991241306e+00
4.328177060000511389e+00 -1.308252396836218745e+00
4.317594720000512254e+00 -1.308720973083285166e+00
4.307012380000513119e+00 -1.309193073636512716e+00
4.296430040000513984e+00 -1.309668721971906979e+00
4.285847700000514848e+00 -1.310147928840006637e+00
4.275265360000515713e+00 -1.310630779025060200e+00
4.264683020000516578e+00 -1.311117268006235959e+00
4.254100680000517443e+00 -1.311607481917607787e+00
4.243518340000518307e+00 -1.312101429548098386e+00
4.232936000000519172e+00 -1.312599146324099797e+00
4.222353660000520037e+00 -1.313100682788747031e+00
4.211771320000520902e+00 -1.313606101901671153e+00
4.201188980000521767e+00 -1.314115430446378907e+00
4.190606640000522631e+00 -1.314628681849997927e+00
4.180024300000523496e+00 -1.315145947402131643e+00
4.169441960000524361e+00 -1.315667223125239094e+00
4.158859620000525226e+00 -1.316192601619492031e+00
4.148277280000526090e+00 -1.316722094505357932e+00
4.137694940000526955e+00 -1.317255739620422972e+00
4.127112600000527820e+00 -1.317793591499238248e+00
4.116530260000528685e+00 -1.318335719741327461e+00
4.105947920000529550e+00 -1.318882152658414242e+00
4.095365580000530414e+00 -1.319432906491434077e+00
4.084783240000531279e+00 -1.319988079238221479e+00
4.074200900000532144e+00 -1.320547667192786045e+00
4.063618560000533009e+00 -1.321111769660380020e+00
4.053036220000533874e+00 -1.321680434301884643e+00
4.042453880000534738e+00 -1.322253642542865926e+00
4.031871540000535603e+00 -1.322831473057714202e+00
4.021289200000536468e+00 -1.323414006813476762e+00
4.010706860000537333e+00 -1.324001274192347033e+00
4.000124520000538197e+00 -1.324593294169927216e+00
3.989542180000539062e+00 -1.325190171582311782e+00
3.978959840000539927e+00 -1.325791902509332321e+00
3.968377500000540792e+00 -1.326398614924845676e+00
3.957795160000541657e+00 -1.327010266352208756e+00
3.947212820000542521e+00 -1.327626946228893434e+00
3.936630480000543386e+00 -1.328248740924467874e+00
3.926048140000544251e+00 -1.328875645930418514e+00
3.915465800000545116e+00 -1.329507771346339684e+00
3.904883460000545981e+00 -1.330145135558838732e+00
3.894301120000546845e+00 -1.330787780829964850e+00
3.883718780000547710e+00 -1.331435771526867207e+00
3.873136440000548575e+00 -1.332089197712713613e+00
3.862554100000549440e+00 -1.332748084433529323e+00
3.851971760000550304e+00 -1.333412455477597236e+00
3.841389420000551169e+00 -1.334082426661428400e+00
3.830807080000552034e+00 -1.334757992017041373e+00
3.820224740000552899e+00 -1.335439267729337853e+00
3.809642400000553764e+00 -1.336126273533327025e+00
3.799060060000554628e+00 -1.336819053278792246e+00
3.788477720000555493e+00 -1.337517686609603684e+00
3.777895380000556358e+00 -1.338222232332872519e+00
3.767313040000557223e+00 -1.338932749981731840e+00
3.756730700000558087e+00 -1.339649254252063049e+00
3.746148360000558952e+00 -1.340371866103606147e+00
3.735566020000559817e+00 -1.341100576524799415e+00
3.724983680000560682e+00 -1.341835507255127569e+00
3.714401340000561547e+00 -1.342576657717138078e+00
3.703819000000562411e+00 -1.343324170824512054e+00
3.693236660000563276e+00 -1.344077983267079723e+00
3.682654320000564141e+00 -1.344838242167346820e+00
3.672071980000565006e+00 -1.345604977519467615e+00
3.661489640000565871e+00 -1.346378213231623322e+00
3.650907300000566735e+00 -1.347158074864328370e+00
3.640324960000567600e+00 -1.347944548357037364e+00
3.629742620000568465e+00 -1.348737759622054222e+00
3.619160280000569330e+00 -1.349537698254863249e+00
3.608577940000570194e+00 -1.350344495011502888e+00
3.597995600000571059e+00 -1.351158163540874479e+00
3.587413260000571924e+00 -1.351978732611029299e+00
3.576830920000572789e+00 -1.352806320853679578e+00
3.566248580000573654e+00 -1.353640919277265375e+00
3.555666240000574518e+00 -1.354482656119583739e+00
3.545083900000575383e+00 -1.355331509572929027e+00
3.534501560000576248e+00 -1.356187607614921964e+00
3.523919220000577113e+00 -1.357050975254934899e+00
3.513336880000577978e+00 -1.357921621883806829e+00
3.502754540000578842e+00 -1.358799675023456555e+00
3.492172200000579707e+00 -1.359685124445282556e+00
3.481589860000580572e+00 -1.360578080703553683e+00
3.471007520000581437e+00 -1.361478530430144662e+00
3.460425180000582301e+00 -1.362386601772599626e+00
3.449842840000583166e+00 -1.363302261668566828e+00
3.439260500000584031e+00 -1.364225664656213866e+00
3.428678160000584896e+00 -1.365156747706438356e+00
3.418095820000585761e+00 -1.366095591489451921e+00
3.407513480000586625e+00 -1.367042301485543732e+00
3.396931140000587490e+00 -1.367996836532589855e+00
3.386348800000588355e+00 -1.368959321513497862e+00
3.375766460000589220e+00 -1.369929750815793046e+00
3.365184120000590084e+00 -1.370908175367151927e+00
3.354601780000590949e+00 -1.371894619805457127e+00
3.344019440000591814e+00 -1.372889238088959907e+00
3.333437100000592679e+00 -1.373891919558409391e+00
3.322854760000593544e+00 -1.374902719183286104e+00
3.312272420000594408e+00 -1.375921757087479547e+00
3.301690080000595273e+00 -1.376948973566649137e+00
3.291107740000596138e+00 -1.377984485847817853e+00
3.280525400000597003e+00 -1.379028275660785452e+00
3.269943060000597868e+00 -1.380080376711471102e+00
3.259360720000598732e+00 -1.381140818548883376e+00
3.248778380000599597e+00 -1.382209644145305116e+00
3.238196040000600462e+00 -1.383286869470990998e+00
3.227613700000601327e+00 -1.384372469569517428e+00
3.217031360000602191e+00 -1.385466552570958187e+00
3.206449020000603056e+00 -1.386569034262254085e+00
3.195866680000603921e+00 -1.387680018337489329e+00
3.185284340000604786e+00 -1.388799468606972232e+00
3.174702000000605651e+00 -1.389927393705332026e+00
3.164119660000606515e+00 -1.391063808925970369e+00
3.153537320000607380e+00 -1.392208733019370204e+00
3.142954980000608245e+00 -1.393362160046771603e+00
3.132372640000609110e+00 -1.394524042091857208e+00
3.121790300000609975e+00 -1.395694468360590079e+00
3.111207960000610839e+00 -1.396873323087232555e+00
3.100625620000611704e+00 -1.398060689155566694e+00
3.090043280000612569e+00 -1.399256512008590025e+00
3.079460940000613434e+00 -1.400460751765196354e+00
3.068878600000614298e+00 -1.401673409302628848e+00
3.058296260000615163e+00 -1.402894486307781685e+00
3.047713920000616028e+00 -1.404123933367092514e+00
3.037131580000616893e+00 -1.405361669090497312e+00
3.026549240000617758e+00 -1.406607759781847378e+00
3.015966900000618622e+00 -1.407862049871467125e+00
3.005384560000619487e+00 -1.409124592497181361e+00
2.994802220000620352e+00 -1.410395378367639729e+00
2.984219880000621217e+00 -1.411674155481014159e+00
2.973637540000622081e+00 -1.412960999988161825e+00
2.963055200000622946e+00 -1.414255864733253487e+00
2.952472860000623811e+00 -1.415558646515758356e+00
2.941890520000624676e+00 -1.416869238687186838e+00
2.931308180000625541e+00 -1.418187664571290751e+00
2.920725840000626405e+00 -1.419513718949613867e+00
2.910143500000627270e+00 -1.420847388657343835e+00
2.899561160000628135e+00 -1.422188638885961032e+00
2.888978820000629000e+00 -1.423537208868001391e+00
2.878396480000629865e+00 -1.424893143462502954e+00
2.867814140000630729e+00 -1.426256204771823466e+00
2.857231800000631594e+00 -1.427626376323047896e+00
2.846649460000632459e+00 -1.429003505668591911e+00
2.836067120000633324e+00 -1.430387419151291306e+00
2.825484780000634188e+00 -1.431777990770235487e+00
2.814902440000635053e+00 -1.433175158715260356e+00
2.804320100000635918e+00 -1.434578677956470649e+00
2.793737760000636783e+00 -1.435988376753397189e+00
2.783155420000637648e+00 -1.437404191085801308e+00
2.772573080000638512e+00 -1.438825812609648036e+00
2.761990740000639377e+00 -1.440253159202866007e+00
2.751408400000640242e+00 -1.441686027821057925e+00
2.740826060000641107e+00 -1.443124127817502211e+00
2.730243720000641972e+00 -1.444567308136939676e+00
2.719661380000642836e+00 -1.446015412495586849e+00
2.709079040000643701e+00 -1.447468115461825855e+00
2.698496700000644566e+00 -1.448925171219498154e+00
2.687914360000645431e+00 -1.450386431912148222e+00
2.677332020000646295e+00 -1.451851498218449388e+00
2.666749680000647160e+00 -1.453320197401303471e+00
2.656167340000648025e+00 -1.454792235782915277e+00
2.645585000000648890e+00 -1.456267241630460729e+00
2.635002660000649755e+00 -1.457745021666466023e+00
2.624420320000650619e+00 -1.459225163053973207e+00
2.613837980000651484e+00 -1.460707317483479928e+00
2.603255640000652349e+00 -1.462191131491596074e+00
2.592673300000653214e+00 -1.463676338179717096e+00
2.582090960000654078e+00 -1.465162414825334602e+00
2.571508620000654943e+00 -1.466649058754363466e+00
2.560926280000655808e+00 -1.468135867231750602e+00
2.550343940000656673e+00 -1.469622296103266335e+00
2.539761600000657538e+00 -1.471107959015593103e+00
2.529179260000658402e+00 -1.472592454120789318e+00
2.518596920000659267e+00 -1.474075169418124664e+00
2.508014580000660132e+00 -1.475555612810619976e+00
2.497432240000660997e+00 -1.477033338853793065e+00
2.486849900000661862e+00 -1.478507644706934521e+00
2.476267560000662726e+00 -1.479978029857164978e+00
2.465685220000663591e+00 -1.481443909900482581e+00
2.455102880000664456e+00 -1.482904520936091819e+00
2.444520540000665321e+00 -1.484359278112051150e+00
2.433938200000666185e+00 -1.485807481179636014e+00
2.423355860000667050e+00 -1.487248324310135539e+00
2.412773520000667915e+00 -1.488681052365347757e+00
2.402191180000668780e+00 -1.490104928565179510e+00
2.391608840000669645e+00 -1.491518957424610381e+00
2.381026500000670509e+00 -1.492922355621950858e+00
2.370444160000671374e+00 -1.494314078559604742e+00
2.359861820000672239e+00 -1.495693138274396983e+00
2.349279480000673104e+00 -1.497058555007108271e+00
2.338697140000673969e+00 -1.498409071938172410e+00
2.328114800000674833e+00 -1.499743556860866800e+00
2.317532460000675698e+00 -1.501060796435032207e+00
2.306950120000676563e+00 -1.502359351173361279e+00
2.296367780000677428e+00 -1.503637800700195370e+00
2.285785440000678292e+00 -1.504894730302460237e+00
2.275203100000679157e+00 -1.506128223588413917e+00
2.264620760000680022e+00 -1.507336634868509995e+00
2.254038420000680887e+00 -1.508518060602493494e+00
2.243456080000681752e+00 -1.509670260215391746e+00
2.232873740000682616e+00 -1.510790928466673400e+00
2.222291400000683481e+00 -1.511877578030236924e+00
2.211709060000684346e+00 -1.512927178618126201e+00
2.201126720000685211e+00 -1.513936475260823755e+00
2.190544380000686076e+00 -1.514901698876674585e+00
2.179962040000686940e+00 -1.515818157281413114e+00
2.169379700000687805e+00 -1.516680396515050822e+00
2.158797360000688670e+00 -1.517481143015013467e+00
2.148215020000689535e+00 -1.518209964542390988e+00
2.137632680000690399e+00 -1.518849138452872616e+00
