1.058234000000000030e+01 -8.084503553500780315e-01
1.057175766000000117e+01 -8.085221181789717937e-01
1.056117532000000203e+01 -8.085940282494082920e-01
1.055059298000000290e+01 -8.086660783474678427e-01
1.054001064000000376e+01 -8.087382785827178511e-01
1.052942830000000463e+01 -8.088106179336801427e-01
1.051884596000000549e+01 -8.088831088586415641e-01
1.050826362000000636e+01 -8.089557402965300570e-01
1.049768128000000722e+01 -8.090285187247697740e-01
1.048709894000000808e+01 -8.091014479815620275e-01
1.047651660000000895e+01 -8.091745210596900106e-01
1.046593426000000981e+01 -8.092477449787517374e-01
1.045535192000001068e+01 -8.093211130327818692e-01
1.044476958000001154e+01 -8.093946353138340433e-01
1.043418724000001241e+01 -8.094683007139219511e-01
1.042360490000001327e+01 -8.095421217134818326e-01
1.041302256000001414e+01 -8.096160871639598300e-01
1.040244022000001500e+01 -8.096902158080140355e-01
1.039185788000001587e+01 -8.097644883319855547e-01
1.038127554000001673e+01 -8.098389077143760550e-01
1.037069320000001760e+01 -8.099134820342680507e-01
1.036011086000001846e+01 -8.099882045674097197e-01
1.034952852000001933e+01 -8.100630855683200737e-01
1.033894618000002019e+01 -8.101381137322180015e-01
1.032836384000002106e+01 -8.102133017790361658e-01
1.031778150000002192e+01 -8.102886394594698283e-01
1.030719916000002279e+01 -8.103641291798459045e-01
1.029661682000002365e+01 -8.104397813432701048e-01
1.028603448000002452e+01 -8.105155829817439761e-01
1.027545214000002538e+01 -8.105915469512937621e-01
1.026486980000002625e+01 -8.106676617933078477e-01
1.025428746000002711e+01 -8.107439344019616856e-01
1.024370512000002797e+01 -8.108203685695637430e-01
1.023312278000002884e+01 -8.108969619634597281e-01
1.022254044000002970e+01 -8.109737076709299108e-01
1.021195810000003057e+01 -8.110506128939000137e-01
1.020137576000003143e+01 -8.111276836395958645e-01
1.019079342000003230e+01 -8.112049080028401749e-01
1.018021108000003316e+01 -8.112822992322120674e-01
1.016962874000003403e+01 -8.113598456630318756e-01
1.015904640000003489e+01 -8.114375543612858399e-01
1.014846406000003576e+01 -8.115154291011158483e-01
1.013788172000003662e+01 -8.115934629081077434e-01
1.012729938000003749e+01 -8.116716628345620466e-01
1.011671704000003835e+01 -8.117500221085237611e-01
1.010613470000003922e+01 -8.118285514224917732e-01
1.009555236000004008e+01 -8.119072389447622440e-01
1.008497002000004095e+01 -8.119860980397496375e-01
1.007438768000004181e+01 -8.120651168312421619e-01
1.006380534000004268e+01 -8.121443025624158762e-01
1.005322300000004354e+01 -8.122236730758117806e-01
1.004264066000004441e+01 -8.123031932636420871e-01
1.003205832000004527e+01 -8.123828842460417698e-01
1.002147598000004614e+01 -8.124627392321500663e-01
1.001089364000004700e+01 -8.125427690951300130e-01
1.000031130000004786e+01 -8.126229617871999489e-01
9.989728960000048730e+00 -8.127033309386458848e-01
9.979146620000049595e+00 -8.127838644559001180e-01
9.968564280000050459e+00 -8.128645697647377544e-01
9.957981940000051324e+00 -8.129454506023298110e-01
9.947399600000052189e+00 -8.130265000161559508e-01
9.936817260000053054e+00 -8.131077250804640277e-01
9.926234920000053918e+00 -8.131891189851881974e-01
9.915652580000054783e+00 -8.132706927898957217e-01
9.905070240000055648e+00 -8.133524342249461858e-01
9.894487900000056513e+00 -8.134343571943017936e-01
9.883905560000057378e+00 -8.135164493814258657e-01
9.873323220000058242e+00 -8.135987170406059343e-01
9.862740880000059107e+00 -8.136811679692638188e-01
9.852158540000059972e+00 -8.137637911481178099e-01
9.841576200000060837e+00 -8.138465950229359924e-01
9.830993860000061701e+00 -8.139295727645380341e-01
9.820411520000062566e+00 -8.140127356245300261e-01
9.809829180000063431e+00 -8.140960711053598642e-01
9.799246840000064296e+00 -8.141795933933216878e-01
9.788664500000065161e+00 -8.142632913562576347e-01
9.778082160000066025e+00 -8.143471671406280477e-01
9.767499820000066890e+00 -8.144312329489818980e-01
9.756917480000067755e+00 -8.145154742359120847e-01
9.746335140000068620e+00 -8.145999053482678720e-01
9.735752800000069485e+00 -8.146845136101158458e-01
9.725170460000070349e+00 -8.147693069401559240e-01
9.714588120000071214e+00 -8.148542890277078454e-01
9.704005780000072079e+00 -8.149394579289001017e-01
9.693423440000072944e+00 -8.150248209732499083e-01
9.682841100000073808e+00 -8.151103559594959913e-01
9.672258760000074673e+00 -8.151960845930580346e-01
9.661676420000075538e+00 -8.152819940091456941e-01
9.651094080000076403e+00 -8.153680988507739924e-01
9.640511740000077268e+00 -8.154543862027897605e-01
9.629929400000078132e+00 -8.155408641877880394e-01
9.619347060000078997e+00 -8.156275364762058944e-01
9.608764720000079862e+00 -8.157143961619998107e-01
9.598182380000080727e+00 -8.158014503658340688e-01
9.587600040000081592e+00 -8.158886922086635574e-01
9.577017700000082456e+00 -8.159761334617040562e-01
9.566435360000083321e+00 -8.160637610156457056e-01
9.555853020000084186e+00 -8.161515898189418694e-01
9.545270680000085051e+00 -8.162396067105001096e-01
9.534688340000085915e+00 -8.163278200235558613e-01
9.524106000000086780e+00 -8.164162334095116380e-01
9.513523660000087645e+00 -8.165048399774418320e-01
9.502941320000088510e+00 -8.165936468630660139e-01
9.492358980000089375e+00 -8.166826471676357224e-01
9.481776640000090239e+00 -8.167718528775776976e-01
9.471194300000091104e+00 -8.168612506321216715e-01
9.460611960000091969e+00 -8.169508556950179079e-01
9.450029620000092834e+00 -8.170406546523215630e-01
9.439447280000093699e+00 -8.171306560547578757e-01
9.428864940000094563e+00 -8.172208635346919214e-01
9.418282600000095428e+00 -8.173112702172539157e-01
9.407700260000096293e+00 -8.174018832542341295e-01
9.397117920000097158e+00 -8.174926957271618777e-01
9.386535580000098022e+00 -8.175837198447079013e-01
9.375953240000098887e+00 -8.176749419876260250e-01
9.365370900000099752e+00 -8.177663777450160376e-01
9.354788560000100617e+00 -8.178580134429397352e-01
9.344206220000101482e+00 -8.179498724404056231e-01
9.333623880000102346e+00 -8.180419309427696684e-01
9.323041540000103211e+00 -8.181341931946258805e-01
9.312459200000104076e+00 -8.182266680870918796e-01
9.301876860000104941e+00 -8.183193486818741702e-01
9.291294520000105805e+00 -8.184122474173719519e-01
9.280712180000106670e+00 -8.185053504083775744e-01
9.270129840000107535e+00 -8.185986735801519254e-01
9.259547500000108400e+00 -8.186922047772159372e-01
9.248965160000109265e+00 -8.187859458551657310e-01
9.238382820000110129e+00 -8.188799111485597360e-01
9.227800480000110994e+00 -8.189740842712079916e-01
9.217218140000111859e+00 -8.190684813396397201e-01
9.206635800000112724e+00 -8.191630882605699382e-01
9.196053460000113589e+00 -8.192579141741159754e-01
9.185471120000114453e+00 -8.193529626639081132e-01
9.174888780000115318e+00 -8.194482322599540014e-01
9.164306440000116183e+00 -8.195437140837779078e-01
9.153724100000117048e+00 -8.196394172426700875e-01
9.143141760000117912e+00 -8.197353491890900790e-01
9.132559420000118777e+00 -8.198314956088817995e-01
9.121977080000119642e+00 -8.199278729722919712e-01
9.111394740000120507e+00 -8.200244669062598524e-01
9.100812400000121372e+00 -8.201212867956616526e-01
9.090230060000122236e+00 -8.202183362051796989e-01
9.079647720000123101e+00 -8.203156083261698983e-01
9.069065380000123966e+00 -8.204131103766899580e-01
9.058483040000124831e+00 -8.205108353679760880e-01
9.047900700000125696e+00 -8.206087963615819048e-01
9.037318360000126560e+00 -8.207069787571378283e-01
9.026736020000127425e+00 -8.208053993904461665e-01
9.016153680000128290e+00 -8.209040436006257435e-01
9.005571340000129155e+00 -8.210029210256283294e-01
8.994989000000130019e+00 -8.211020528077020986e-01
8.984406660000130884e+00 -8.212013970084238723e-01
8.973824320000131749e+00 -8.213009784224657439e-01
8.963241980000132614e+00 -8.214007900414018737e-01
8.952659640000133479e+00 -8.215008451857838123e-01
8.942077300000134343e+00 -8.216011289607819679e-01
8.931494960000135208e+00 -8.217016585799378214e-01
8.920912620000136073e+00 -8.218024190861398237e-01
8.910330280000136938e+00 -8.219034203793701421e-01
8.899747940000137802e+00 -8.220046659867880079e-01
8.889165600000138667e+00 -8.221061491441518099e-01
8.878583260000139532e+00 -8.222078771141402287e-01
8.868000920000140397e+00 -8.223098428687499739e-01
8.857418580000141262e+00 -8.224120599967940093e-01
8.846836240000142126e+00 -8.225145132999199804e-01
8.836253900000142991e+00 -8.226172203828200358e-01
8.825671560000143856e+00 -8.227201659830739588e-01
8.815089220000144721e+00 -8.228233581201077618e-01
8.804506880000145586e+00 -8.229268067583458413e-01
8.793924540000146450e+00 -8.230304987022817320e-01
8.783342200000147315e+00 -8.231344433910577907e-01
8.772759860000148180e+00 -8.232386337772757967e-01
8.762177520000149045e+00 -8.233430837275080849e-01
8.751595180000149909e+00 -8.234477777309777702e-01
8.741012840000150774e+00 -8.235527337970020012e-01
8.730430500000151639e+00 -8.236579363486978833e-01
8.719848160000152504e+00 -8.237633936009459701e-01
8.709265820000153369e+00 -8.238691157570997570e-01
8.698683480000154233e+00 -8.239750864941300934e-01
8.688101140000155098e+00 -8.240813240523420236e-01
8.677518800000155963e+00 -8.241878126760099343e-01
8.666936460000156828e+00 -8.242945629783356987e-01
8.656354120000157693e+00 -8.244015784394717050e-01
8.645771780000158557e+00 -8.245088581747578305e-01
8.635189440000159422e+00 -8.246164111656179019e-01
8.624607100000160287e+00 -8.247242096359258534e-01
8.614024760000161152e+00 -8.248322811375580210e-01
8.603442420000162016e+00 -8.249406096546957334e-01
8.592860080000162881e+00 -8.250492138547856902e-01
8.582277740000163746e+00 -8.251580776527217553e-01
8.571695400000164611e+00 -8.252672119589160582e-01
8.561113060000165476e+00 -8.253766202357680770e-01
8.550530720000166340e+00 -8.254862958140317675e-01
8.539948380000167205e+00 -8.255962460515539059e-01
8.529366040000168070e+00 -8.257064638525500877e-01
8.518783700000168935e+00 -8.258169638404236901e-01
8.508201360000169799e+00 -8.259277296618300346e-01
8.497619020000170664e+00 -8.260387804268461975e-01
8.487036680000171529e+00 -8.261500997107859012e-01
8.476454340000172394e+00 -8.262616987323597728e-01
8.465872000000173259e+00 -8.263735809365541085e-01
8.455289660000174123e+00 -8.264857396851456039e-01
8.444707320000174988e+00 -8.265981823670059958e-01
8.434124980000175853e+00 -8.267109018679857924e-01
8.423542640000176718e+00 -8.268239131275317844e-01
8.412960300000177583e+00 -8.269371994442621387e-01
8.402377960000178447e+00 -8.270507803870820185e-01
8.391795620000179312e+00 -8.271646391810517640e-01
8.381213280000180177e+00 -8.272787873649357637e-01
8.370630940000181042e+00 -8.273932283667259080e-01
8.360048600000181906e+00 -8.275079555813197318e-01
8.349466260000182771e+00 -8.276229764307977410e-01
8.338883920000183636e+00 -8.277382837832280016e-01
8.328301580000184501e+00 -8.278538929058042450e-01
8.317719240000185366e+00 -8.279697867385037435e-01
8.307136900000186230e+00 -8.280859853257876990e-01
8.296554560000187095e+00 -8.282024715317918284e-01
8.285972220000187960e+00 -8.283192752970998107e-01
8.275389880000188825e+00 -8.284363666133196524e-01
8.264807540000189690e+00 -8.285537515946058695e-01
8.254225200000190554e+00 -8.286714403651196381e-01
8.243642860000191419e+00 -8.287894257756098781e-01
8.233060520000192284e+00 -8.289077234338999567e-01
8.222478180000193149e+00 -8.290263159096540324e-01
8.211895840000194013e+00 -8.291452237410680270e-01
8.201313500000194878e+00 -8.292644321778960270e-01
8.190731160000195743e+00 -8.293839423907399810e-01
8.180148820000196608e+00 -8.295037743608698610e-01
8.169566480000197473e+00 -8.296239069697799451e-01
8.158984140000198337e+00 -8.297443610378398837e-01
8.148401800000199202e+00 -8.298651188443599835e-01
8.137819460000200067e+00 -8.299861928025998870e-01
8.127237120000200932e+00 -8.301075863000743071e-01
8.116654780000201796e+00 -8.302292991874880013e-01
8.106072440000202661e+00 -8.303513199022303226e-01
8.095490100000203526e+00 -8.304736603497899772e-01
8.084907760000204391e+00 -8.305963303341697967e-01
8.074325420000205256e+00 -8.307193118258103803e-01
8.063743080000206120e+00 -8.308426261679997538e-01
8.053160740000206985e+00 -8.309662552488604748e-01
8.042578400000207850e+00 -8.310902118479599476e-01
8.031996060000208715e+00 -8.312144993383502323e-01
8.021413720000209580e+00 -8.313391112527399596e-01
8.010831380000210444e+00 -8.314640551511900401e-01
8.000249040000211309e+00 -8.315893238433800239e-01
7.989666700000212174e+00 -8.317149338693399230e-01
7.979084360000213039e+00 -8.318408667981000981e-01
7.968502020000213903e+00 -8.319671445164199541e-01
7.957919680000214768e+00 -8.320937485085697638e-01
7.947337340000215633e+00 -8.322206919349102172e-01
7.936755000000216498e+00 -8.323479781551503809e-01
7.926172660000217363e+00 -8.324756234089401019e-01
7.915590320000218227e+00 -8.326035900385997390e-01
7.905007980000219092e+00 -8.327318934406400253e-01
7.894425640000219957e+00 -8.328605505462602920e-01
7.883843300000220822e+00 -8.329895425100999340e-01
7.873260960000221687e+00 -8.331188917836601648e-01
7.862678620000222551e+00 -8.332485794340400709e-01
7.852096280000223416e+00 -8.333786190181800002e-01
7.841513940000224281e+00 -8.335090138832101925e-01
7.830931600000225146e+00 -8.336397576553804534e-01
7.820349260000226010e+00 -8.337708579887099791e-01
7.809766920000226875e+00 -8.339023076648095500e-01
7.799184580000227740e+00 -8.340341240218701602e-01
7.788602240000228605e+00 -8.341662877866600212e-01
7.778019900000229470e+00 -8.342988219976399389e-01
7.767437560000230334e+00 -8.344317072913498556e-01
7.756855220000231199e+00 -8.345649543470863296e-01
7.746272880000232064e+00 -8.346985763716601170e-01
7.735690540000232929e+00 -8.348325571723684835e-01
7.725108200000233794e+00 -8.349669077457708699e-01
7.714525860000234658e+00 -8.351016208610719804e-01
7.703943520000235523e+00 -8.352367142804311140e-01
7.693361180000236388e+00 -8.353721682885544286e-01
7.682778840000237253e+00 -8.355080065349071994e-01
7.672196500000238117e+00 -8.356442126128084125e-01
7.661614160000238982e+00 -8.357807872990261622e-01
7.651031820000239847e+00 -8.359177543755502704e-01
7.640449480000240712e+00 -8.360550896511294017e-01
7.629867140000241577e+00 -8.361928171253474318e-01
7.619284800000242441e+00 -8.363309167355659213e-01
7.608702460000243306e+00 -8.364694031283190778e-01
7.598120120000244171e+00 -8.366082796250235987e-01
7.587537780000245036e+00 -8.367475470172780483e-01
7.576955440000245900e+00 -8.368872168238531417e-01
7.566373100000246765e+00 -8.370272533445493046e-01
7.555790760000247630e+00 -8.371676927416338287e-01
7.545208420000248495e+00 -8.373085145825260867e-01
7.534626080000249360e+00 -8.374497435170555892e-01
7.524043740000250224e+00 -8.375913590140224851e-01
7.513461400000251089e+00 -8.377333761788383626e-01
7.502879060000251954e+00 -8.378757983257175690e-01
7.492296720000252819e+00 -8.380186192833180003e-01
7.481714380000253684e+00 -8.381618469092307899e-01
7.471132040000254548e+00 -8.383054739482936890e-01
7.460549700000255413e+00 -8.384495193298415749e-01
7.449967360000256278e+00 -8.385939621399369770e-01
7.439385020000257143e+00 -8.387388277060328079e-01
7.428802680000258007e+00 -8.388840950125109330e-01
7.418220340000258872e+00 -8.390297796434185162e-01
7.407638000000259737e+00 -8.391758849078077009e-01
7.397055660000260602e+00 -8.393224047013404521e-01
7.386473320000261467e+00 -8.394693469485868809e-01
7.375890980000262331e+00 -8.396167043879941838e-01
7.365308640000263196e+00 -8.397644964414502367e-01
7.354726300000264061e+00 -8.399127016973679805e-01
7.344143960000264926e+00 -8.400613461894627099e-01
7.333561620000265791e+00 -8.402104084011708940e-01
7.322979280000266655e+00 -8.403599044162044507e-01
7.312396940000267520e+00 -8.405098375406796496e-01
7.301814600000268385e+00 -8.406602017422799555e-01
7.291232260000269250e+00 -8.408110050175430228e-01
7.280649920000270114e+00 -8.409622401009657633e-01
7.270067580000270979e+00 -8.411139269287631892e-01
7.259485240000271844e+00 -8.412660435743499754e-01
7.248902900000272709e+00 -8.414186168085653339e-01
7.238320560000273574e+00 -8.415716245960700448e-01
7.227738220000274438e+00 -8.417251067407649501e-01
7.217155880000275303e+00 -8.418790242885672015e-01
7.206573540000276168e+00 -8.420333862908455647e-01
7.195991200000277033e+00 -8.421882048778865926e-01
7.185408860000277897e+00 -8.423434727823699841e-01
7.174826520000278762e+00 -8.424992104781037217e-01
7.164244180000279627e+00 -8.426553955057198841e-01
7.153661840000280492e+00 -8.428120554054281399e-01
7.143079500000281357e+00 -8.429691717993073041e-01
7.132497160000282221e+00 -8.431267450451060963e-01
7.121914820000283086e+00 -8.432848036687481397e-01
7.111332480000283951e+00 -8.434433197650252900e-01
7.100750140000284816e+00 -8.436023213153336364e-01
7.090167800000285681e+00 -8.437617854419177110e-01
7.079585460000286545e+00 -8.439217296113199485e-01
7.069003120000287410e+00 -8.440821571332987050e-01
7.058420780000288275e+00 -8.442430700306802205e-01
7.047838440000289140e+00 -8.444044529756331574e-01
7.037256100000290004e+00 -8.445663222386778912e-01
7.026673760000290869e+00 -8.447286913349929538e-01
7.016091420000291734e+00 -8.448915369386933438e-01
7.005509080000292599e+00 -8.450548878551695786e-01
6.994926740000293464e+00 -8.452187206397385744e-01
6.984344400000294328e+00 -8.453830533453199347e-01
6.973762060000295193e+00 -8.455478892887933196e-01
6.963179720000296058e+00 -8.457132227415620207e-01
6.952597380000296923e+00 -8.458790620047472730e-01
6.942015040000297788e+00 -8.460453998204069403e-01
6.931432700000298652e+00 -8.462122581520996611e-01
6.920850360000299517e+00 -8.463796130921763528e-01
6.910268020000300382e+00 -8.465474943062476498e-01
6.899685680000301247e+00 -8.467158777636789591e-01
6.889103340000302111e+00 -8.468847821307126100e-01
6.878521000000302976e+00 -8.470542408265053780e-01
6.867938660000303841e+00 -8.472241881340552005e-01
6.857356320000304706e+00 -8.473946624549382189e-01
6.846773980000305571e+00 -8.475656565406377574e-01
6.836191640000306435e+00 -8.477371929880856971e-01
6.825609300000307300e+00 -8.479092472857134855e-01
6.815026960000308165e+00 -8.480818500005957716e-01
6.804444620000309030e+00 -8.482549764938487336e-01
6.793862280000309894e+00 -8.484286460755194881e-01
6.783279940000310759e+00 -8.486028620889367602e-01
6.772697600000311624e+00 -8.487776190151781197e-01
6.762115260000312489e+00 -8.489529253666708852e-01
6.751532920000313354e+00 -8.491287739092064912e-01
6.740950580000314218e+00 -8.493051879031439100e-01
6.730368240000315083e+00 -8.494821422122162957e-01
6.719785900000315948e+00 -8.496596683461523636e-01
6.709203560000316813e+00 -8.498377410369259977e-01
6.698621220000317678e+00 -8.500163752595026878e-01
6.688038880000318542e+00 -8.501955894064248120e-01
6.677456540000319407e+00 -8.503753630472477010e-01
6.666874200000320272e+00 -8.505557098226067536e-01
6.656291860000321137e+00 -8.507366225171880680e-01
6.645709520000322001e+00 -8.509181250876326486e-01
6.635127180000322866e+00 -8.511001917501580527e-01
6.624544840000323731e+00 -8.512828550026765306e-01
6.613962500000324596e+00 -8.514660941082401457e-01
6.603380160000325461e+00 -8.516499090017858320e-01
6.592797820000326325e+00 -8.518343342434396837e-01
6.582215480000327190e+00 -8.520193373884501487e-01
6.571633140000328055e+00 -8.522049515044343160e-01
6.561050800000328920e+00 -8.523911502980956456e-01
6.550468460000329785e+00 -8.525779548717051792e-01
6.539886120000330649e+00 -8.527653686300343816e-01
6.529303780000331514e+00 -8.529533952468915103e-01
6.518721440000332379e+00 -8.531420504443332220e-01
6.508139100000333244e+00 -8.533312867644624600e-01
6.497556760000334108e+00 -8.535211538417915023e-01
6.486974420000334973e+00 -8.537116248366984905e-01
6.476392080000335838e+00 -8.539027338812066326e-01
6.465809740000336703e+00 -8.540944539911685673e-01
6.455227400000337568e+00 -8.542868070349385334e-01
6.444645060000338432e+00 -8.544797964517072408e-01
6.434062720000339297e+00 -8.546734171872215624e-01
6.423480380000340162e+00 -8.548676782207249580e-01
6.412898040000341027e+00 -8.550625724109224279e-01
6.402315700000341891e+00 -8.552581256599547377e-01
6.391733360000342756e+00 -8.554543104173194523e-01
6.381151020000343621e+00 -8.556511619327544782e-01
6.370568680000344486e+00 -8.558486525057782401e-01
6.359986340000345351e+00 -8.560468048102511940e-01
6.349404000000346215e+00 -8.562456223272880695e-01
6.338821660000347080e+00 -8.564451001584911793e-01
6.328239320000347945e+00 -8.566452474403258854e-01
6.317656980000348810e+00 -8.568460570722191694e-01
6.307074640000349675e+00 -8.570475557893535434e-01
6.296492300000350539e+00 -8.572497153035678608e-01
6.285909960000351404e+00 -8.574525720388104233e-01
6.275327620000352269e+00 -8.576560975516234198e-01
6.264745280000353134e+00 -8.578603153641757295e-01
6.254162940000353998e+00 -8.580652290071251187e-01
6.243580600000354863e+00 -8.582708337514729502e-01
6.232998260000355728e+00 -8.584771389038969858e-01
6.222415920000356593e+00 -8.586841374125697701e-01
6.211833580000357458e+00 -8.588918568905765660e-01
6.201251240000358322e+00 -8.591002682838202453e-01
6.190668900000359187e+00 -8.593094092517867821e-01
6.180086560000360052e+00 -8.595192505793748383e-01
6.169504220000360917e+00 -8.597298478678974121e-01
6.158921880000361782e+00 -8.599411486847563513e-01
6.148339540000362646e+00 -8.601531671026994008e-01
6.137757200000363511e+00 -8.603659188327090757e-01
6.127174860000364376e+00 -8.605793968806514371e-01
6.116592520000365241e+00 -8.607936297850182772e-01
6.106010180000366105e+00 -8.610085876970295926e-01
6.095427840000366970e+00 -8.612243095762968093e-01
6.084845500000367835e+00 -8.614407654069042852e-01
6.074263160000368700e+00 -8.616579740772367657e-01
6.063680820000369565e+00 -8.618759586590819533e-01
6.053098480000370429e+00 -8.620946875427164535e-01
6.042516140000371294e+00 -8.623142004397694738e-01
6.031933800000372159e+00 -8.625344668760738243e-01
6.021351460000373024e+00 -8.627555127580792682e-01
6.010769120000373889e+00 -8.629773417858506157e-01
6.000186780000374753e+00 -8.631999599147349711e-01
5.989604440000375618e+00 -8.634233464067240238e-01
5.979022100000376483e+00 -8.636475249267514531e-01
5.968439760000377348e+00 -8.638725153735740125e-01
5.957857420000378212e+00 -8.640982866012243413e-01
5.947275080000379077e+00 -8.643248797307532261e-01
5.936692740000379942e+00 -8.645522634386197947e-01
5.926110400000380807e+00 -8.647804646591974453e-01
5.915528060000381672e+00 -8.650094871772966432e-01
5.904945720000382536e+00 -8.652393269926420549e-01
5.894363380000383401e+00 -8.654699941444388145e-01
5.883781040000384266e+00 -8.657014818341957074e-01
5.873198700000385131e+00 -8.659338212082775543e-01
5.862616360000385995e+00 -8.661669802437756971e-01
5.852034020000386860e+00 -8.664010015508376572e-01
5.841451680000387725e+00 -8.666358529224872376e-01
5.830869340000388590e+00 -8.668715623787897062e-01
5.820287000000389455e+00 -8.671081338035990793e-01
5.809704660000390319e+00 -8.673456056236448219e-01
5.799122320000391184e+00 -8.675839039192019264e-01
5.788539980000392049e+00 -8.678230640184670941e-01
5.777957640000392914e+00 -8.680631181920650530e-01
5.767375300000393779e+00 -8.683040335064049486e-01
5.756792960000394643e+00 -8.685458541434382118e-01
5.746210620000395508e+00 -8.687885469775074032e-01
5.735628280000396373e+00 -8.690321411788872741e-01
5.725045940000397238e+00 -8.692766407420855490e-01
5.714463600000398102e+00 -8.695220421822431600e-01
5.703881260000398967e+00 -8.697683560571511929e-01
5.693298920000399832e+00 -8.700155757784953092e-01
5.682716580000400697e+00 -8.702637348125106254e-01
5.672134240000401562e+00 -8.705127992737957676e-01
5.661551900000402426e+00 -8.707628150067272532e-01
5.650969560000403291e+00 -8.710137479282700212e-01
5.640387220000404156e+00 -8.712656206404190140e-01
5.629804880000405021e+00 -8.715184606238739473e-01
5.619222540000405886e+00 -8.717722413264438197e-01
5.608640200000406750e+00 -8.720269813861690755e-01
5.598057860000407615e+00 -8.722826743401053129e-01
5.587475520000408480e+00 -8.725393549198072751e-01
5.576893180000409345e+00 -8.727969882514164945e-01
5.566310840000410209e+00 -8.730556219337299861e-01
5.555728500000411074e+00 -8.733152077380015310e-01
5.545146160000411939e+00 -8.735758086814076062e-01
5.534563820000412804e+00 -8.738374139225943971e-01
5.523981480000413669e+00 -8.740999996094618307e-01
5.513399140000414533e+00 -8.743636143601372090e-01
5.502816800000415398e+00 -8.746282225262560495e-01
5.492234460000416263e+00 -8.748938565310685478e-01
5.481652120000417128e+00 -8.751605207297654676e-01
5.471069780000417992e+00 -8.754282243255855356e-01
5.460487440000418857e+00 -8.756969907434813960e-01
5.449905100000419722e+00 -8.759667541221101139e-01
5.439322760000420587e+00 -8.762375869812311091e-01
5.428740420000421452e+00 -8.765094528236780924e-01
5.418158080000422316e+00 -8.767824021845783689e-01
5.407575740000423181e+00 -8.770563983508560257e-01
5.396993400000424046e+00 -8.773314751645311382e-01
5.386411060000424911e+00 -8.776076371475285409e-01
5.375828720000425776e+00 -8.778848819705553641e-01
5.365246380000426640e+00 -8.781632213442511770e-01
5.354664040000427505e+00 -8.784426492090857685e-01
5.344081700000428370e+00 -8.787232038796242151e-01
5.333499360000429235e+00 -8.790048477613570110e-01
5.322917020000430099e+00 -8.792876334212822442e-01
5.312334680000430964e+00 -8.795715230242603377e-01
5.301752340000431829e+00 -8.798565519137588886e-01
5.291170000000432694e+00 -8.801427247994887404e-01
5.280587660000433559e+00 -8.804300397387938570e-01
5.270005320000434423e+00 -8.807185088273399298e-01
5.259422980000435288e+00 -8.810081261928537355e-01
5.248840640000436153e+00 -8.812989317065715866e-01
5.238258300000437018e+00 -8.815908866208101990e-01
5.227675960000437883e+00 -8.818840456381289439e-01
5.217093620000438747e+00 -8.821783697668629243e-01
5.206511280000439612e+00 -8.824738959400426630e-01
5.195928940000440477e+00 -8.827706290633527964e-01
5.185346600000441342e+00 -8.830685676042917542e-01
5.174764260000442206e+00 -8.833677240839321598e-01
5.164181920000443071e+00 -8.836680928360214349e-01
5.153599580000443936e+00 -8.839697153640189153e-01
5.143017240000444801e+00 -8.842725517035381344e-01
5.132434900000445666e+00 -8.845766588425725274e-01
5.121852560000446530e+00 -8.848819965643988095e-01
5.111270220000447395e+00 -8.851886480870432283e-01
5.100687880000448260e+00 -8.854965393853306832e-01
5.090105540000449125e+00 -8.858056940506077170e-01
5.079523200000449989e+00 -8.861161348884591948e-01
5.068940860000450854e+00 -8.864278564442282793e-01
5.058358520000451719e+00 -8.867409019941836501e-01
5.047776180000452584e+00 -8.870552302627199293e-01
5.037193840000453449e+00 -8.873709006465198001e-01
5.026611500000454313e+00 -8.876878559553869064e-01
5.016029160000455178e+00 -8.880061732732448254e-01
5.005446820000456043e+00 -8.883258418800872303e-01
4.994864480000456908e+00 -8.886468335202832858e-01
4.984282140000457773e+00 -8.889692089861187529e-01
4.973699800000458637e+00 -8.892929260050952411e-01
4.963117460000459502e+00 -8.896180259626853548e-01
4.952535120000460367e+00 -8.899445143744437736e-01
4.941952780000461232e+00 -8.902724050329960948e-01
4.931370440000462096e+00 -8.906016690876693565e-01
4.920788100000462961e+00 -8.909323439896608132e-01
4.910205760000463826e+00 -8.912644616879803472e-01
4.899623420000464691e+00 -8.915979787928476341e-01
4.889041080000465556e+00 -8.919329586686443045e-01
4.878458740000466420e+00 -8.922693576209650423e-01
4.867876400000467285e+00 -8.926072189574392191e-01
4.857294060000468150e+00 -8.929465484326937208e-01
4.846711720000469015e+00 -8.932873461272107241e-01
4.836129380000469880e+00 -8.936296262387546374e-01
4.825547040000470744e+00 -8.939733838383672193e-01
4.814964700000471609e+00 -8.943186671217462358e-01
4.804382360000472474e+00 -8.946654310930586274e-01
4.793800020000473339e+00 -8.950137419398533911e-01
4.783217680000474203e+00 -8.953635543302773669e-01
4.772635340000475068e+00 -8.957149136782485144e-01
4.762053000000475933e+00 -8.960678886138846444e-01
4.751470660000476798e+00 -8.964223545532209458e-01
4.740888320000477663e+00 -8.967783885686193557e-01
4.730305980000478527e+00 -8.971359860215133430e-01
4.719723640000479392e+00 -8.974951970686955161e-01
4.709141300000480257e+00 -8.978559751683021783e-01
4.698558960000481122e+00 -8.982183892614694631e-01
4.687976620000481986e+00 -8.985823924480773606e-01
4.677394280000482851e+00 -8.989480321040934641e-01
4.666811940000483716e+00 -8.993153144182592929e-01
4.656229600000484581e+00 -8.996842403641628350e-01
4.645647260000485446e+00 -9.000548251259378185e-01
4.635064920000486310e+00 -9.004270640646843127e-01
4.624482580000487175e+00 -9.008010096290941515e-01
4.613900240000488040e+00 -9.011766133260459277e-01
4.603317900000488905e+00 -9.015539471707010311e-01
4.592735560000489770e+00 -9.019329623142171570e-01
4.582153220000490634e+00 -9.023136956595396718e-01
4.571570880000491499e+00 -9.026961915300746320e-01
4.560988540000492364e+00 -9.030804133328202976e-01
4.550406200000493229e+00 -9.034663892122902773e-01
4.539823860000494093e+00 -9.038541146866454490e-01
4.529241520000494958e+00 -9.042436443379022748e-01
4.518659180000495823e+00 -9.046349276720334620e-01
4.508076840000496688e+00 -9.050280397712675562e-01
4.497494500000497553e+00 -9.054229105339639538e-01
4.486912160000498417e+00 -9.058196358773746848e-01
4.476329820000499282e+00 -9.062182045816689069e-01
4.465747480000500147e+00 -9.066185816740367498e-01
4.455165140000501012e+00 -9.070208439785943932e-01
4.444582800000501877e+00 -9.074249392475359777e-01
4.434000460000502741e+00 -9.078309205231935852e-01
4.423418120000503606e+00 -9.082387939258833587e-01
4.412835780000504471e+00 -9.086485787362281741e-01
4.402253440000505336e+00 -9.090603121194306135e-01
4.391671100000506200e+00 -9.094738951418270823e-01
4.381088760000507065e+00 -9.098894414557190391e-01
4.370506420000507930e+00 -9.103068967895358021e-01
4.359924080000508795e+00 -9.107263411245565266e-01
4.349341740000509660e+00 -9.111477196070137952e-01
4.338759400000510524e+00 -9.115710874532650942e-01
4.328177060000511389e+00 -9.119964504684663353e-01
4.317594720000512254e+00 -9.124238106295798900e-01
4.307012380000513119e+00 -9.128531839009556004e-01
4.296430040000513984e+00 -9.132845651514303054e-01
4.285847700000514848e+00 -9.137180145546164312e-01
4.275265360000515713e+00 -9.141534748940522981e-01
4.264683020000516578e+00 -9.145910292809288356e-01
4.254100680000517443e+00 -9.150306198067268415e-01
4.243518340000518307e+00 -9.154723037620853265e-01
4.232936000000519172e+00 -9.159160863221216253e-01
4.222353660000520037e+00 -9.163619692492999125e-01
4.211771320000520902e+00 -9.168099682560085784e-01
4.201188980000521767e+00 -9.172600774297211546e-01
4.190606640000522631e+00 -9.177123589435205453e-01
4.180024300000523496e+00 -9.181667520838167063e-01
4.169441960000524361e+00 -9.186233429787953320e-01
4.158859620000525226e+00 -9.190820700779243069e-01
4.148277280000526090e+00 -9.195429925526881210e-01
4.137694940000526955e+00 -9.200061145025969500e-01
4.127112600000527820e+00 -9.204714370766891030e-01
4.116530260000528685e+00 -9.209389753023409231e-01
4.105947920000529550e+00 -9.214087220118758470e-01
4.095365580000530414e+00 -9.218807411030898180e-01
4.084783240000531279e+00 -9.223549676522562191e-01
4.074200900000532144e+00 -9.228314906625062486e-01
4.063618560000533009e+00 -9.233102440121565557e-01
4.053036220000533874e+00 -9.237913578149492544e-01
4.042453880000534738e+00 -9.242747128525059530e-01
4.031871540000535603e+00 -9.247603448238130852e-01
4.021289200000536468e+00 -9.252482841345428533e-01
4.010706860000537333e+00 -9.257385217126161692e-01
4.000124520000538197e+00 -9.262311225850063945e-01
3.989542180000539062e+00 -9.267260168095663442e-01
3.978959840000539927e+00 -9.272232956662371794e-01
3.968377500000540792e+00 -9.277228637131329503e-01
3.957795160000541657e+00 -9.282248373530694874e-01
3.947212820000542521e+00 -9.287291973433653425e-01
3.936630480000543386e+00 -9.292358916048264472e-01
3.926048140000544251e+00 -9.297450124069568389e-01
3.915465800000545116e+00 -9.302564851797934242e-01
3.904883460000545981e+00 -9.307703717123535503e-01
3.894301120000546845e+00 -9.312866700947464160e-01
3.883718780000547710e+00 -9.318053990246830676e-01
3.873136440000548575e+00 -9.323265024770854836e-01
3.862554100000549440e+00 -9.328500322971723380e-01
3.851971760000550304e+00 -9.333760325954607584e-01
3.841389420000551169e+00 -9.339044229331463498e-01
3.830807080000552034e+00 -9.344352966999818211e-01
3.820224740000552899e+00 -9.349685716309004135e-01
3.809642400000553764e+00 -9.355043099537201368e-01
3.799060060000554628e+00 -9.360425048541120008e-01
3.788477720000555493e+00 -9.365831493862925017e-01
3.777895380000556358e+00 -9.371262498947267039e-01
3.767313040000557223e+00 -9.376717873179922780e-01
3.756730700000558087e+00 -9.382198268229541283e-01
3.746148360000558952e+00 -9.387702789291452188e-01
3.735566020000559817e+00 -9.393232378860592036e-01
3.724983680000560682e+00 -9.398786115334105684e-01
3.714401340000561547e+00 -9.404364608996144126e-01
3.703819000000562411e+00 -9.409968751925027464e-01
3.693236660000563276e+00 -9.415596386599915935e-01
3.682654320000564141e+00 -9.421248539134301492e-01
3.672071980000565006e+00 -9.426924945521749644e-01
3.661489640000565871e+00 -9.432626243304500502e-01
3.650907300000566735e+00 -9.438351421119237639e-01
3.640324960000567600e+00 -9.444101413019829749e-01
3.629742620000568465e+00 -9.449875179786316748e-01
3.619160280000569330e+00 -9.455673301399393216e-01
3.608577940000570194e+00 -9.461495572075107052e-01
3.597995600000571059e+00 -9.467341791328085510e-01
3.587413260000571924e+00 -9.473211898963835864e-01
3.576830920000572789e+00 -9.479105537177088259e-01
3.566248580000573654e+00 -9.485023307922608726e-01
3.555666240000574518e+00 -9.490964057602973014e-01
3.545083900000575383e+00 -9.496928694507078550e-01
3.534501560000576248e+00 -9.502916027989168901e-01
3.523919220000577113e+00 -9.508926362713002733e-01
3.513336880000577978e+00 -9.514960081504952871e-01
3.502754540000578842e+00 -9.521016182592398902e-01
3.492172200000579707e+00 -9.527094743182354941e-01
3.481589860000580572e+00 -9.533195279491633034e-01
3.471007520000581437e+00 -9.539318339102256239e-01
3.460425180000582301e+00 -9.545462591824863674e-01
3.449842840000583166e+00 -9.551628891299317470e-01
3.439260500000584031e+00 -9.557815555034416821e-01
3.428678160000584896e+00 -9.564023736690813182e-01
3.418095820000585761e+00 -9.570252787804071071e-01
3.407513480000586625e+00 -9.576501556623165934e-01
3.396931140000587490e+00 -9.582770854254039072e-01
3.386348800000588355e+00 -9.589059191950789485e-01
3.375766460000589220e+00 -9.595366982710816783e-01
3.365184120000590084e+00 -9.601693662727062151e-01
3.354601780000590949e+00 -9.608039027541103172e-01
3.344019440000591814e+00 -9.614402994416462178e-01
3.333437100000592679e+00 -9.620783311642019386e-01
3.322854760000593544e+00 -9.627181276225389439e-01
3.312272420000594408e+00 -9.633595206138891864e-01
3.301690080000595273e+00 -9.640025814958043116e-01
3.291107740000596138e+00 -9.646471358067786328e-01
3.280525400000597003e+00 -9.652932131314557740e-01
3.269943060000597868e+00 -9.659407357083138468e-01
3.259360720000598732e+00 -9.665896338693201750e-01
3.248778380000599597e+00 -9.672398496923544364e-01
3.238196040000600462e+00 -9.678912858405464004e-01
3.227613700000601327e+00 -9.685439679447839234e-01
3.217031360000602191e+00 -9.691976978682019794e-01
3.206449020000603056e+00 -9.698525334598782077e-01
3.195866680000603921e+00 -9.705082689112284333e-01
3.185284340000604786e+00 -9.711649183343860070e-01
3.174702000000605651e+00 -9.718223760204188766e-01
3.164119660000606515e+00 -9.724805525233788384e-01
3.153537320000607380e+00 -9.731393592431770712e-01
3.142954980000608245e+00 -9.737986751706774191e-01
3.132372640000609110e+00 -9.744585063932870161e-01
3.121790300000609975e+00 -9.751186183242650518e-01
3.111207960000610839e+00 -9.757790508856913902e-01
3.100625620000611704e+00 -9.764395602371438443e-01
3.090043280000612569e+00 -9.771001423590464086e-01
3.079460940000613434e+00 -9.777606544064189054e-01
3.068878600000614298e+00 -9.784209798960673554e-01
3.058296260000615163e+00 -9.790809994456225462e-01
3.047713920000616028e+00 -9.797405564652175158e-01
3.037131580000616893e+00 -9.803996355264392726e-01
3.026549240000617758e+00 -9.810579566245488659e-01
3.015966900000618622e+00 -9.817155375826690511e-01
3.005384560000619487e+00 -9.823720880811950273e-01
2.994802220000620352e+00 -9.830276815834343429e-01
2.984219880000621217e+00 -9.836819683193021024e-01
2.973637540000622081e+00 -9.843348218296716912e-01
2.963055200000622946e+00 -9.849861238024826271e-01
2.952472860000623811e+00 -9.856356744190638564e-01
2.941890520000624676e+00 -9.862834284344750291e-01
2.931308180000625541e+00 -9.869290556261742786e-01
2.920725840000626405e+00 -9.875725417797653893e-01
2.910143500000627270e+00 -9.882135852751049443e-01
2.899561160000628135e+00 -9.888519578153830425e-01
2.888978820000629000e+00 -9.894876772460439174e-01
2.878396480000629865e+00 -9.901203385425181303e-01
2.867814140000630729e+00 -9.907499095802246858e-01
2.857231800000631594e+00 -9.913760098146416899e-01
2.846649460000632459e+00 -9.919985596520144444e-01
2.836067120000633324e+00 -9.926172924630675132e-01
2.825484780000634188e+00 -9.932320309710442885e-01
2.814902440000635053e+00 -9.938424089555131236e-01
2.804320100000635918e+00 -9.944482748196349364e-01
2.793737760000636783e+00 -9.950494815016158734e-01
2.783155420000637648e+00 -9.956455931946426308e-01
2.772573080000638512e+00 -9.962365371735143471e-01
2.761990740000639377e+00 -9.968218595267558380e-01
2.751408400000640242e+00 -9.974014381273033081e-01
2.740826060000641107e+00 -9.979749385815817053e-01
2.730243720000641972e+00 -9.985420790924580681e-01
2.719661380000642836e+00 -9.991025702668828723e-01
2.709079040000643701e+00 -9.996560509742346001e-01
2.698496700000644566e+00 -1.000202371983615723e+00
2.687914360000645431e+00 -1.000741012805723695e+00
2.677332020000646295e+00 -1.001271849221903931e+00
2.666749680000647160e+00 -1.001794338795380490e+00
2.656167340000648025e+00 -1.002308306606172650e+00
2.645585000000648890e+00 -1.002813335406725903e+00
2.635002660000649755e+00 -1.003309225577203811e+00
2.624420320000650619e+00 -1.003795305501182566e+00
2.613837980000651484e+00 -1.004271279267985761e+00
2.603255640000652349e+00 -1.004736937784586726e+00
2.592673300000653214e+00 -1.005191657705056585e+00
2.582090960000654078e+00 -1.005635249670271181e+00
2.571508620000654943e+00 -1.006067063474247014e+00
2.560926280000655808e+00 -1.006486857699419257e+00
2.550343940000656673e+00 -1.006894112775378325e+00
2.539761600000657538e+00 -1.007288385378865669e+00
2.529179260000658402e+00 -1.007669220651574493e+00
2.518596920000659267e+00 -1.008036058264872192e+00
2.508014580000660132e+00 -1.008388612392671524e+00
2.497432240000660997e+00 -1.008726134532888175e+00
2.486849900000661862e+00 -1.009048351170686919e+00
2.476267560000662726e+00 -1.009354477896407642e+00
2.465685220000663591e+00 -1.009644121724620369e+00
2.455102880000664456e+00 -1.009916839370243791e+00
2.444520540000665321e+00 -1.010171870910766989e+00
2.433938200000666185e+00 -1.010408710486793815e+00
2.423355860000667050e+00 -1.010626662886227045e+00
2.412773520000667915e+00 -1.010825343269148968e+00
2.402191180000668780e+00 -1.011003844364316784e+00
2.391608840000669645e+00 -1.011161784390947505e+00
2.381026500000670509e+00 -1.011298154742542588e+00
2.370444160000671374e+00 -1.011412618729296886e+00
2.359861820000672239e+00 -1.011504421432033229e+00
2.349279480000673104e+00 -1.011572627274087255e+00
2.338697140000673969e+00 -1.011616779821368439e+00
2.328114800000674833e+00 -1.011635819722949137e+00
2.317532460000675698e+00 -1.011629233095604485e+00
2.306950120000676563e+00 -1.011596101612862508e+00
2.296367780000677428e+00 -1.011535712459349590e+00
2.285785440000678292e+00 -1.011447135386785767e+00
2.275203100000679157e+00 -1.011329343857954033e+00
2.264620760000680022e+00 -1.011181795224267432e+00
2.254038420000680887e+00 -1.011003250987237312e+00
2.243456080000681752e+00 -1.010793087274211910e+00
2.232873740000682616e+00 -1.010550004757133191e+00
2.222291400000683481e+00 -1.010273316601560056e+00
2.211709060000684346e+00 -1.009961869223890085e+00
2.201126720000685211e+00 -1.009614645199054639e+00
2.190544380000686076e+00 -1.009230607517215494e+00
2.179962040000686940e+00 -1.008808497147458016e+00
2.169379700000687805e+00 -1.008347516509739084e+00
2.158797360000688670e+00 -1.007846134469319921e+00
2.148215020000689535e+00 -1.007303504832103069e+00
2.137632680000690399e+00 -1.006718020967001470e+00
2.127050340000691264e+00 -1.006088768213704299e+00
2.116468000000692129e+00 -1.005414283256389707e+00
2.105885660000692994e+00 -1.004693266964981291e+00
2.095303320000693859e+00 -1.003924390189480986e+00
2.084720980000694723e+00 -1.003106061250783609e+00
2.074138640000695588e+00 -1.002237210684346902e+00
2.063556300000696453e+00 -1.001315934548175690e+00
2.052973960000697318e+00 -1.000341090284867507e+00
2.042391620000698182e+00 -9.993106734791432633e-01
2.031809280000699047e+00 -9.982234678870662847e-01
2.021226940000699912e+00 -9.970776052205567730e-01
2.010644600000700777e+00 -9.958714197699775061e-01
2.000062260000701642e+00 -9.946031977223905862e-01
1.989479920000702506e+00 -9.932709066777565265e-01
1.978897580000703371e+00 -9.918731224752421749e-01
1.968315240000704236e+00 -9.904074565014296949e-01
1.957732900000705101e+00 -9.888723655269481272e-01
1.947150560000705966e+00 -9.872653345296802385e-01
1.936568220000706830e+00 -9.855846668191515780e-01
1.925985880000707695e+00 -9.838282500361853478e-01
1.915403540000708560e+00 -9.819935775166961367e-01
1.904821200000709425e+00 -9.800785711229816899e-01
1.894238860000710289e+00 -9.780806237945880444e-01
1.883656520000711154e+00 -9.759978293835427365e-01
1.873074180000712019e+00 -9.738271657748764909e-01
1.862491840000712884e+00 -9.715665579365648785e-01
1.851909500000713749e+00 -9.692127231193558012e-01
1.841327160000714613e+00 -9.667636030801858293e-01
1.830744820000715478e+00 -9.642163220093343812e-01
1.820162480000716343e+00 -9.615675765347824200e-01
1.809580140000717208e+00 -9.588149281741573660e-01
1.798997800000718073e+00 -9.559547113987247879e-01
1.788415460000718937e+00 -9.529843757015380445e-01
1.777833120000719802e+00 -9.499003445522314903e-01
1.767250780000720667e+00 -9.466995366982018378e-01
1.756668440000721532e+00 -9.433780464802294929e-01
1.746086100000722396e+00 -9.399325098833694048e-01
1.735503760000723261e+00 -9.363597322582671856e-01
1.724921420000724126e+00 -9.326552675214027088e-01
1.714339080000724991e+00 -9.288158165824396129e-01
1.703756740000725856e+00 -9.248366618940144779e-01
1.693174400000726720e+00 -9.207143572984561875e-01
1.682592060000727585e+00 -9.164442341331910935e-01
1.672009720000728450e+00 -9.120219808307602483e-01
1.661427380000729315e+00 -9.074431465068183433e-01
1.650845040000730179e+00 -9.027026103610805707e-01
1.640262700000731044e+00 -8.977962905987293407e-01
1.629680360000731909e+00 -8.927183969446839118e-01
1.619098020000732774e+00 -8.874644544089959064e-01
1.608515680000733639e+00 -8.820283060390790020e-01
1.597933340000734503e+00 -8.764052619968468738e-01
1.587351000000735368e+00 -8.705891567659721497e-01
1.576768660000736233e+00 -8.645740374238088943e-01
1.566186320000737098e+00 -8.583543156133008889e-01
1.555603980000737963e+00 -8.519230235315797817e-01
1.545021640000738827e+00 -8.452745662166476492e-01
1.534439300000739692e+00 -8.384013249334275608e-01
1.523856960000740557e+00 -8.312971602694070317e-01
1.513274620000741422e+00 -8.239539338816297409e-01
1.502692280000742286e+00 -8.163651942134015904e-01
1.492109940000743151e+00 -8.085226968087728672e-01
1.481527600000744016e+00 -8.004186489593863030e-01
1.470945260000744881e+00 -7.920449749934930228e-01
1.460362920000745746e+00 -7.833925640590555517e-01
1.449780580000746610e+00 -7.744536838263080814e-01
1.439198240000747475e+00 -7.652181370174293562e-01
1.428615900000748340e+00 -7.556774387127285220e-01
1.418033560000749205e+00 -7.458206860105534020e-01
1.407451220000750070e+00 -7.356385703626413530e-01
1.396868880000750934e+00 -7.251209693888137631e-01
1.386286540000751799e+00 -7.142561842388982507e-01
1.375704200000752664e+00 -7.030334851435315890e-01
1.365121860000753529e+00 -6.914405159765214526e-01
1.354539520000754393e+00 -6.794664779840990931e-01
1.343957180000755258e+00 -6.670975835343225802e-01
1.333374840000756123e+00 -6.543220123610862249e-01
1.322792500000756988e+00 -6.411253900145144069e-01
1.312210160000757853e+00 -6.274935713631434320e-01
1.301627820000758717e+00 -6.134137568079146563e-01
1.291045480000759582e+00 -5.988693800288291680e-01
1.280463140000760447e+00 -5.838462123352876620e-01
1.269880800000761312e+00 -5.683267194269527867e-01
1.259298460000762176e+00 -5.522957376204613578e-01
1.248716120000763041e+00 -5.357351950394551032e-01
1.238133780000763906e+00 -5.186278783552793481e-01
1.227551440000764771e+00 -5.009531375813179865e-01
1.216969100000765636e+00 -4.826941325752429068e-01
1.206386760000766500e+00 -4.638312033652376432e-01
1.195804420000767365e+00 -4.443420087323265433e-01
1.185222080000768230e+00 -4.242066896809561505e-01
1.174639740000769095e+00 -4.034012893249133702e-01
1.164057400000769960e+00 -3.819045156733503754e-01
1.153475060000770824e+00 -3.596916041725949920e-01
1.142892720000771689e+00 -3.367380294619971015e-01
1.132310380000772554e+00 -3.130183194947132042e-01
1.121728040000773419e+00 -2.885048895508605105e-01
1.111145700000774283e+00 -2.631719519175111377e-01
1.100563360000775148e+00 -2.369887279134632041e-01
1.089981020000776013e+00 -2.099272617162429300e-01
1.079398680000776878e+00 -1.819543604509922807e-01
1.068816340000777743e+00 -1.530395758871686551e-01
1.058234000000778607e+00 -1.231481989722614245e-01
