1.058234000000000030e+01 -1.397422130910052296e+00
1.057175766000000117e+01 -1.397457248851183831e+00
1.056117532000000203e+01 -1.397492441030378618e+00
1.055059298000000290e+01 -1.397527702706470087e+00
1.054001064000000376e+01 -1.397563033519452880e+00
1.052942830000000463e+01 -1.397598436916383857e+00
1.051884596000000549e+01 -1.397633909976543354e+00
1.050826362000000636e+01 -1.397669456162110802e+00
1.049768128000000722e+01 -1.397705071418892775e+00
1.048709894000000808e+01 -1.397740762063478748e+00
1.047651660000000895e+01 -1.397776521299385344e+00
1.046593426000000981e+01 -1.397812356359604991e+00
1.045535192000001068e+01 -1.397848263052105633e+00
1.044476958000001154e+01 -1.397884240803600964e+00
1.043418724000001241e+01 -1.397920293235379141e+00
1.042360490000001327e+01 -1.397956417162884435e+00
1.041302256000001414e+01 -1.397992616223037832e+00
1.040244022000001500e+01 -1.398028890623576270e+00
1.039185788000001587e+01 -1.398065235496336545e+00
1.038127554000001673e+01 -1.398101653572320302e+00
1.037069320000001760e+01 -1.398138149481318315e+00
1.036011086000001846e+01 -1.398174719055164328e+00
1.034952852000001933e+01 -1.398211361681747533e+00
1.033894618000002019e+01 -1.398248081053419689e+00
1.032836384000002106e+01 -1.398284873930917271e+00
1.031778150000002192e+01 -1.398321741397223317e+00
1.030719916000002279e+01 -1.398358689824555245e+00
1.029661682000002365e+01 -1.398395709818950561e+00
1.028603448000002452e+01 -1.398432807738632544e+00
1.027545214000002538e+01 -1.398469980313362893e+00
1.026486980000002625e+01 -1.398507231292276387e+00
1.025428746000002711e+01 -1.398544556521793325e+00
1.024370512000002797e+01 -1.398581962379976229e+00
1.023312278000002884e+01 -1.398619442958993986e+00
1.022254044000002970e+01 -1.398657002911861014e+00
1.021195810000003057e+01 -1.398694640710698600e+00
1.020137576000003143e+01 -1.398732354849010040e+00
1.019079342000003230e+01 -1.398770149063881085e+00
1.018021108000003316e+01 -1.398808020063275759e+00
1.016962874000003403e+01 -1.398845971671279109e+00
1.015904640000003489e+01 -1.398883999693730562e+00
1.014846406000003576e+01 -1.398922110534283725e+00
1.013788172000003662e+01 -1.398960297427057853e+00
1.012729938000003749e+01 -1.398998567635712398e+00
1.011671704000003835e+01 -1.399036917056876383e+00
1.010613470000003922e+01 -1.399075344974921808e+00
1.009555236000004008e+01 -1.399113855273844020e+00
1.008497002000004095e+01 -1.399152444568151132e+00
1.007438768000004181e+01 -1.399191116759221032e+00
1.006380534000004268e+01 -1.399229867611379685e+00
1.005322300000004354e+01 -1.399268705362911813e+00
1.004264066000004441e+01 -1.399307619644969414e+00
1.003205832000004527e+01 -1.399346619535128067e+00
1.002147598000004614e+01 -1.399385700957045842e+00
1.001089364000004700e+01 -1.399424863152768150e+00
1.000031130000004786e+01 -1.399464110085419932e+00
9.989728960000048730e+00 -1.399503438309758430e+00
9.979146620000049595e+00 -1.399542851806785393e+00
9.968564280000050459e+00 -1.399582346298295477e+00
9.957981940000051324e+00 -1.399621928241840507e+00
9.947399600000052189e+00 -1.399661590891048135e+00
9.936817260000053054e+00 -1.399701341529283383e+00
9.926234920000053918e+00 -1.399741176108026064e+00
9.915652580000054783e+00 -1.399781093826090395e+00
9.905070240000055648e+00 -1.399821098728224911e+00
9.894487900000056513e+00 -1.399861187307763988e+00
9.883905560000057378e+00 -1.399901363627986228e+00
9.873323220000058242e+00 -1.399941626072751966e+00
9.862740880000059107e+00 -1.399981973010847813e+00
9.852158540000059972e+00 -1.400022405823645233e+00
9.841576200000060837e+00 -1.400062929099260778e+00
9.830993860000061701e+00 -1.400103538818193272e+00
9.820411520000062566e+00 -1.400144234134845345e+00
9.809829180000063431e+00 -1.400185019178153301e+00
9.799246840000064296e+00 -1.400225890378592908e+00
9.788664500000065161e+00 -1.400266849161862837e+00
9.778082160000066025e+00 -1.400307902052682518e+00
9.767499820000066890e+00 -1.400349039226567616e+00
9.756917480000067755e+00 -1.400390267582653170e+00
9.746335140000068620e+00 -1.400431583515742151e+00
9.735752800000069485e+00 -1.400472991222111219e+00
9.725170460000070349e+00 -1.400514486309962781e+00
9.714588120000071214e+00 -1.400556075311621740e+00
9.704005780000072079e+00 -1.400597752276472985e+00
9.693423440000072944e+00 -1.400639524157082150e+00
9.682841100000073808e+00 -1.400681385399265455e+00
9.672258760000074673e+00 -1.400723336258975049e+00
9.661676420000075538e+00 -1.400765381001510157e+00
9.651094080000076403e+00 -1.400807515956191018e+00
9.640511740000077268e+00 -1.400849745408391467e+00
9.629929400000078132e+00 -1.400892064919869284e+00
9.619347060000078997e+00 -1.400934481054199043e+00
9.608764720000079862e+00 -1.400976987104731730e+00
9.598182380000080727e+00 -1.401019590394752878e+00
9.587600040000081592e+00 -1.401062286983722149e+00
9.577017700000082456e+00 -1.401105075907628006e+00
9.566435360000083321e+00 -1.401147961523128149e+00
9.555853020000084186e+00 -1.401190940092271298e+00
9.545270680000085051e+00 -1.401234015992370185e+00
9.534688340000085915e+00 -1.401277184737765413e+00
9.524106000000086780e+00 -1.401320452924307514e+00
9.513523660000087645e+00 -1.401363813857892993e+00
9.502941320000088510e+00 -1.401407274874338249e+00
9.492358980000089375e+00 -1.401450832066081009e+00
9.481776640000090239e+00 -1.401494484420732434e+00
9.471194300000091104e+00 -1.401538236389285430e+00
9.460611960000091969e+00 -1.401582084164765263e+00
9.450029620000092834e+00 -1.401626032219548179e+00
9.439447280000093699e+00 -1.401670076019213340e+00
9.428864940000094563e+00 -1.401714222193278125e+00
9.418282600000095428e+00 -1.401758464060749887e+00
9.407700260000096293e+00 -1.401802808970609160e+00
9.397117920000097158e+00 -1.401847253049586683e+00
9.386535580000098022e+00 -1.401891795235673310e+00
9.375953240000098887e+00 -1.401936440077359958e+00
9.365370900000099752e+00 -1.401981183696789035e+00
9.354788560000100617e+00 -1.402026030664602629e+00
9.344206220000101482e+00 -1.402070981306017039e+00
9.333623880000102346e+00 -1.402116029654378870e+00
9.323041540000103211e+00 -1.402161179580608152e+00
9.312459200000104076e+00 -1.402206435631008663e+00
9.301876860000104941e+00 -1.402251793967828064e+00
9.291294520000105805e+00 -1.402297253478217431e+00
9.280712180000106670e+00 -1.402342818811483038e+00
9.270129840000107535e+00 -1.402388486017012159e+00
9.259547500000108400e+00 -1.402434256930825907e+00
9.248965160000109265e+00 -1.402480138264421416e+00
9.238382820000110129e+00 -1.402526119694156304e+00
9.227800480000110994e+00 -1.402572208763059436e+00
9.217218140000111859e+00 -1.402618401479135191e+00
9.206635800000112724e+00 -1.402664702572543387e+00
9.196053460000113589e+00 -1.402711107378662003e+00
9.185471120000114453e+00 -1.402757622618981070e+00
9.174888780000115318e+00 -1.402804242300220050e+00
9.164306440000116183e+00 -1.402850971855531537e+00
9.153724100000117048e+00 -1.402897809458162115e+00
9.143141760000117912e+00 -1.402944753262622246e+00
9.132559420000118777e+00 -1.402991808081986758e+00
9.121977080000119642e+00 -1.403038969848404705e+00
9.111394740000120507e+00 -1.403086243399066291e+00
9.100812400000121372e+00 -1.403133624016092096e+00
9.090230060000122236e+00 -1.403181118459651433e+00
9.079647720000123101e+00 -1.403228720101162175e+00
9.069065380000123966e+00 -1.403276436342443034e+00
9.058483040000124831e+00 -1.403324263443304076e+00
9.047900700000125696e+00 -1.403372200154946015e+00
9.037318360000126560e+00 -1.403420251400366858e+00
9.026736020000127425e+00 -1.403468413033801987e+00
9.016153680000128290e+00 -1.403516690003239642e+00
9.005571340000129155e+00 -1.403565077536150341e+00
8.994989000000130019e+00 -1.403613584691513427e+00
8.984406660000130884e+00 -1.403662200345403122e+00
8.973824320000131749e+00 -1.403710934169622337e+00
8.963241980000132614e+00 -1.403759782464974126e+00
8.952659640000133479e+00 -1.403808743926996172e+00
8.942077300000134343e+00 -1.403857823592604692e+00
8.931494960000135208e+00 -1.403907017235789922e+00
8.920912620000136073e+00 -1.403956329919326951e+00
8.910330280000136938e+00 -1.404005756814718175e+00
8.899747940000137802e+00 -1.404055304764083356e+00
8.889165600000138667e+00 -1.404104967172909557e+00
8.878583260000139532e+00 -1.404154751477347141e+00
8.868000920000140397e+00 -1.404204654020763776e+00
8.857418580000141262e+00 -1.404254673441733381e+00
8.846836240000142126e+00 -1.404304814894933973e+00
8.836253900000142991e+00 -1.404355074072156651e+00
8.825671560000143856e+00 -1.404405456154940168e+00
8.815089220000144721e+00 -1.404455959205431093e+00
8.804506880000145586e+00 -1.404506581265100085e+00
8.793924540000146450e+00 -1.404557324602131452e+00
8.783342200000147315e+00 -1.404608193723132725e+00
8.772759860000148180e+00 -1.404659185015907585e+00
8.762177520000149045e+00 -1.404710297060502100e+00
8.751595180000149909e+00 -1.404761535133781880e+00
8.741012840000150774e+00 -1.404812894842919935e+00
8.730430500000151639e+00 -1.404864381492533454e+00
8.719848160000152504e+00 -1.404915993112189287e+00
8.709265820000153369e+00 -1.404967727709959036e+00
8.698683480000154233e+00 -1.405019590632552440e+00
8.688101140000155098e+00 -1.405071577439096941e+00
8.677518800000155963e+00 -1.405123693504543247e+00
8.666936460000156828e+00 -1.405175933850775660e+00
8.656354120000157693e+00 -1.405228305434881086e+00
8.645771780000158557e+00 -1.405280802223449310e+00
8.635189440000159422e+00 -1.405333432617406508e+00
8.624607100000160287e+00 -1.405386189717406697e+00
8.614024760000161152e+00 -1.405439073942418293e+00
8.603442420000162016e+00 -1.405492090768296620e+00
8.592860080000162881e+00 -1.405545235665840220e+00
8.582277740000163746e+00 -1.405598514140303124e+00
8.571695400000164611e+00 -1.405651921152228034e+00
8.561113060000165476e+00 -1.405705463707251468e+00
8.550530720000166340e+00 -1.405759135281291705e+00
8.539948380000167205e+00 -1.405812943381314462e+00
8.529366040000168070e+00 -1.405866884517595228e+00
8.518783700000168935e+00 -1.405920957113619973e+00
8.508201360000169799e+00 -1.405975166779326546e+00
8.497619020000170664e+00 -1.406029508894618196e+00
8.487036680000171529e+00 -1.406083989099914167e+00
8.476454340000172394e+00 -1.406138602292885675e+00
8.465872000000173259e+00 -1.406193355529802069e+00
8.455289660000174123e+00 -1.406248242309030339e+00
8.444707320000174988e+00 -1.406303270160035535e+00
8.434124980000175853e+00 -1.406358435644788241e+00
8.423542640000176718e+00 -1.406413737122744756e+00
8.412960300000177583e+00 -1.406469180342863279e+00
8.402377960000178447e+00 -1.406524760591699508e+00
8.391795620000179312e+00 -1.406580483649880975e+00
8.381213280000180177e+00 -1.406636344350670864e+00
8.370630940000181042e+00 -1.406692349803130071e+00
8.360048600000181906e+00 -1.406748493529357713e+00
8.349466260000182771e+00 -1.406804783082712618e+00
8.338883920000183636e+00 -1.406861215079172389e+00
8.328301580000184501e+00 -1.406917787812368204e+00
8.317719240000185366e+00 -1.406974507175797307e+00
8.307136900000186230e+00 -1.407031368359833223e+00
8.296554560000187095e+00 -1.407088377308022942e+00
8.285972220000187960e+00 -1.407145534485563454e+00
8.275389880000188825e+00 -1.407202832489432121e+00
8.264807540000189690e+00 -1.407260276886253214e+00
8.254225200000190554e+00 -1.407317852629515365e+00
8.243642860000191419e+00 -1.407375614678394893e+00
8.233060520000192284e+00 -1.407433482984344897e+00
8.222478180000193149e+00 -1.407491543083297492e+00
8.211895840000194013e+00 -1.407549719749311201e+00
8.201313500000194878e+00 -1.407608066735800634e+00
8.190731160000195743e+00 -1.407666560442575987e+00
8.180148820000196608e+00 -1.407725163367936849e+00
8.169566480000197473e+00 -1.407783993478311180e+00
8.158984140000198337e+00 -1.407842937026670516e+00
8.148401800000199202e+00 -1.407902006466486222e+00
8.137819460000200067e+00 -1.407961286516459465e+00
8.127237120000200932e+00 -1.408020640851564975e+00
8.116654780000201796e+00 -1.408080253900765078e+00
8.106072440000202661e+00 -1.408139971794216239e+00
8.095490100000203526e+00 -1.408199821394993556e+00
8.084907760000204391e+00 -1.408259857659156289e+00
8.074325420000205256e+00 -1.408320061871614293e+00
8.063743080000206120e+00 -1.408380405114323608e+00
8.053160740000206985e+00 -1.408440909799913765e+00
8.042578400000207850e+00 -1.408501540477575364e+00
8.031996060000208715e+00 -1.408562362983677207e+00
8.021413720000209580e+00 -1.408623375655399190e+00
8.010831380000210444e+00 -1.408684486888641674e+00
8.000249040000211309e+00 -1.408745792515774919e+00
7.989666700000212174e+00 -1.408807295081660582e+00
7.979084360000213039e+00 -1.408868927659707948e+00
7.968502020000213903e+00 -1.408930721016051324e+00
7.957919680000214768e+00 -1.408992681643251199e+00
7.947337340000215633e+00 -1.409054759794044376e+00
7.936755000000216498e+00 -1.409117095645232576e+00
7.926172660000217363e+00 -1.409877067534535122e+00
7.915590320000218227e+00 -1.409941708038368935e+00
7.905007980000219092e+00 -1.410006473522441572e+00
7.894425640000219957e+00 -1.410071514452432062e+00
7.883843300000220822e+00 -1.410136630581349859e+00
7.873260960000221687e+00 -1.410201975002135955e+00
7.862678620000222551e+00 -1.409557761520764174e+00
7.852096280000223416e+00 -1.410333179462456510e+00
7.841513940000224281e+00 -1.410399131344868273e+00
7.830931600000225146e+00 -1.410465197391094661e+00
7.820349260000226010e+00 -1.410531451924984525e+00
7.809766920000226875e+00 -1.409877746577800295e+00
7.799184580000227740e+00 -1.409942250227356642e+00
7.788602240000228605e+00 -1.410006932213920816e+00
7.778019900000229470e+00 -1.410071700498435998e+00
7.767437560000230334e+00 -1.410136731572727786e+00
7.756855220000231199e+00 -1.410202034022717488e+00
7.746272880000232064e+00 -1.410267323263692862e+00
7.735690540000232929e+00 -1.411068159807232991e+00
7.725108200000233794e+00 -1.411135986413953880e+00
7.714525860000234658e+00 -1.411204102402531912e+00
7.703943520000235523e+00 -1.411272517016018746e+00
7.693361180000236388e+00 -1.411341019973656685e+00
7.682778840000237253e+00 -1.411409712252019943e+00
7.672196500000238117e+00 -1.411478599020022706e+00
7.661614160000238982e+00 -1.411547553656591125e+00
7.651031820000239847e+00 -1.411616959147017347e+00
7.640449480000240712e+00 -1.411686433156578158e+00
7.629867140000241577e+00 -1.411756100570012329e+00
7.619284800000242441e+00 -1.411825968806855736e+00
7.608702460000243306e+00 -1.411895874019319930e+00
7.598120120000244171e+00 -1.411966131741143160e+00
7.587537780000245036e+00 -1.411269962265909061e+00
7.576955440000245900e+00 -1.411338488729154239e+00
7.566373100000246765e+00 -1.411407023288154372e+00
7.555790760000247630e+00 -1.411475746572711021e+00
7.545208420000248495e+00 -1.411544665884927108e+00
7.534626080000249360e+00 -1.411613775524506620e+00
7.524043740000250224e+00 -1.411682854438214729e+00
7.513461400000251089e+00 -1.412535369782976336e+00
7.502879060000251954e+00 -1.412607693103723028e+00
7.492296720000252819e+00 -1.411892172791718414e+00
7.481714380000253684e+00 -1.411961998675218544e+00
7.471132040000254548e+00 -1.412032279746633368e+00
7.460549700000255413e+00 -1.412103045747930663e+00
7.449967360000256278e+00 -1.412173737196718681e+00
7.439385020000257143e+00 -1.412244313620125480e+00
7.428802680000258007e+00 -1.412315720942659780e+00
7.418220340000258872e+00 -1.413191669115950955e+00
7.407638000000259737e+00 -1.413265654213373468e+00
7.397055660000260602e+00 -1.413340201803687579e+00
7.386473320000261467e+00 -1.412601749538735962e+00
7.375890980000262331e+00 -1.413489435141616513e+00
7.365308640000263196e+00 -1.413564305943912247e+00
7.354726300000264061e+00 -1.413639400497998633e+00
7.344143960000264926e+00 -1.413714287125367175e+00
7.333561620000265791e+00 -1.413790250599957998e+00
7.322979280000266655e+00 -1.413865550440027485e+00
7.312396940000267520e+00 -1.413941993362301197e+00
7.301814600000268385e+00 -1.414018201467877045e+00
7.291232260000269250e+00 -1.414094121725050446e+00
7.280649920000270114e+00 -1.414171300557524047e+00
7.270067580000270979e+00 -1.414248188924423388e+00
7.259485240000271844e+00 -1.414324733100854381e+00
7.248902900000272709e+00 -1.414402058751143221e+00
7.238320560000273574e+00 -1.414479618549977502e+00
7.227738220000274438e+00 -1.414557413502153915e+00
7.217155880000275303e+00 -1.414635433697835731e+00
7.206573540000276168e+00 -1.414714385294902232e+00
7.195991200000277033e+00 -1.414792902545142672e+00
7.185408860000277897e+00 -1.414871657759665391e+00
7.174826520000278762e+00 -1.414950646936144807e+00
7.164244180000279627e+00 -1.415029070042341131e+00
7.153661840000280492e+00 -1.415109346411792313e+00
7.143079500000281357e+00 -1.415189056562145886e+00
7.132497160000282221e+00 -1.415269013507558515e+00
7.121914820000283086e+00 -1.415348269831174788e+00
7.111332480000283951e+00 -1.415429649571383175e+00
7.100750140000284816e+00 -1.415509323954928567e+00
7.090167800000285681e+00 -1.415590220278250655e+00
7.079585460000286545e+00 -1.415671357599107116e+00
7.069003120000287410e+00 -1.415752749325496662e+00
7.058420780000288275e+00 -1.415835552715642764e+00
7.047838440000289140e+00 -1.415917484542989158e+00
7.037256100000290004e+00 -1.415999668712723425e+00
7.026673760000290869e+00 -1.416082102519471642e+00
7.016091420000291734e+00 -1.416164794932346815e+00
7.005509080000292599e+00 -1.416247739327664679e+00
6.994926740000293464e+00 -1.416330944737497877e+00
6.984344400000294328e+00 -1.416414406086957012e+00
6.973762060000295193e+00 -1.416498127786039340e+00
6.963179720000296058e+00 -1.416582106748774939e+00
6.952597380000296923e+00 -1.416666353830881686e+00
6.942015040000297788e+00 -1.416750863052082421e+00
6.931432700000298652e+00 -1.416835632750831575e+00
6.920850360000299517e+00 -1.416920672186738006e+00
6.910268020000300382e+00 -1.417005974585333838e+00
6.899685680000301247e+00 -1.417091549272360806e+00
6.889103340000302111e+00 -1.417177391119137209e+00
6.878521000000302976e+00 -1.417263508557142115e+00
6.867938660000303841e+00 -1.417349890635454246e+00
6.857356320000304706e+00 -1.417436552385609616e+00
6.846773980000305571e+00 -1.417523487815516736e+00
6.836191640000306435e+00 -1.417610695217314642e+00
6.825609300000307300e+00 -1.417698184156312768e+00
6.815026960000308165e+00 -1.417785947703054550e+00
6.804444620000309030e+00 -1.417873995492257899e+00
6.793862280000309894e+00 -1.417962322344665127e+00
6.783279940000310759e+00 -1.418050932688800891e+00
6.772697600000311624e+00 -1.418138663194677296e+00
6.762115260000312489e+00 -1.418227806474281261e+00
6.751532920000313354e+00 -1.417329237974483291e+00
6.740950580000314218e+00 -1.417415565239754205e+00
6.730368240000315083e+00 -1.417502168064638690e+00
6.719785900000315948e+00 -1.417589039548077912e+00
6.709203560000316813e+00 -1.417676189190057112e+00
6.698621220000317678e+00 -1.417763614191249966e+00
6.688038880000318542e+00 -1.418859866785776580e+00
6.677456540000319407e+00 -1.418951331174437058e+00
6.666874200000320272e+00 -1.419043093070039951e+00
6.656291860000321137e+00 -1.419135155198732567e+00
6.645709520000322001e+00 -1.419227512770878885e+00
6.635127180000322866e+00 -1.419320175970454345e+00
6.624544840000323731e+00 -1.419413137507409717e+00
6.613962500000324596e+00 -1.419506405173834862e+00
6.603380160000325461e+00 -1.419599980659099980e+00
6.592797820000326325e+00 -1.419693859066643693e+00
6.582215480000327190e+00 -1.419788050586507255e+00
6.571633140000328055e+00 -1.419882547831696096e+00
6.561050800000328920e+00 -1.419977361255291948e+00
6.550468460000329785e+00 -1.420074806014483437e+00
6.539886120000330649e+00 -1.419108910826386794e+00
6.529303780000331514e+00 -1.419200920673361788e+00
6.518721440000332379e+00 -1.419293237908027860e+00
6.508139100000333244e+00 -1.419385851068114546e+00
6.497556760000334108e+00 -1.419478761506924203e+00
6.486974420000334973e+00 -1.419571979480776625e+00
6.476392080000335838e+00 -1.419665497662711884e+00
6.465809740000336703e+00 -1.420847951111801066e+00
6.455227400000337568e+00 -1.420946058202080531e+00
6.444645060000338432e+00 -1.421044503913259538e+00
6.434062720000339297e+00 -1.421143279817331573e+00
6.423480380000340162e+00 -1.421242391448175324e+00
6.412898040000341027e+00 -1.421341842405832168e+00
6.402315700000341891e+00 -1.421441624731245801e+00
6.391733360000342756e+00 -1.421541755150934616e+00
6.381151020000343621e+00 -1.421642223284222517e+00
6.370568680000344486e+00 -1.421743040398365299e+00
6.359986340000345351e+00 -1.421844197835072876e+00
6.349404000000346215e+00 -1.421945709928857715e+00
6.338821660000347080e+00 -1.422047568251090910e+00
6.328239320000347945e+00 -1.422149778339608872e+00
6.317656980000348810e+00 -1.422252344149834258e+00
6.307074640000349675e+00 -1.422350488427987170e+00
6.296492300000350539e+00 -1.422453619227090460e+00
6.285909960000351404e+00 -1.422557100054551604e+00
6.275327620000352269e+00 -1.422660942514324622e+00
6.264745280000353134e+00 -1.422765141002255485e+00
6.254162940000353998e+00 -1.422869699967430179e+00
6.243580600000354863e+00 -1.422974617631704186e+00
6.232998260000355728e+00 -1.423079906330940947e+00
6.222415920000356593e+00 -1.423185560030422403e+00
6.211833580000357458e+00 -1.423291576551759308e+00
6.201251240000358322e+00 -1.423397967824874266e+00
6.190668900000359187e+00 -1.423504725711206564e+00
6.180086560000360052e+00 -1.423611862240578452e+00
6.169504220000360917e+00 -1.423719379278350905e+00
6.158921880000361782e+00 -1.423827263686759714e+00
6.148339540000362646e+00 -1.423935526509156890e+00
6.137757200000363511e+00 -1.424044177796720545e+00
6.127174860000364376e+00 -1.424153211525976737e+00
6.116592520000365241e+00 -1.424262625441678587e+00
6.106010180000366105e+00 -1.424372431919475268e+00
6.095427840000366970e+00 -1.424482622618586269e+00
6.084845500000367835e+00 -1.424593210021305456e+00
6.074263160000368700e+00 -1.424704190918999913e+00
6.063680820000369565e+00 -1.424815562148446180e+00
6.053098480000370429e+00 -1.424927336308483561e+00
6.042516140000371294e+00 -1.425039504943489854e+00
6.031933800000372159e+00 -1.425152080799011900e+00
6.021351460000373024e+00 -1.425265057757926890e+00
6.010769120000373889e+00 -1.425378440913735556e+00
6.000186780000374753e+00 -1.425492229794159238e+00
5.989604440000375618e+00 -1.425606434518458698e+00
5.979022100000376483e+00 -1.425721051962354657e+00
5.968439760000377348e+00 -1.425836078785023942e+00
5.957857420000378212e+00 -1.425951528110074085e+00
5.947275080000379077e+00 -1.426067391271010898e+00
5.936692740000379942e+00 -1.426183681510103218e+00
5.926110400000380807e+00 -1.426300392949339413e+00
5.915528060000381672e+00 -1.426417530078285756e+00
5.904945720000382536e+00 -1.426535092054350917e+00
5.894363380000383401e+00 -1.426653092153906677e+00
5.883781040000384266e+00 -1.426771524410650027e+00
5.873198700000385131e+00 -1.426890386350376794e+00
5.862616360000385995e+00 -1.427009691616895948e+00
5.852034020000386860e+00 -1.427129431327481379e+00
5.841451680000387725e+00 -1.427249619253727841e+00
5.830869340000388590e+00 -1.427370249770614219e+00
5.820287000000389455e+00 -1.427491293483155843e+00
5.809704660000390319e+00 -1.427612820169897656e+00
5.799122320000391184e+00 -1.427734800877858756e+00
5.788539980000392049e+00 -1.427857235324303309e+00
5.777957640000392914e+00 -1.427980120927699881e+00
5.767375300000393779e+00 -1.428103471877283592e+00
5.756792960000394643e+00 -1.428227279059629762e+00
5.746210620000395508e+00 -1.428351556800972588e+00
5.735628280000396373e+00 -1.428476299021792961e+00
5.725045940000397238e+00 -1.428601510276759745e+00
5.714463600000398102e+00 -1.428727190333413333e+00
5.703881260000398967e+00 -1.428853353083435085e+00
5.693298920000399832e+00 -1.428979992644420216e+00
5.682716580000400697e+00 -1.429107106320975928e+00
5.672134240000401562e+00 -1.429234727856841580e+00
5.661551900000402426e+00 -1.429362811086112961e+00
5.650969560000403291e+00 -1.429491386882587145e+00
5.640387220000404156e+00 -1.429620455482292662e+00
5.629804880000405021e+00 -1.429750011797855436e+00
5.619222540000405886e+00 -1.429880063778530275e+00
5.608640200000406750e+00 -1.430010623045838480e+00
5.598057860000407615e+00 -1.430141683782034212e+00
5.587475520000408480e+00 -1.430273243167824671e+00
5.576893180000409345e+00 -1.430405316610791289e+00
5.566310840000410209e+00 -1.430537894530398368e+00
5.555728500000411074e+00 -1.430670996145596119e+00
5.545146160000411939e+00 -1.430804606811004964e+00
5.534563820000412804e+00 -1.430938734258563771e+00
5.523981480000413669e+00 -1.431073390426299330e+00
5.513399140000414533e+00 -1.431208565598490301e+00
5.502816800000415398e+00 -1.431344275716771364e+00
5.492234460000416263e+00 -1.431480514373129287e+00
5.481652120000417128e+00 -1.431617286297383940e+00
5.471069780000417992e+00 -1.431754593011727694e+00
5.460487440000418857e+00 -1.431892453189102854e+00
5.449905100000419722e+00 -1.432030850862566540e+00
5.439322760000420587e+00 -1.432169788535678778e+00
5.428740420000421452e+00 -1.432309282678522422e+00
5.418158080000422316e+00 -1.432449323322873447e+00
5.407575740000423181e+00 -1.432589927121865392e+00
5.396993400000424046e+00 -1.432731087498710698e+00
5.386411060000424911e+00 -1.432872809287924598e+00
5.375828720000425776e+00 -1.433015093536885054e+00
5.365246380000426640e+00 -1.433157955427556196e+00
5.354664040000427505e+00 -1.433301389405559290e+00
5.344081700000428370e+00 -1.433445392224346193e+00
5.333499360000429235e+00 -1.433589981097127763e+00
5.322917020000430099e+00 -1.433735145794191590e+00
5.312334680000430964e+00 -1.433880903726733935e+00
5.301752340000431829e+00 -1.434027248115337549e+00
5.291170000000432694e+00 -1.434174183927236612e+00
5.280587660000433559e+00 -1.434321712603483956e+00
5.270005320000434423e+00 -1.434469849722677326e+00
5.259422980000435288e+00 -1.434618589881768491e+00
5.248840640000436153e+00 -1.434767929605863745e+00
5.238258300000437018e+00 -1.434917886900053396e+00
5.227675960000437883e+00 -1.435068451257533129e+00
5.217093620000438747e+00 -1.435219640899047411e+00
5.206511280000439612e+00 -1.435371448799393157e+00
5.195928940000440477e+00 -1.435523880086581494e+00
5.185346600000441342e+00 -1.435676936607547916e+00
5.174764260000442206e+00 -1.435830634344926970e+00
5.164181920000443071e+00 -1.435984968075424861e+00
5.153599580000443936e+00 -1.436139934047419686e+00
5.143017240000444801e+00 -1.436295551108610180e+00
5.132434900000445666e+00 -1.436451808454500600e+00
5.121852560000446530e+00 -1.436608725167064726e+00
5.111270220000447395e+00 -1.436766304076397605e+00
5.100687880000448260e+00 -1.436924527442346555e+00
5.090105540000449125e+00 -1.437083413199335302e+00
5.079523200000449989e+00 -1.437242974959999753e+00
5.068940860000450854e+00 -1.437403207712676156e+00
5.058358520000451719e+00 -1.437564107364010857e+00
5.047776180000452584e+00 -1.437725693654070103e+00
5.037193840000453449e+00 -1.437887955452696653e+00
5.026611500000454313e+00 -1.438050917597950562e+00
5.016029160000455178e+00 -1.438214560682550047e+00
5.005446820000456043e+00 -1.438378896300465781e+00
4.994864480000456908e+00 -1.438543939173183128e+00
4.984282140000457773e+00 -1.438709677973784462e+00
4.973699800000458637e+00 -1.438876133222933396e+00
4.963117460000459502e+00 -1.439043296973163910e+00
4.952535120000460367e+00 -1.439211174901411150e+00
4.941952780000461232e+00 -1.439379770515308410e+00
4.931370440000462096e+00 -1.439549098909833402e+00
4.920788100000462961e+00 -1.439719157371786462e+00
4.910205760000463826e+00 -1.439889940466327456e+00
4.899623420000464691e+00 -1.440061469411930029e+00
4.889041080000465556e+00 -1.440233732490250329e+00
4.878458740000466420e+00 -1.440406751204130753e+00
4.867876400000467285e+00 -1.440580517075137568e+00
4.857294060000468150e+00 -1.440755036046057258e+00
4.846711720000469015e+00 -1.440930311353489257e+00
4.836129380000469880e+00 -1.441106360356548821e+00
4.825547040000470744e+00 -1.441283178722712499e+00
4.814964700000471609e+00 -1.441460761048252603e+00
4.804382360000472474e+00 -1.441639129549714404e+00
4.793800020000473339e+00 -1.441818272055169325e+00
4.783217680000474203e+00 -1.441998211085246506e+00
4.772635340000475068e+00 -1.442178937492923918e+00
4.762053000000475933e+00 -1.442360466031097355e+00
4.751470660000476798e+00 -1.442542783247003246e+00
4.740888320000477663e+00 -1.442725915288101124e+00
4.730305980000478527e+00 -1.442909858131176781e+00
4.719723640000479392e+00 -1.443094605611798587e+00
4.709141300000480257e+00 -1.443280180968892878e+00
4.698558960000481122e+00 -1.443466571494341544e+00
4.687976620000481986e+00 -1.443653800749718386e+00
4.677394280000482851e+00 -1.443841858745767759e+00
4.666811940000483716e+00 -1.444030752017052111e+00
4.656229600000484581e+00 -1.444220484357513490e+00
4.645647260000485446e+00 -1.444411073656798328e+00
4.635064920000486310e+00 -1.444602491542260392e+00
4.624482580000487175e+00 -1.444794778099427246e+00
4.613900240000488040e+00 -1.444987934884963021e+00
4.603317900000488905e+00 -1.445181948532641369e+00
4.592735560000489770e+00 -1.445376843636670072e+00
4.582153220000490634e+00 -1.445572612339413032e+00
4.571570880000491499e+00 -1.445769251846376280e+00
4.560988540000492364e+00 -1.445966775687238526e+00
4.550406200000493229e+00 -1.446165198640450678e+00
4.539823860000494093e+00 -1.446364517307094699e+00
4.529241520000494958e+00 -1.446564723345827863e+00
4.518659180000495823e+00 -1.446765842019746895e+00
4.508076840000496688e+00 -1.446967859171125026e+00
4.497494500000497553e+00 -1.447170806586843161e+00
4.486912160000498417e+00 -1.447374656688770411e+00
4.476329820000499282e+00 -1.447579425084303706e+00
4.465747480000500147e+00 -1.447785129263141402e+00
4.455165140000501012e+00 -1.447991754553817900e+00
4.444582800000501877e+00 -1.448199327121192370e+00
4.434000460000502741e+00 -1.448407832281163987e+00
4.423418120000503606e+00 -1.448617281485164554e+00
4.412835780000504471e+00 -1.448827674383071473e+00
4.402253440000505336e+00 -1.449039039995534850e+00
4.391671100000506200e+00 -1.449251355670088781e+00
4.381088760000507065e+00 -1.449464620412421523e+00
4.370506420000507930e+00 -1.449678860955370352e+00
4.359924080000508795e+00 -1.449894061544978907e+00
4.349341740000509660e+00 -1.450110249280491592e+00
4.338759400000510524e+00 -1.450327407505707988e+00
4.328177060000511389e+00 -1.450545548178334698e+00
4.317594720000512254e+00 -1.450764671792447613e+00
4.307012380000513119e+00 -1.450984792734937301e+00
4.296430040000513984e+00 -1.451205912831072142e+00
4.285847700000514848e+00 -1.451428017612292010e+00
4.275265360000515713e+00 -1.451651134647115704e+00
4.264683020000516578e+00 -1.451875246862373903e+00
4.254100680000517443e+00 -1.452100382200427031e+00
4.243518340000518307e+00 -1.452326521588686692e+00
4.232936000000519172e+00 -1.452553677457337544e+00
4.222353660000520037e+00 -1.452781846733994353e+00
4.211771320000520902e+00 -1.453011048186304333e+00
4.201188980000521767e+00 -1.453241281603376622e+00
4.190606640000522631e+00 -1.453472529832618099e+00
4.180024300000523496e+00 -1.453704821152550064e+00
4.169441960000524361e+00 -1.453938136898004885e+00
4.158859620000525226e+00 -1.454172505724754538e+00
4.148277280000526090e+00 -1.454407905628511299e+00
4.137694940000526955e+00 -1.454644349464188746e+00
4.127112600000527820e+00 -1.454881835764922693e+00
4.116530260000528685e+00 -1.455120376828956008e+00
4.105947920000529550e+00 -1.455359975400367878e+00
4.095365580000530414e+00 -1.455600611090001939e+00
4.084783240000531279e+00 -1.455842312736321809e+00
4.074200900000532144e+00 -1.456085059775740209e+00
4.063618560000533009e+00 -1.456328881427712441e+00
4.053036220000533874e+00 -1.456573769838223065e+00
4.042453880000534738e+00 -1.456819694105442764e+00
4.031871540000535603e+00 -1.457066686259784305e+00
4.021289200000536468e+00 -1.457314748394095139e+00
4.010706860000537333e+00 -1.457563883643244962e+00
4.000124520000538197e+00 -1.457814067758763210e+00
3.989542180000539062e+00 -1.458065329957919598e+00
3.978959840000539927e+00 -1.458317647445767529e+00
3.968377500000540792e+00 -1.458571055083178747e+00
3.957795160000541657e+00 -1.458825513974222332e+00
3.947212820000542521e+00 -1.459081033747996248e+00
3.936630480000543386e+00 -1.459337632632593529e+00
3.926048140000544251e+00 -1.459595289083982728e+00
3.915465800000545116e+00 -1.459854027855152836e+00
3.904883460000545981e+00 -1.460113818996718882e+00
3.894301120000546845e+00 -1.460374676268319849e+00
3.883718780000547710e+00 -1.460636589955198295e+00
3.873136440000548575e+00 -1.460899577691548101e+00
3.862554100000549440e+00 -1.461163632836205650e+00
3.851971760000550304e+00 -1.461428727191797172e+00
3.841389420000551169e+00 -1.461694890192126284e+00
3.830807080000552034e+00 -1.461962094893151987e+00
3.820224740000552899e+00 -1.462230371141340468e+00
3.809642400000553764e+00 -1.462499681280557517e+00
3.799060060000554628e+00 -1.462770039417526036e+00
3.788477720000555493e+00 -1.463041440251476200e+00
3.777895380000556358e+00 -1.463313877238940020e+00
3.767313040000557223e+00 -1.463587365506479498e+00
3.756730700000558087e+00 -1.463861863985868705e+00
3.746148360000558952e+00 -1.464137402006577826e+00
3.735566020000559817e+00 -1.464413949522590297e+00
3.724983680000560682e+00 -1.464691536306518049e+00
3.714401340000561547e+00 -1.464970114210150554e+00
3.703819000000562411e+00 -1.465249723966446815e+00
3.693236660000563276e+00 -1.465530314045406790e+00
3.682654320000564141e+00 -1.465811903056772003e+00
3.672071980000565006e+00 -1.466094495613897264e+00
3.661489640000565871e+00 -1.466378047723474465e+00
3.650907300000566735e+00 -1.466662588435993619e+00
3.640324960000567600e+00 -1.466948084284332543e+00
3.629742620000568465e+00 -1.467234564807519348e+00
3.619160280000569330e+00 -1.467521968399274401e+00
3.608577940000570194e+00 -1.467810342461318474e+00
3.597995600000571059e+00 -1.468099649558257669e+00
3.587413260000571924e+00 -1.468389865239766667e+00
3.576830920000572789e+00 -1.468681027269065797e+00
3.566248580000573654e+00 -1.468973073319599143e+00
3.555666240000574518e+00 -1.469266032006671496e+00
3.545083900000575383e+00 -1.469559866145131677e+00
3.534501560000576248e+00 -1.469854604900271644e+00
3.523919220000577113e+00 -1.470150198933406038e+00
3.513336880000577978e+00 -1.470446635682922665e+00
3.502754540000578842e+00 -1.470743934386450125e+00
3.492172200000579707e+00 -1.471042045145064536e+00
3.481589860000580572e+00 -1.471341007387275024e+00
3.471007520000581437e+00 -1.471640750042099599e+00
3.460425180000582301e+00 -1.471941301145316405e+00
3.449842840000583166e+00 -1.472242619513815631e+00
3.439260500000584031e+00 -1.472544720653213624e+00
3.428678160000584896e+00 -1.472847586561448763e+00
3.418095820000585761e+00 -1.473151163618546367e+00
3.407513480000586625e+00 -1.473455477837030347e+00
3.396931140000587490e+00 -1.473760485692469979e+00
3.386348800000588355e+00 -1.474066215510565492e+00
3.375766460000589220e+00 -1.474372587816632496e+00
3.365184120000590084e+00 -1.474679638702071749e+00
3.354601780000590949e+00 -1.474987313922776266e+00
3.344019440000591814e+00 -1.475295641541249037e+00
3.333437100000592679e+00 -1.475604578073041573e+00
3.322854760000593544e+00 -1.475914070147920754e+00
3.312272420000594408e+00 -1.476224144597701349e+00
3.301690080000595273e+00 -1.476534753457052540e+00
3.291107740000596138e+00 -1.476845924326756210e+00
3.280525400000597003e+00 -1.477157566384174947e+00
3.269943060000597868e+00 -1.477469718740178184e+00
3.259360720000598732e+00 -1.477782334084822624e+00
3.248778380000599597e+00 -1.478095377240119523e+00
3.238196040000600462e+00 -1.478408878506102031e+00
3.227613700000601327e+00 -1.478722744152212831e+00
3.217031360000602191e+00 -1.479036999998823099e+00
3.206449020000603056e+00 -1.479351593328285919e+00
3.195866680000603921e+00 -1.479666550835417427e+00
3.185284340000604786e+00 -1.479981768902246309e+00
3.174702000000605651e+00 -1.480297289177363584e+00
3.164119660000606515e+00 -1.480613060407772075e+00
3.153537320000607380e+00 -1.480929032902016607e+00
3.142954980000608245e+00 -1.481245246179704989e+00
3.132372640000609110e+00 -1.481561591169364922e+00
3.121790300000609975e+00 -1.481878092473777775e+00
3.111207960000610839e+00 -1.482194692319972695e+00
3.100625620000611704e+00 -1.482511416319589159e+00
3.090043280000612569e+00 -1.482828145759596872e+00
3.079460940000613434e+00 -1.483144930204329137e+00
3.068878600000614298e+00 -1.483461707156241927e+00
3.058296260000615163e+00 -1.483778412231625321e+00
3.047713920000616028e+00 -1.484095095957859600e+00
3.037131580000616893e+00 -1.484411634219523934e+00
3.026549240000617758e+00 -1.484728049042632447e+00
3.015966900000618622e+00 -1.485044277450818573e+00
3.005384560000619487e+00 -1.485360343958651796e+00
2.994802220000620352e+00 -1.485676153677054190e+00
2.984219880000621217e+00 -1.485991656691123097e+00
2.973637540000622081e+00 -1.486306871829668141e+00
2.963055200000622946e+00 -1.486621698356024091e+00
2.952472860000623811e+00 -1.486936196965875423e+00
2.941890520000624676e+00 -1.487250221050456789e+00
2.931308180000625541e+00 -1.487563794373231829e+00
2.920725840000626405e+00 -1.487876849184816663e+00
2.910143500000627270e+00 -1.488189388081700093e+00
2.899561160000628135e+00 -1.488501351242119020e+00
2.888978820000629000e+00 -1.488812654158343074e+00
2.878396480000629865e+00 -1.489123305568473388e+00
2.867814140000630729e+00 -1.489433235755328822e+00
2.857231800000631594e+00 -1.489742469284053517e+00
2.846649460000632459e+00 -1.490050844319702028e+00
2.836067120000633324e+00 -1.490358414961697298e+00
2.825484780000634188e+00 -1.490665093909347538e+00
2.814902440000635053e+00 -1.490970867526978605e+00
2.804320100000635918e+00 -1.491275720404357408e+00
2.793737760000636783e+00 -1.491579513617476538e+00
2.783155420000637648e+00 -1.491882272570743018e+00
2.772573080000638512e+00 -1.492183927138416522e+00
2.761990740000639377e+00 -1.492484506386795307e+00
2.751408400000640242e+00 -1.492783828682155978e+00
2.740826060000641107e+00 -1.493081996724563210e+00
2.730243720000641972e+00 -1.493378908123620175e+00
2.719661380000642836e+00 -1.493674456586808308e+00
2.709079040000643701e+00 -1.493968755048726171e+00
2.698496700000644566e+00 -1.494261618008116521e+00
2.687914360000645431e+00 -1.494553082414896705e+00
2.677332020000646295e+00 -1.494843087215425026e+00
2.666749680000647160e+00 -1.495131676549293243e+00
2.656167340000648025e+00 -1.495418671247046305e+00
2.645585000000648890e+00 -1.495704181670213684e+00
2.635002660000649755e+00 -1.495988141914133429e+00
2.624420320000650619e+00 -1.496270446035921298e+00
2.613837980000651484e+00 -1.496551235166958094e+00
2.603255640000652349e+00 -1.496830338090581636e+00
2.592673300000653214e+00 -1.497107824600247827e+00
2.582090960000654078e+00 -1.497383666096976373e+00
2.571508620000654943e+00 -1.497657947921381627e+00
2.560926280000655808e+00 -1.497930516248403787e+00
2.550343940000656673e+00 -1.498201532547940973e+00
2.539761600000657538e+00 -1.498470968790425850e+00
2.529179260000658402e+00 -1.498738802749894905e+00
2.518596920000659267e+00 -1.499005233369781864e+00
2.508014580000660132e+00 -1.499270145994756387e+00
2.497432240000660997e+00 -1.499533697829827039e+00
2.486849900000661862e+00 -1.499795953048096209e+00
2.476267560000662726e+00 -1.500057106533587481e+00
2.465685220000663591e+00 -1.500317135539218194e+00
2.455102880000664456e+00 -1.500576242634720003e+00
2.444520540000665321e+00 -1.500834643714170635e+00
2.433938200000666185e+00 -1.501092450238977527e+00
2.423355860000667050e+00 -1.501350058263042575e+00
2.412773520000667915e+00 -1.501607548753383092e+00
2.402191180000668780e+00 -1.501865330473891369e+00
2.391608840000669645e+00 -1.502123747476760363e+00
2.381026500000670509e+00 -1.502383301137030225e+00
2.370444160000671374e+00 -1.502644385325910381e+00
2.359861820000672239e+00 -1.502907574592642348e+00
2.349279480000673104e+00 -1.503173585020098679e+00
2.338697140000673969e+00 -1.503443185907571644e+00
2.328114800000674833e+00 -1.503717418667028127e+00
2.317532460000675698e+00 -1.503997186589275170e+00
2.306950120000676563e+00 -1.504284008931905614e+00
2.296367780000677428e+00 -1.504579438500241562e+00
2.285785440000678292e+00 -1.504885583687470163e+00
2.275203100000679157e+00 -1.505205104223700019e+00
2.264620760000680022e+00 -1.505541270617632765e+00
2.254038420000680887e+00 -1.505898994756281084e+00
2.243456080000681752e+00 -1.506285502703150980e+00
2.232873740000682616e+00 -1.506713830615415528e+00
