1.058234000000000030e+01 -1.125252551323073558e+00
1.057175766000000117e+01 -1.125329088953140211e+00
1.056117532000000203e+01 -1.125405785346079490e+00
1.055059298000000290e+01 -1.125482635632581996e+00
1.054001064000000376e+01 -1.125559641516249432e+00
1.052942830000000463e+01 -1.125636804047635886e+00
1.051884596000000549e+01 -1.125714123330990413e+00
1.050826362000000636e+01 -1.125791600425111616e+00
1.049768128000000722e+01 -1.125869233352616794e+00
1.048709894000000808e+01 -1.125947028307825892e+00
1.047651660000000895e+01 -1.126024978625745909e+00
1.046593426000000981e+01 -1.126103091670930034e+00
1.045535192000001068e+01 -1.126181363126875112e+00
1.044476958000001154e+01 -1.126259794522787683e+00
1.043418724000001241e+01 -1.126338387050372702e+00
1.042360490000001327e+01 -1.126417140604738298e+00
1.041302256000001414e+01 -1.126496056386379729e+00
1.040244022000001500e+01 -1.126575141564917004e+00
1.039185788000001587e+01 -1.126654382109688601e+00
1.038127554000001673e+01 -1.126733784452935483e+00
1.037069320000001760e+01 -1.126813354000375300e+00
1.036011086000001846e+01 -1.126893086463524263e+00
1.034952852000001933e+01 -1.126972983372735992e+00
1.033894618000002019e+01 -1.127053045957212563e+00
1.032836384000002106e+01 -1.127133274113557571e+00
1.031778150000002192e+01 -1.127213667139299602e+00
1.030719916000002279e+01 -1.127294230862193825e+00
1.029661682000002365e+01 -1.127374959769139595e+00
1.028603448000002452e+01 -1.127455856949607149e+00
1.027545214000002538e+01 -1.127536922301136002e+00
1.026486980000002625e+01 -1.127618157083818407e+00
1.025428746000002711e+01 -1.127699559323330325e+00
1.024370512000002797e+01 -1.127781135286780367e+00
1.023312278000002884e+01 -1.127862879873713142e+00
1.022254044000002970e+01 -1.127944795924387122e+00
1.021195810000003057e+01 -1.128026883763034061e+00
1.020137576000003143e+01 -1.128109143384440349e+00
1.019079342000003230e+01 -1.128191576110641803e+00
1.018021108000003316e+01 -1.128274181825367428e+00
1.016962874000003403e+01 -1.128356961829124705e+00
1.015904640000003489e+01 -1.128439914149333978e+00
1.014846406000003576e+01 -1.128523045083741128e+00
1.013788172000003662e+01 -1.128606348027757278e+00
1.012729938000003749e+01 -1.128689830406497174e+00
1.011671704000003835e+01 -1.128773488008602666e+00
1.010613470000003922e+01 -1.128857322368559402e+00
1.009555236000004008e+01 -1.128941334818934994e+00
1.008497002000004095e+01 -1.129025525261226459e+00
1.007438768000004181e+01 -1.129109895038142852e+00
1.006380534000004268e+01 -1.129194442179167979e+00
1.005322300000004354e+01 -1.129279180685817785e+00
1.004264066000004441e+01 -1.129364088644918995e+00
1.003205832000004527e+01 -1.129449181156477300e+00
1.002147598000004614e+01 -1.129534454041720704e+00
1.001089364000004700e+01 -1.129619908837279585e+00
1.000031130000004786e+01 -1.129705546919318015e+00
9.989728960000048730e+00 -1.129791368191772838e+00
9.979146620000049595e+00 -1.129877374041358573e+00
9.968564280000050459e+00 -1.129963562499978202e+00
9.957981940000051324e+00 -1.130049939930749536e+00
9.947399600000052189e+00 -1.130136499768035652e+00
9.936817260000053054e+00 -1.130223249476180136e+00
9.926234920000053918e+00 -1.130310184910228610e+00
9.915652580000054783e+00 -1.130397307609443791e+00
9.905070240000055648e+00 -1.130484618995490687e+00
9.894487900000056513e+00 -1.130572118974996876e+00
9.883905560000057378e+00 -1.130659808980705172e+00
9.873323220000058242e+00 -1.130747689055810801e+00
9.862740880000059107e+00 -1.130835759572629495e+00
9.852158540000059972e+00 -1.130924020012261888e+00
9.841576200000060837e+00 -1.131012475851622678e+00
9.830993860000061701e+00 -1.131101122981220231e+00
9.820411520000062566e+00 -1.131189962943273120e+00
9.809829180000063431e+00 -1.131278997206949910e+00
9.799246840000064296e+00 -1.131368225682011008e+00
9.788664500000065161e+00 -1.131457647877736949e+00
9.778082160000066025e+00 -1.131547269761569829e+00
9.767499820000066890e+00 -1.131637085807610354e+00
9.756917480000067755e+00 -1.131727099371215406e+00
9.746335140000068620e+00 -1.131817310364008566e+00
9.735752800000069485e+00 -1.131907720294292430e+00
9.725170460000070349e+00 -1.131998327201910293e+00
9.714588120000071214e+00 -1.132089137542181989e+00
9.704005780000072079e+00 -1.132180146291821288e+00
9.693423440000072944e+00 -1.132271364756962440e+00
9.682841100000073808e+00 -1.132362776874437316e+00
9.672258760000074673e+00 -1.132454390932203125e+00
9.661676420000075538e+00 -1.132546208477669403e+00
9.651094080000076403e+00 -1.132638229426095489e+00
9.640511740000077268e+00 -1.132730455337269238e+00
9.629929400000078132e+00 -1.132822884254891749e+00
9.619347060000078997e+00 -1.132915522673358488e+00
9.608764720000079862e+00 -1.133008364107117805e+00
9.598182380000080727e+00 -1.133101416100977588e+00
9.587600040000081592e+00 -1.133194674643482891e+00
9.577017700000082456e+00 -1.133288141286403761e+00
9.566435360000083321e+00 -1.133381817630458643e+00
9.555853020000084186e+00 -1.133475703594909234e+00
9.545270680000085051e+00 -1.133569800793304605e+00
9.534688340000085915e+00 -1.133664107273905319e+00
9.524106000000086780e+00 -1.133758629571794296e+00
9.513523660000087645e+00 -1.133853361226846879e+00
9.502941320000088510e+00 -1.133948309809338362e+00
9.492358980000089375e+00 -1.134043471349329035e+00
9.481776640000090239e+00 -1.134138847403237449e+00
9.471194300000091104e+00 -1.134234439627539004e+00
9.460611960000091969e+00 -1.134330247945938952e+00
9.450029620000092834e+00 -1.134426274028358828e+00
9.439447280000093699e+00 -1.134522515927973707e+00
9.428864940000094563e+00 -1.134618980222647622e+00
9.418282600000095428e+00 -1.134715660478996746e+00
9.407700260000096293e+00 -1.134812564294121806e+00
9.397117920000097158e+00 -1.134909687741604278e+00
9.386535580000098022e+00 -1.135007032383070769e+00
9.375953240000098887e+00 -1.135104599933327130e+00
9.365370900000099752e+00 -1.135202390321051968e+00
9.354788560000100617e+00 -1.135300405275190050e+00
9.344206220000101482e+00 -1.135398653767945021e+00
9.333623880000102346e+00 -1.135497118564679164e+00
9.323041540000103211e+00 -1.135595808254056038e+00
9.312459200000104076e+00 -1.135694728411587695e+00
9.301876860000104941e+00 -1.135793875156295929e+00
9.291294520000105805e+00 -1.135893250055657777e+00
9.280712180000106670e+00 -1.135992854885641723e+00
9.270129840000107535e+00 -1.136092689580406212e+00
9.259547500000108400e+00 -1.136192753921430265e+00
9.248965160000109265e+00 -1.136293054059856145e+00
9.238382820000110129e+00 -1.136393584461859785e+00
9.227800480000110994e+00 -1.136494348823419820e+00
9.217218140000111859e+00 -1.136595347081927665e+00
9.206635800000112724e+00 -1.136696581063754152e+00
9.196053460000113589e+00 -1.136798048837523112e+00
9.185471120000114453e+00 -1.136899757099666841e+00
9.174888780000115318e+00 -1.137001700934016757e+00
9.164306440000116183e+00 -1.137103883687949679e+00
9.153724100000117048e+00 -1.137206305881176549e+00
9.143141760000117912e+00 -1.137308967649774516e+00
9.132559420000118777e+00 -1.137411870870745911e+00
9.121977080000119642e+00 -1.137515015487823078e+00
9.111394740000120507e+00 -1.137618403393911848e+00
9.100812400000121372e+00 -1.137722032664898464e+00
9.090230060000122236e+00 -1.137825910047785216e+00
9.079647720000123101e+00 -1.137930029216923433e+00
9.069065380000123966e+00 -1.138034397877887072e+00
9.058483040000124831e+00 -1.138139012276280226e+00
9.047900700000125696e+00 -1.138243873997642819e+00
9.037318360000126560e+00 -1.138348984987982426e+00
9.026736020000127425e+00 -1.138454345198082418e+00
9.016153680000128290e+00 -1.138559956590604827e+00
9.005571340000129155e+00 -1.138665817249503664e+00
8.994989000000130019e+00 -1.138771943529764741e+00
8.984406660000130884e+00 -1.138878310052255038e+00
8.973824320000131749e+00 -1.138984934089912304e+00
8.963241980000132614e+00 -1.139091811942340327e+00
8.952659640000133479e+00 -1.139198945203494961e+00
8.942077300000134343e+00 -1.139306335891888899e+00
8.931494960000135208e+00 -1.139413983965904542e+00
8.920912620000136073e+00 -1.139521891461483749e+00
8.910330280000136938e+00 -1.139630056471601760e+00
8.899747940000137802e+00 -1.139738485851697902e+00
8.889165600000138667e+00 -1.139847173346852482e+00
8.878583260000139532e+00 -1.139956126733730812e+00
8.868000920000140397e+00 -1.140065342368440593e+00
8.857418580000141262e+00 -1.140174821854399667e+00
8.846836240000142126e+00 -1.140284567286051098e+00
8.836253900000142991e+00 -1.140394578630363975e+00
8.825671560000143856e+00 -1.140504858000147337e+00
8.815089220000144721e+00 -1.140615405599968879e+00
8.804506880000145586e+00 -1.140726222038535242e+00
8.793924540000146450e+00 -1.140837307404557022e+00
8.783342200000147315e+00 -1.140948667411615158e+00
8.772759860000148180e+00 -1.141060298475320645e+00
8.762177520000149045e+00 -1.141172202209436604e+00
8.751595180000149909e+00 -1.141284380788327057e+00
8.741012840000150774e+00 -1.141396834188267428e+00
8.730430500000151639e+00 -1.141509564602828597e+00
8.719848160000152504e+00 -1.141622572258203405e+00
8.709265820000153369e+00 -1.141735857792492093e+00
8.698683480000154233e+00 -1.141849423287814691e+00
8.688101140000155098e+00 -1.141963268725960434e+00
8.677518800000155963e+00 -1.142077396347187745e+00
8.666936460000156828e+00 -1.142191804271853073e+00
8.656354120000157693e+00 -1.142306499510628015e+00
8.645771780000158557e+00 -1.142421477297709931e+00
8.635189440000159422e+00 -1.142536751710239828e+00
8.624607100000160287e+00 -1.142652302734750602e+00
8.614024760000161152e+00 -1.142768140947803879e+00
8.603442420000162016e+00 -1.142884268656281010e+00
8.592860080000162881e+00 -1.143000685852760379e+00
8.582277740000163746e+00 -1.143117394864936909e+00
8.571695400000164611e+00 -1.143234393825780071e+00
8.561113060000165476e+00 -1.143351689812422078e+00
8.550530720000166340e+00 -1.143469276717399730e+00
8.539948380000167205e+00 -1.143587162465614870e+00
8.529366040000168070e+00 -1.143705343639158878e+00
8.518783700000168935e+00 -1.143823821883174219e+00
8.508201360000169799e+00 -1.143942599595558107e+00
8.497619020000170664e+00 -1.144061676780556924e+00
8.487036680000171529e+00 -1.144181055857875329e+00
8.476454340000172394e+00 -1.144300734974414091e+00
8.465872000000173259e+00 -1.144420721277260578e+00
8.455289660000174123e+00 -1.144541008706278840e+00
8.444707320000174988e+00 -1.144661605233864510e+00
8.434124980000175853e+00 -1.144782507513480541e+00
8.423542640000176718e+00 -1.144903717204836635e+00
8.412960300000177583e+00 -1.145025236801472612e+00
8.402377960000178447e+00 -1.145147066320601370e+00
8.391795620000179312e+00 -1.145269208278755224e+00
8.381213280000180177e+00 -1.145391660838197767e+00
8.370630940000181042e+00 -1.145514431219592844e+00
8.360048600000181906e+00 -1.145637513413057418e+00
8.349466260000182771e+00 -1.145760915441507155e+00
8.338883920000183636e+00 -1.145884634033565552e+00
8.328301580000184501e+00 -1.146008670864874679e+00
8.317719240000185366e+00 -1.146133028529889852e+00
8.307136900000186230e+00 -1.146257707059885167e+00
8.296554560000187095e+00 -1.146382709073652029e+00
8.285972220000187960e+00 -1.146508046149813165e+00
8.275389880000188825e+00 -1.146633696648379441e+00
8.264807540000189690e+00 -1.146759672537168484e+00
8.254225200000190554e+00 -1.146885992276964750e+00
8.243642860000191419e+00 -1.147012613710017837e+00
8.233060520000192284e+00 -1.147139592393963792e+00
8.222478180000193149e+00 -1.147266874437826933e+00
8.211895840000194013e+00 -1.147394511486954816e+00
8.201313500000194878e+00 -1.147522465272542425e+00
8.190731160000195743e+00 -1.147650745980565379e+00
8.180148820000196608e+00 -1.147779407291877662e+00
8.169566480000197473e+00 -1.147908349721814991e+00
8.158984140000198337e+00 -1.148037664543427594e+00
8.148401800000199202e+00 -1.148167345438882547e+00
8.137819460000200067e+00 -1.148297290509411095e+00
8.127237120000200932e+00 -1.148427681386055221e+00
8.116654780000201796e+00 -1.148558314774437372e+00
8.106072440000202661e+00 -1.148689356710689058e+00
8.095490100000203526e+00 -1.148820737177209894e+00
8.084907760000204391e+00 -1.148952476085332686e+00
8.074325420000205256e+00 -1.149084544366745675e+00
8.063743080000206120e+00 -1.149217002282772793e+00
8.053160740000206985e+00 -1.149349786674002782e+00
8.042578400000207850e+00 -1.149482906850930242e+00
8.031996060000208715e+00 -1.149616404146095672e+00
8.021413720000209580e+00 -1.149750241275537377e+00
8.010831380000210444e+00 -1.149884466571531538e+00
8.000249040000211309e+00 -1.150019038243569991e+00
7.989666700000212174e+00 -1.150153951464492730e+00
7.979084360000213039e+00 -1.150289247403510684e+00
7.968502020000213903e+00 -1.150424907453082790e+00
7.957919680000214768e+00 -1.150560934638130473e+00
7.947337340000215633e+00 -1.150697348680207677e+00
7.936755000000216498e+00 -1.150834092765351313e+00
7.926172660000217363e+00 -1.150971241938042899e+00
7.915590320000218227e+00 -1.151108746204973832e+00
7.905007980000219092e+00 -1.151246654609589193e+00
7.894425640000219957e+00 -1.151384882700744461e+00
7.883843300000220822e+00 -1.151523545474623544e+00
7.873260960000221687e+00 -1.151662557411394783e+00
7.862678620000222551e+00 -1.151801950210067371e+00
7.852096280000223416e+00 -1.151941720221228760e+00
7.841513940000224281e+00 -1.152081845740971611e+00
7.830931600000225146e+00 -1.152222388239597217e+00
7.820349260000226010e+00 -1.152363312115239680e+00
7.809766920000226875e+00 -1.152504626731044146e+00
7.799184580000227740e+00 -1.152646329828625360e+00
7.788602240000228605e+00 -1.152788424665659894e+00
7.778019900000229470e+00 -1.152930956481523550e+00
7.767437560000230334e+00 -1.153073840242167192e+00
7.756855220000231199e+00 -1.153217070802260436e+00
7.746272880000232064e+00 -1.153360796167380409e+00
7.735690540000232929e+00 -1.153504821404132130e+00
7.725108200000233794e+00 -1.153649349098712529e+00
7.714525860000234658e+00 -1.153794229163084939e+00
7.703943520000235523e+00 -1.153939452445625014e+00
7.693361180000236388e+00 -1.154085140067714566e+00
7.682778840000237253e+00 -1.154231234474508039e+00
7.672196500000238117e+00 -1.154377740947869047e+00
7.661614160000238982e+00 -1.154524725250325679e+00
7.651031820000239847e+00 -1.154671981886211007e+00
7.640449480000240712e+00 -1.154819724466268349e+00
7.629867140000241577e+00 -1.154967882436308102e+00
7.619284800000242441e+00 -1.155116459311621657e+00
7.608702460000243306e+00 -1.155265537529389208e+00
7.598120120000244171e+00 -1.155414962835892956e+00
7.587537780000245036e+00 -1.155564806827097390e+00
7.576955440000245900e+00 -1.155714992637390859e+00
7.566373100000246765e+00 -1.155865685855462788e+00
7.555790760000247630e+00 -1.156016806730337132e+00
7.545208420000248495e+00 -1.156168358895958370e+00
7.534626080000249360e+00 -1.156320342539788770e+00
7.524043740000250224e+00 -1.156472880376290036e+00
7.513461400000251089e+00 -1.156625734918482973e+00
7.502879060000251954e+00 -1.156778907564170122e+00
7.492296720000252819e+00 -1.156932641848928522e+00
7.481714380000253684e+00 -1.157086952105195188e+00
7.471132040000254548e+00 -1.157241575160262936e+00
7.460549700000255413e+00 -1.157396491985123843e+00
7.449967360000256278e+00 -1.157552001969351707e+00
7.439385020000257143e+00 -1.157708123410314371e+00
7.428802680000258007e+00 -1.157864370879146509e+00
7.418220340000258872e+00 -1.158021405639401369e+00
7.407638000000259737e+00 -1.158178735331987452e+00
7.397055660000260602e+00 -1.158336329735939696e+00
7.386473320000261467e+00 -1.158494759339425251e+00
7.375890980000262331e+00 -1.158653256937416387e+00
7.365308640000263196e+00 -1.158812414545045355e+00
7.354726300000264061e+00 -1.158972038017691331e+00
7.344143960000264926e+00 -1.159132358775998739e+00
7.333561620000265791e+00 -1.159292687275897293e+00
7.322979280000266655e+00 -1.159453962273481187e+00
7.312396940000267520e+00 -1.159615220604288233e+00
7.301814600000268385e+00 -1.159777201705847194e+00
7.291232260000269250e+00 -1.159939934598428479e+00
7.280649920000270114e+00 -1.160102590253063504e+00
7.270067580000270979e+00 -1.160266006182944620e+00
7.259485240000271844e+00 -1.160430220349654373e+00
7.248902900000272709e+00 -1.160594617563434960e+00
7.238320560000273574e+00 -1.160759504122039099e+00
7.227738220000274438e+00 -1.160924895559735992e+00
7.217155880000275303e+00 -1.161090763946058146e+00
7.206573540000276168e+00 -1.161256751395624010e+00
7.195991200000277033e+00 -1.161423594570252016e+00
7.185408860000277897e+00 -1.161590939830890568e+00
7.174826520000278762e+00 -1.161758784724390425e+00
7.164244180000279627e+00 -1.161927573729385044e+00
7.153661840000280492e+00 -1.162095986680261817e+00
7.143079500000281357e+00 -1.162265350620268922e+00
7.132497160000282221e+00 -1.162435219628202621e+00
7.121914820000283086e+00 -1.162606112494803501e+00
7.111332480000283951e+00 -1.162776499224448257e+00
7.100750140000284816e+00 -1.162948461967676650e+00
7.090167800000285681e+00 -1.163120415499786953e+00
7.079585460000286545e+00 -1.163292885060575266e+00
7.069003120000287410e+00 -1.163465889001670472e+00
7.058420780000288275e+00 -1.163638776994227353e+00
7.047838440000289140e+00 -1.163812808039966784e+00
7.037256100000290004e+00 -1.163987369729410748e+00
7.026673760000290869e+00 -1.164162462994538849e+00
7.016091420000291734e+00 -1.164338092467454899e+00
7.005509080000292599e+00 -1.164514258475727315e+00
6.994926740000293464e+00 -1.164690965698234715e+00
6.984344400000294328e+00 -1.164868207990621851e+00
6.973762060000295193e+00 -1.165046008280420597e+00
6.963179720000296058e+00 -1.165224352386295070e+00
6.952597380000296923e+00 -1.165403239882823350e+00
6.942015040000297788e+00 -1.165582683445781420e+00
6.931432700000298652e+00 -1.165762680378324978e+00
6.920850360000299517e+00 -1.165943235518995813e+00
6.910268020000300382e+00 -1.166124349217251055e+00
6.899685680000301247e+00 -1.166306026360042436e+00
6.889103340000302111e+00 -1.166488260682218003e+00
6.878521000000302976e+00 -1.166671091901585688e+00
6.867938660000303841e+00 -1.166854473312352036e+00
6.857356320000304706e+00 -1.167038420452263914e+00
6.846773980000305571e+00 -1.167222946579804743e+00
6.836191640000306435e+00 -1.167408048884326588e+00
6.825609300000307300e+00 -1.167593732418202190e+00
6.815026960000308165e+00 -1.167779997549361015e+00
6.804444620000309030e+00 -1.167966849380357441e+00
6.793862280000309894e+00 -1.168154281517029380e+00
6.783279940000310759e+00 -1.168342318120652257e+00
6.772697600000311624e+00 -1.168530944590495668e+00
6.762115260000312489e+00 -1.168720160139192332e+00
6.751532920000313354e+00 -1.168909978636257119e+00
6.740950580000314218e+00 -1.169100397145262926e+00
6.730368240000315083e+00 -1.169291420939505333e+00
6.719785900000315948e+00 -1.169483050400541568e+00
6.709203560000316813e+00 -1.169675290853364080e+00
6.698621220000317678e+00 -1.169868143438450137e+00
6.688038880000318542e+00 -1.170061609943198855e+00
6.677456540000319407e+00 -1.170255698565770164e+00
6.666874200000320272e+00 -1.170450400635496102e+00
6.656291860000321137e+00 -1.170645730660796247e+00
6.645709520000322001e+00 -1.170841685565868318e+00
6.635127180000322866e+00 -1.171038270851143981e+00
6.624544840000323731e+00 -1.171235486905391809e+00
6.613962500000324596e+00 -1.171433342171874115e+00
6.603380160000325461e+00 -1.171631815762080864e+00
6.592797820000326325e+00 -1.171830944209541592e+00
6.582215480000327190e+00 -1.172030717378687470e+00
6.571633140000328055e+00 -1.172231135656232048e+00
6.561050800000328920e+00 -1.172432204722010152e+00
6.550468460000329785e+00 -1.172633917796517711e+00
6.539886120000330649e+00 -1.172836300739146909e+00
6.529303780000331514e+00 -1.173039333804914763e+00
6.518721440000332379e+00 -1.173243047212271684e+00
6.508139100000333244e+00 -1.173447407028438638e+00
6.497556760000334108e+00 -1.173652432368809340e+00
6.486974420000334973e+00 -1.173858129093229508e+00
6.476392080000335838e+00 -1.174064497580151523e+00
6.465809740000336703e+00 -1.174271543743554691e+00
6.455227400000337568e+00 -1.174479260625180599e+00
6.444645060000338432e+00 -1.174687674790188208e+00
6.434062720000339297e+00 -1.174896770769013221e+00
6.423480380000340162e+00 -1.175106546930938300e+00
6.412898040000341027e+00 -1.175317019530496276e+00
6.402315700000341891e+00 -1.175528185055065400e+00
6.391733360000342756e+00 -1.175740049601121884e+00
6.381151020000343621e+00 -1.175952613525975243e+00
6.370568680000344486e+00 -1.176165882980258148e+00
6.359986340000345351e+00 -1.176379850806043015e+00
6.349404000000346215e+00 -1.176594544297676626e+00
6.338821660000347080e+00 -1.176809947695131031e+00
6.328239320000347945e+00 -1.177026059075124698e+00
6.317656980000348810e+00 -1.177242895421455771e+00
6.307074640000349675e+00 -1.177460453013376984e+00
6.296492300000350539e+00 -1.177678738184105178e+00
6.285909960000351404e+00 -1.177897751254817216e+00
6.275327620000352269e+00 -1.178117498613324932e+00
6.264745280000353134e+00 -1.178337972877987250e+00
6.254162940000353998e+00 -1.178559202095528446e+00
6.243580600000354863e+00 -1.178781170188289984e+00
6.232998260000355728e+00 -1.179003874910031335e+00
6.222415920000356593e+00 -1.179227333998236649e+00
6.211833580000357458e+00 -1.179451543497344712e+00
6.201251240000358322e+00 -1.179676509977062748e+00
6.190668900000359187e+00 -1.179902233703315817e+00
6.180086560000360052e+00 -1.180128721300155448e+00
6.169504220000360917e+00 -1.180355994001879516e+00
6.158921880000361782e+00 -1.180584014027221240e+00
6.148339540000362646e+00 -1.180812811617146352e+00
6.137757200000363511e+00 -1.181042375236635245e+00
6.127174860000364376e+00 -1.181272723400599745e+00
6.116592520000365241e+00 -1.181503851888287882e+00
6.106010180000366105e+00 -1.181735767503052648e+00
6.095427840000366970e+00 -1.181968470433585994e+00
6.084845500000367835e+00 -1.182201967536722353e+00
6.074263160000368700e+00 -1.182436260094201330e+00
6.063680820000369565e+00 -1.182671350129407939e+00
6.053098480000370429e+00 -1.182907244316451445e+00
6.042516140000371294e+00 -1.183143942790085390e+00
6.031933800000372159e+00 -1.183381452534449263e+00
6.021351460000373024e+00 -1.183619764002042718e+00
6.010769120000373889e+00 -1.183858910084470750e+00
6.000186780000374753e+00 -1.184098866458720201e+00
5.989604440000375618e+00 -1.184339647625884062e+00
5.979022100000376483e+00 -1.184581255619127083e+00
5.968439760000377348e+00 -1.184823691646616162e+00
5.957857420000378212e+00 -1.185066962864645745e+00
5.947275080000379077e+00 -1.185311069288187635e+00
5.936692740000379942e+00 -1.185556018124581001e+00
5.926110400000380807e+00 -1.185801800940485595e+00
5.915528060000381672e+00 -1.186048448641664477e+00
5.904945720000382536e+00 -1.186295943733348679e+00
5.894363380000383401e+00 -1.186544282517304483e+00
5.883781040000384266e+00 -1.186793485598437448e+00
5.873198700000385131e+00 -1.187043547910383579e+00
5.862616360000385995e+00 -1.187294476826435519e+00
5.852034020000386860e+00 -1.187546272209788034e+00
5.841451680000387725e+00 -1.187798941482778092e+00
5.830869340000388590e+00 -1.188052475825552623e+00
5.820287000000389455e+00 -1.188306906997805390e+00
5.809704660000390319e+00 -1.188562239269440379e+00
5.799122320000391184e+00 -1.188818423978657224e+00
5.788539980000392049e+00 -1.189075504775133130e+00
5.777957640000392914e+00 -1.189333476184923466e+00
5.767375300000393779e+00 -1.189592345787637839e+00
5.756792960000394643e+00 -1.189852113258798250e+00
5.746210620000395508e+00 -1.190112786224908126e+00
5.735628280000396373e+00 -1.190374355432388009e+00
5.725045940000397238e+00 -1.190636853515510740e+00
5.714463600000398102e+00 -1.190900261929866533e+00
5.703881260000398967e+00 -1.191164575898934208e+00
5.693298920000399832e+00 -1.191429817761482823e+00
5.682716580000400697e+00 -1.191695981583601460e+00
5.672134240000401562e+00 -1.191963065202208405e+00
5.661551900000402426e+00 -1.192231087354697072e+00
5.650969560000403291e+00 -1.192500036304501077e+00
5.640387220000404156e+00 -1.192769932668483746e+00
5.629804880000405021e+00 -1.193040768517942274e+00
5.619222540000405886e+00 -1.193312556545548242e+00
5.608640200000406750e+00 -1.193585280726601860e+00
5.598057860000407615e+00 -1.193858964296536929e+00
5.587475520000408480e+00 -1.194133600801469131e+00
5.576893180000409345e+00 -1.194409198191338506e+00
5.566310840000410209e+00 -1.194685755634681490e+00
5.555728500000411074e+00 -1.194963272341823091e+00
5.545146160000411939e+00 -1.195241775337270607e+00
5.534563820000412804e+00 -1.195521239788774892e+00
5.523981480000413669e+00 -1.195801682223706752e+00
5.513399140000414533e+00 -1.196083101636167267e+00
5.502816800000415398e+00 -1.196365506105476317e+00
5.492234460000416263e+00 -1.196648885005463958e+00
5.481652120000417128e+00 -1.196933273302231093e+00
5.471069780000417992e+00 -1.197218642983664427e+00
5.460487440000418857e+00 -1.197505035636545978e+00
5.449905100000419722e+00 -1.197792403123513205e+00
5.439322760000420587e+00 -1.198080770540895790e+00
5.428740420000421452e+00 -1.198370146081512155e+00
5.418158080000422316e+00 -1.198660528382941459e+00
5.407575740000423181e+00 -1.198951925671250640e+00
5.396993400000424046e+00 -1.199244326667220584e+00
5.386411060000424911e+00 -1.199537767288569423e+00
5.375828720000425776e+00 -1.199832226507364208e+00
5.365246380000426640e+00 -1.200127696993752435e+00
5.354664040000427505e+00 -1.200424204379519688e+00
5.344081700000428370e+00 -1.200721740590433795e+00
5.333499360000429235e+00 -1.201020313948908180e+00
5.322917020000430099e+00 -1.201319922676589824e+00
5.312334680000430964e+00 -1.201620575123913293e+00
5.301752340000431829e+00 -1.201922259282751204e+00
5.291170000000432694e+00 -1.202225012043761865e+00
5.280587660000433559e+00 -1.202528811508735807e+00
5.270005320000434423e+00 -1.202833649453599829e+00
5.259422980000435288e+00 -1.203139552485486874e+00
5.248840640000436153e+00 -1.203446511760039694e+00
5.238258300000437018e+00 -1.203754535704468331e+00
5.227675960000437883e+00 -1.204063622057246929e+00
5.217093620000438747e+00 -1.204373779267527533e+00
5.206511280000439612e+00 -1.204684994513216756e+00
5.195928940000440477e+00 -1.204997305677697694e+00
5.185346600000441342e+00 -1.205310689901553545e+00
5.174764260000442206e+00 -1.205625137973172611e+00
5.164181920000443071e+00 -1.205940677493877011e+00
5.153599580000443936e+00 -1.206257298758828922e+00
5.143017240000444801e+00 -1.206575010269458348e+00
5.132434900000445666e+00 -1.206893809204957924e+00
5.121852560000446530e+00 -1.207213704081394834e+00
5.111270220000447395e+00 -1.207534721628335195e+00
5.100687880000448260e+00 -1.207856806961688623e+00
5.090105540000449125e+00 -1.208180002412148291e+00
5.079523200000449989e+00 -1.208504284736324097e+00
5.068940860000450854e+00 -1.208829682544801498e+00
5.058358520000451719e+00 -1.209156185168696718e+00
5.047776180000452584e+00 -1.209483801146250537e+00
5.037193840000453449e+00 -1.209812527007946281e+00
5.026611500000454313e+00 -1.210142360877030754e+00
5.016029160000455178e+00 -1.210473332705712224e+00
5.005446820000456043e+00 -1.210805410809580041e+00
4.994864480000456908e+00 -1.211138613811705733e+00
4.984282140000457773e+00 -1.211472937838378838e+00
4.973699800000458637e+00 -1.211808391424892939e+00
4.963117460000459502e+00 -1.212144959197673399e+00
4.952535120000460367e+00 -1.212482681636192439e+00
4.941952780000461232e+00 -1.212821522562635757e+00
4.931370440000462096e+00 -1.213161500801992920e+00
4.920788100000462961e+00 -1.213502615466740098e+00
4.910205760000463826e+00 -1.213844864501405052e+00
4.899623420000464691e+00 -1.214188256395091869e+00
4.889041080000465556e+00 -1.214532786453642155e+00
4.878458740000466420e+00 -1.214878463148858945e+00
4.867876400000467285e+00 -1.215225269873630110e+00
4.857294060000468150e+00 -1.215573248121361027e+00
4.846711720000469015e+00 -1.215922370667015029e+00
4.836129380000469880e+00 -1.216272623808965392e+00
4.825547040000470744e+00 -1.216624038741154878e+00
4.814964700000471609e+00 -1.216976601729655716e+00
4.804382360000472474e+00 -1.217330321135710713e+00
4.793800020000473339e+00 -1.217685191301034475e+00
4.783217680000474203e+00 -1.218041220548069736e+00
4.772635340000475068e+00 -1.218398390863085767e+00
4.762053000000475933e+00 -1.218756775066169640e+00
4.751470660000476798e+00 -1.219116283744215323e+00
4.740888320000477663e+00 -1.219476931813245901e+00
4.730305980000478527e+00 -1.219838751433539592e+00
4.719723640000479392e+00 -1.220201727357953292e+00
4.709141300000480257e+00 -1.220565867709598518e+00
4.698558960000481122e+00 -1.220931165687718867e+00
4.687976620000481986e+00 -1.221297629348133906e+00
4.677394280000482851e+00 -1.221665239055769403e+00
4.666811940000483716e+00 -1.222034038218115848e+00
4.656229600000484581e+00 -1.222403996200758458e+00
4.645647260000485446e+00 -1.222775095790842537e+00
4.635064920000486310e+00 -1.223147370038995874e+00
4.624482580000487175e+00 -1.223520801954166792e+00
4.613900240000488040e+00 -1.223895399264545825e+00
4.603317900000488905e+00 -1.224271153801526735e+00
4.592735560000489770e+00 -1.224648073191512365e+00
4.582153220000490634e+00 -1.225026152119689682e+00
4.571570880000491499e+00 -1.225405386193598511e+00
4.560988540000492364e+00 -1.225785791306014616e+00
4.550406200000493229e+00 -1.226167331867503929e+00
4.539823860000494093e+00 -1.226550041716216510e+00
4.529241520000494958e+00 -1.226933901788938464e+00
4.518659180000495823e+00 -1.227318919221242588e+00
4.508076840000496688e+00 -1.227705084190158225e+00
4.497494500000497553e+00 -1.228092391013301476e+00
4.486912160000498417e+00 -1.228480870838348560e+00
4.476329820000499282e+00 -1.228870479811355665e+00
4.465747480000500147e+00 -1.229261236869967577e+00
4.455165140000501012e+00 -1.229653131119622156e+00
4.444582800000501877e+00 -1.230046169046489446e+00
4.434000460000502741e+00 -1.230440336853452221e+00
4.423418120000503606e+00 -1.230835645613651552e+00
4.412835780000504471e+00 -1.231232078662814144e+00
4.402253440000505336e+00 -1.231629676277316454e+00
4.391671100000506200e+00 -1.232028364947935328e+00
4.381088760000507065e+00 -1.232428168640203436e+00
4.370506420000507930e+00 -1.232829092958529271e+00
4.359924080000508795e+00 -1.233231124741146267e+00
4.349341740000509660e+00 -1.233634269306186804e+00
4.338759400000510524e+00 -1.234038510463997707e+00
4.328177060000511389e+00 -1.234443857903436914e+00
4.317594720000512254e+00 -1.234850295378107088e+00
4.307012380000513119e+00 -1.235257820280284635e+00
4.296430040000513984e+00 -1.235666431271369436e+00
4.285847700000514848e+00 -1.236076114071708254e+00
4.275265360000515713e+00 -1.236486872753913779e+00
4.264683020000516578e+00 -1.236898691352723567e+00
4.254100680000517443e+00 -1.237311573539279896e+00
4.243518340000518307e+00 -1.237725500150864688e+00
4.232936000000519172e+00 -1.238140478971266001e+00
4.222353660000520037e+00 -1.238556491059073394e+00
4.211771320000520902e+00 -1.238973531024695207e+00
4.201188980000521767e+00 -1.239391595430808568e+00
4.190606640000522631e+00 -1.239810666631772085e+00
4.180024300000523496e+00 -1.240230746571340026e+00
4.169441960000524361e+00 -1.240651815801350422e+00
4.158859620000525226e+00 -1.241073875712508157e+00
4.148277280000526090e+00 -1.241496903428026988e+00
4.137694940000526955e+00 -1.241920904150327631e+00
4.127112600000527820e+00 -1.242345855502633656e+00
4.116530260000528685e+00 -1.242771748549671651e+00
4.105947920000529550e+00 -1.243198577020677931e+00
4.095365580000530414e+00 -1.243626319058976470e+00
4.084783240000531279e+00 -1.244054973697942046e+00
4.074200900000532144e+00 -1.244484517149300418e+00
4.063618560000533009e+00 -1.244914947696853513e+00
4.053036220000533874e+00 -1.245346279954418156e+00
4.042453880000534738e+00 -1.245778414353587937e+00
4.031871540000535603e+00 -1.246211399339020698e+00
4.021289200000536468e+00 -1.246645205322173711e+00
4.010706860000537333e+00 -1.247079822246585756e+00
4.000124520000538197e+00 -1.247515222966591120e+00
3.989542180000539062e+00 -1.247951402582029301e+00
3.978959840000539927e+00 -1.248388331878826696e+00
3.968377500000540792e+00 -1.248826003543423324e+00
3.957795160000541657e+00 -1.249264395741141564e+00
3.947212820000542521e+00 -1.249703479467327849e+00
3.936630480000543386e+00 -1.250143247809833325e+00
3.926048140000544251e+00 -1.250583667845442726e+00
3.915465800000545116e+00 -1.251024731035245807e+00
3.904883460000545981e+00 -1.251466400013774516e+00
3.894301120000546845e+00 -1.251908668830277405e+00
3.883718780000547710e+00 -1.252351497333614061e+00
3.873136440000548575e+00 -1.252794874638169409e+00
3.862554100000549440e+00 -1.253238770115554068e+00
3.851971760000550304e+00 -1.253683149681751541e+00
3.841389420000551169e+00 -1.254127999614371936e+00
3.830807080000552034e+00 -1.254573279496218774e+00
3.820224740000552899e+00 -1.255018974063606629e+00
3.809642400000553764e+00 -1.255465037778233484e+00
3.799060060000554628e+00 -1.255911457791558661e+00
3.788477720000555493e+00 -1.256358187321821474e+00
3.777895380000556358e+00 -1.256805202746210215e+00
3.767313040000557223e+00 -1.257252470344954576e+00
3.756730700000558087e+00 -1.257699945186271817e+00
3.746148360000558952e+00 -1.258147605572488725e+00
3.735566020000559817e+00 -1.258595401607015107e+00
3.724983680000560682e+00 -1.259043309591139748e+00
3.714401340000561547e+00 -1.259491266326004499e+00
3.703819000000562411e+00 -1.259939307559375887e+00
3.693236660000563276e+00 -1.260387285834289717e+00
3.682654320000564141e+00 -1.260835202100005992e+00
3.672071980000565006e+00 -1.261283020823924961e+00
3.661489640000565871e+00 -1.261730682791744496e+00
3.650907300000566735e+00 -1.262178155983394223e+00
3.640324960000567600e+00 -1.262625378775187546e+00
3.629742620000568465e+00 -1.263072316574529008e+00
3.619160280000569330e+00 -1.263518902982961878e+00
3.608577940000570194e+00 -1.263965097852426611e+00
3.597995600000571059e+00 -1.264410838655387614e+00
3.587413260000571924e+00 -1.264856075115414091e+00
3.576830920000572789e+00 -1.265300752257523031e+00
3.566248580000573654e+00 -1.265744798790268799e+00
3.555666240000574518e+00 -1.266188169460273683e+00
3.545083900000575383e+00 -1.266630788203595648e+00
3.534501560000576248e+00 -1.267072606490021958e+00
3.523919220000577113e+00 -1.267513548173741844e+00
3.513336880000577978e+00 -1.267953540257843681e+00
3.502754540000578842e+00 -1.268392522589520510e+00
3.492172200000579707e+00 -1.268830422738003172e+00
3.481589860000580572e+00 -1.269267169841092668e+00
3.471007520000581437e+00 -1.269702674898377293e+00
3.460425180000582301e+00 -1.270136875841788804e+00
3.449842840000583166e+00 -1.270569678916996015e+00
3.439260500000584031e+00 -1.271001025805451157e+00
3.428678160000584896e+00 -1.271430797269874846e+00
3.418095820000585761e+00 -1.271858925489539160e+00
3.407513480000586625e+00 -1.272285327177518299e+00
3.396931140000587490e+00 -1.272709897123412759e+00
3.386348800000588355e+00 -1.273132557383184649e+00
3.375766460000589220e+00 -1.273553193362550573e+00
3.365184120000590084e+00 -1.273971720604369251e+00
3.354601780000590949e+00 -1.274388024988604817e+00
3.344019440000591814e+00 -1.274802047158107410e+00
3.333437100000592679e+00 -1.275213611180587181e+00
3.322854760000593544e+00 -1.275622627146631327e+00
3.312272420000594408e+00 -1.276028997779138807e+00
3.301690080000595273e+00 -1.276432593857443010e+00
3.291107740000596138e+00 -1.276833312234497919e+00
3.280525400000597003e+00 -1.277231011428309859e+00
3.269943060000597868e+00 -1.277625582056904463e+00
3.259360720000598732e+00 -1.278016885323864038e+00
3.248778380000599597e+00 -1.278404792423320835e+00
3.238196040000600462e+00 -1.278789174210835933e+00
3.227613700000601327e+00 -1.279169875486845465e+00
3.217031360000602191e+00 -1.279546768995278416e+00
3.206449020000603056e+00 -1.279919696468760915e+00
3.195866680000603921e+00 -1.280288523356441388e+00
3.185284340000604786e+00 -1.280653075452046652e+00
3.174702000000605651e+00 -1.281013211537323837e+00
3.164119660000606515e+00 -1.281368763294339574e+00
3.153537320000607380e+00 -1.281719559897356975e+00
3.142954980000608245e+00 -1.282065445420491168e+00
3.132372640000609110e+00 -1.282406226317702513e+00
3.121790300000609975e+00 -1.282741738117147090e+00
3.111207960000610839e+00 -1.283071787529775243e+00
3.100625620000611704e+00 -1.283396201051004937e+00
3.090043280000612569e+00 -1.283714777783278471e+00
3.079460940000613434e+00 -1.284027301499720553e+00
3.068878600000614298e+00 -1.284333587254021136e+00
3.058296260000615163e+00 -1.284633443383945028e+00
3.047713920000616028e+00 -1.284926635204400869e+00
3.037131580000616893e+00 -1.285212946211655716e+00
3.026549240000617758e+00 -1.285492161167110847e+00
3.015966900000618622e+00 -1.285764044611312773e+00
3.005384560000619487e+00 -1.286028374836764687e+00
2.994802220000620352e+00 -1.286284917231331093e+00
2.984219880000621217e+00 -1.286533386854260996e+00
2.973637540000622081e+00 -1.286773549363462665e+00
2.963055200000622946e+00 -1.287005169330903476e+00
2.952472860000623811e+00 -1.287227966021743608e+00
2.941890520000624676e+00 -1.287441661034785190e+00
2.931308180000625541e+00 -1.287645986532025333e+00
2.920725840000626405e+00 -1.287840656258523397e+00
2.910143500000627270e+00 -1.288025373039240806e+00
2.899561160000628135e+00 -1.288199870115599444e+00
2.888978820000629000e+00 -1.288363802793132118e+00
2.878396480000629865e+00 -1.288516874333083262e+00
2.867814140000630729e+00 -1.288658765840672071e+00
2.857231800000631594e+00 -1.288789156999138319e+00
2.846649460000632459e+00 -1.288907704913245800e+00
2.836067120000633324e+00 -1.289014049203915713e+00
2.825484780000634188e+00 -1.289107864410149240e+00
2.814902440000635053e+00 -1.289188778398431934e+00
2.804320100000635918e+00 -1.289256434754733505e+00
2.793737760000636783e+00 -1.289310440228379484e+00
2.783155420000637648e+00 -1.289350410722843288e+00
2.772573080000638512e+00 -1.289375959062994514e+00
2.761990740000639377e+00 -1.289386681827211723e+00
2.751408400000640242e+00 -1.289382174480236065e+00
2.740826060000641107e+00 -1.289361947385498031e+00
2.730243720000641972e+00 -1.289325615771409916e+00
2.719661380000642836e+00 -1.289272780852432909e+00
2.709079040000643701e+00 -1.289202924691359220e+00
2.698496700000644566e+00 -1.289115592501920204e+00
2.687914360000645431e+00 -1.289010301709691442e+00
2.677332020000646295e+00 -1.288886582074660447e+00
2.666749680000647160e+00 -1.288743926969105447e+00
2.656167340000648025e+00 -1.288581809549327106e+00
2.645585000000648890e+00 -1.288399723138692554e+00
2.635002660000649755e+00 -1.288197119275032776e+00
2.624420320000650619e+00 -1.287973449503612366e+00
2.613837980000651484e+00 -1.287728168140649831e+00
2.603255640000652349e+00 -1.287460686354712225e+00
2.592673300000653214e+00 -1.287170399153658051e+00
2.582090960000654078e+00 -1.286856734869394669e+00
2.571508620000654943e+00 -1.286519058548886374e+00
2.560926280000655808e+00 -1.286156707214448858e+00
2.550343940000656673e+00 -1.285769111765465489e+00
2.539761600000657538e+00 -1.285355564603244627e+00
2.529179260000658402e+00 -1.284915332596668458e+00
2.518596920000659267e+00 -1.284447806256808100e+00
2.508014580000660132e+00 -1.283952246658830454e+00
2.497432240000660997e+00 -1.283427896738823737e+00
2.486849900000661862e+00 -1.282874060911375569e+00
2.476267560000662726e+00 -1.282289944897681000e+00
2.465685220000663591e+00 -1.281674753582247472e+00
2.455102880000664456e+00 -1.281027737557692836e+00
2.444520540000665321e+00 -1.280348070944536065e+00
2.433938200000666185e+00 -1.279634825409590393e+00
2.423355860000667050e+00 -1.278887255015058511e+00
2.412773520000667915e+00 -1.278104454547548396e+00
2.402191180000668780e+00 -1.277285478883141145e+00
2.391608840000669645e+00 -1.276429481762452633e+00
2.381026500000670509e+00 -1.275535423022331472e+00
2.370444160000671374e+00 -1.274602477087059871e+00
2.359861820000672239e+00 -1.273629578755180347e+00
2.349279480000673104e+00 -1.272615685482694436e+00
2.338697140000673969e+00 -1.271559854340881257e+00
2.328114800000674833e+00 -1.270460966549817439e+00
2.317532460000675698e+00 -1.269317926562977261e+00
2.306950120000676563e+00 -1.268129733444543161e+00
2.296367780000677428e+00 -1.266895185264419244e+00
2.285785440000678292e+00 -1.265613012441572982e+00
2.275203100000679157e+00 -1.264282247167952900e+00
2.264620760000680022e+00 -1.262901617444343261e+00
2.254038420000680887e+00 -1.261469799389471902e+00
2.243456080000681752e+00 -1.259985651067450085e+00
2.232873740000682616e+00 -1.258447786795816370e+00
2.222291400000683481e+00 -1.256854878263641062e+00
2.211709060000684346e+00 -1.255205694554797580e+00
2.201126720000685211e+00 -1.253498778678491909e+00
2.190544380000686076e+00 -1.251732629839943600e+00
2.179962040000686940e+00 -1.249905932254574914e+00
2.169379700000687805e+00 -1.248017216721985623e+00
2.158797360000688670e+00 -1.246064852935315326e+00
2.148215020000689535e+00 -1.244047467490602354e+00
2.137632680000690399e+00 -1.241963358185735222e+00
2.127050340000691264e+00 -1.239810924402632075e+00
2.116468000000692129e+00 -1.237588665463145610e+00
2.105885660000692994e+00 -1.235294815741574848e+00
2.095303320000693859e+00 -1.232927559678214990e+00
2.084720980000694723e+00 -1.230485296604893586e+00
2.074138640000695588e+00 -1.227966267998361616e+00
2.063556300000696453e+00 -1.225368484612626929e+00
2.052973960000697318e+00 -1.222690311186156009e+00
2.042391620000698182e+00 -1.219929673936061665e+00
2.031809280000699047e+00 -1.217084675391150173e+00
2.021226940000699912e+00 -1.214153480544125197e+00
2.010644600000700777e+00 -1.211133985726707163e+00
2.000062260000701642e+00 -1.208024032633800759e+00
1.989479920000702506e+00 -1.204821671703491193e+00
1.978897580000703371e+00 -1.201524828219488361e+00
1.968315240000704236e+00 -1.198131099409626810e+00
1.957732900000705101e+00 -1.194638560277699657e+00
1.947150560000705966e+00 -1.191044710923703231e+00
1.936568220000706830e+00 -1.187347098897542086e+00
1.925985880000707695e+00 -1.183543978003605446e+00
1.915403540000708560e+00 -1.179632589282385347e+00
1.904821200000709425e+00 -1.175610408381637217e+00
1.894238860000710289e+00 -1.171475094324170740e+00
1.883656520000711154e+00 -1.167224215515775043e+00
1.873074180000712019e+00 -1.162854889705115635e+00
1.862491840000712884e+00 -1.158364865637522056e+00
1.851909500000713749e+00 -1.153750983741274272e+00
1.841327160000714613e+00 -1.149011064160431861e+00
1.830744820000715478e+00 -1.144142114933653032e+00
1.820162480000716343e+00 -1.139141041454848402e+00
1.809580140000717208e+00 -1.134005378885339255e+00
1.798997800000718073e+00 -1.128731799284565795e+00
1.788415460000718937e+00 -1.123317421224624191e+00
1.777833120000719802e+00 -1.117759321670535044e+00
1.767250780000720667e+00 -1.112054277776799882e+00
1.756668440000721532e+00 -1.106198768144190936e+00
1.746086100000722396e+00 -1.100189820541220165e+00
1.735503760000723261e+00 -1.094024197771647167e+00
1.724921420000724126e+00 -1.087697999494107171e+00
1.714339080000724991e+00 -1.081208249870238225e+00
1.703756740000725856e+00 -1.074550859208885711e+00
1.693174400000726720e+00 -1.067722312608332835e+00
1.682592060000727585e+00 -1.060719045537135363e+00
1.672009720000728450e+00 -1.053536992903069347e+00
1.661427380000729315e+00 -1.046171975581622116e+00
1.650845040000730179e+00 -1.038620131342039343e+00
1.640262700000731044e+00 -1.030877515504925013e+00
1.629680360000731909e+00 -1.022939253055455744e+00
1.619098020000732774e+00 -1.014801628727983740e+00
1.608515680000733639e+00 -1.006459512545019530e+00
1.597933340000734503e+00 -9.979085369282038043e-01
1.587351000000735368e+00 -9.891441639430664790e-01
1.576768660000736233e+00 -9.801608456516603951e-01
1.566186320000737098e+00 -9.709542699954718525e-01
1.555603980000737963e+00 -9.615190420531092297e-01
1.545021640000738827e+00 -9.518501943767470053e-01
1.534439300000739692e+00 -9.419415756394410311e-01
1.523856960000740557e+00 -9.317884346611978730e-01
1.513274620000741422e+00 -9.213842530138400821e-01
1.502692280000742286e+00 -9.107234900656632215e-01
1.492109940000743151e+00 -8.998002706001203554e-01
1.481527600000744016e+00 -8.886081264947474079e-01
1.470945260000744881e+00 -8.771403773015755689e-01
1.460362920000745746e+00 -8.653905866481184095e-01
1.449780580000746610e+00 -8.533523710563186704e-01
1.439198240000747475e+00 -8.410177744197320227e-01
1.428615900000748340e+00 -8.283805772554946323e-01
1.418033560000749205e+00 -8.154323445121629543e-01
1.407451220000750070e+00 -8.021656917890984673e-01
1.396868880000750934e+00 -7.885733338414970817e-01
1.386286540000751799e+00 -7.746463583506995043e-01
1.375704200000752664e+00 -7.603761942895477244e-01
1.365121860000753529e+00 -7.457542935140923923e-01
1.354539520000754393e+00 -7.307722087744592532e-01
1.343957180000755258e+00 -7.154195062987791509e-01
1.333374840000756123e+00 -6.996878277617630815e-01
1.322792500000756988e+00 -6.835664308171244263e-01
1.312210160000757853e+00 -6.670444082548885323e-01
1.301627820000758717e+00 -6.501130260403862327e-01
1.291045480000759582e+00 -6.327596211749855204e-01
1.280463140000760447e+00 -6.149742786629347480e-01
1.269880800000761312e+00 -5.967440168009834345e-01
1.259298460000762176e+00 -5.780574324908546169e-01
1.248716120000763041e+00 -5.589022398217170506e-01
1.238133780000763906e+00 -5.392654850630359542e-01
1.227551440000764771e+00 -5.191316729490933479e-01
1.216969100000765636e+00 -4.984901159786546132e-01
1.206386760000766500e+00 -4.773259854398227420e-01
1.195804420000767365e+00 -4.556230068074414441e-01
1.185222080000768230e+00 -4.333675728906593028e-01
1.174639740000769095e+00 -4.105423131186536900e-01
1.164057400000769960e+00 -3.871316590561767468e-01
1.153475060000770824e+00 -3.631188564326129908e-01
1.142892720000771689e+00 -3.384860180031197263e-01
1.132310380000772554e+00 -3.132145929088044900e-01
1.121728040000773419e+00 -2.872859038241966090e-01
1.111145700000774283e+00 -2.606812884971153044e-01
1.100563360000775148e+00 -2.333786333683172676e-01
1.089981020000776013e+00 -2.053588517588219031e-01
1.079398680000776878e+00 -1.765981881315215607e-01
1.068816340000777743e+00 -1.470747883521342225e-01
1.058234000000778607e+00 -1.167651258886001076e-01
