6.772697600000311624e+00 -1.439512722709807457e+00
6.762115260000312489e+00 -1.439631939918212478e+00
6.751532920000313354e+00 -1.439751503422794787e+00
6.740950580000314218e+00 -1.439871477903083674e+00
6.730368240000315083e+00 -1.439991758326840676e+00
6.719785900000315948e+00 -1.440112510963362569e+00
6.709203560000316813e+00 -1.440233415854912380e+00
6.698621220000317678e+00 -1.440354816661909343e+00
6.688038880000318542e+00 -1.440476838173751384e+00
6.677456540000319407e+00 -1.440598973755058410e+00
6.666874200000320272e+00 -1.440721511545986822e+00
6.656291860000321137e+00 -1.440844985352055296e+00
6.645709520000322001e+00 -1.440968283123001514e+00
6.635127180000322866e+00 -1.441092144663350672e+00
6.624544840000323731e+00 -1.441216194086695879e+00
6.613962500000324596e+00 -1.441340814850984531e+00
6.603380160000325461e+00 -1.441465634247757643e+00
6.592797820000326325e+00 -1.441590924540706586e+00
6.582215480000327190e+00 -1.441716668432732273e+00
4.550406200000493229e+00 -1.479352283209932617e+00
4.539823860000494093e+00 -1.478870742131129568e+00
4.529241520000494958e+00 -1.479119439089375820e+00
4.518659180000495823e+00 -1.479434060906781312e+00
4.508076840000496688e+00 -1.479760828553514651e+00
4.497494500000497553e+00 -1.480095974552577909e+00
4.486912160000498417e+00 -1.480435394632876989e+00
4.476329820000499282e+00 -1.480778944672708874e+00
4.465747480000500147e+00 -1.481126092854928578e+00
4.455165140000501012e+00 -1.481476592863181008e+00
4.444582800000501877e+00 -1.481830301127777361e+00
4.434000460000502741e+00 -1.482187430086391533e+00
4.423418120000503606e+00 -1.482547547038117086e+00
4.412835780000504471e+00 -1.482910742229720302e+00
4.402253440000505336e+00 -1.483277166784510159e+00
4.391671100000506200e+00 -1.483646731861995471e+00
4.381088760000507065e+00 -1.484019408078418811e+00
4.370506420000507930e+00 -1.484395243986110113e+00
4.359924080000508795e+00 -1.484774263891475821e+00
4.349341740000509660e+00 -1.485156405421795611e+00
4.338759400000510524e+00 -1.485541919230007668e+00
4.328177060000511389e+00 -1.485930623827382613e+00
4.317594720000512254e+00 -1.486322712116876499e+00
4.307012380000513119e+00 -1.486717973023511608e+00
4.296430040000513984e+00 -1.487116750545871113e+00
4.285847700000514848e+00 -1.487518948279772601e+00
4.275265360000515713e+00 -1.487924503082560745e+00
4.264683020000516578e+00 -1.488333506660961980e+00
4.254100680000517443e+00 -1.488746064694234983e+00
4.243518340000518307e+00 -1.489162141714370113e+00
4.232936000000519172e+00 -1.489581794961768457e+00
4.222353660000520037e+00 -1.490005078894857338e+00
4.211771320000520902e+00 -1.490431993526518895e+00
4.201188980000521767e+00 -1.490862647807295271e+00
4.190606640000522631e+00 -1.491296987769849647e+00
4.180024300000523496e+00 -1.491735138250546155e+00
4.169441960000524361e+00 -1.492177071023723878e+00
4.158859620000525226e+00 -1.492622895986627451e+00
4.148277280000526090e+00 -1.493072588257581046e+00
4.137694940000526955e+00 -1.493526239153471602e+00
4.127112600000527820e+00 -1.493983867671049293e+00
4.116530260000528685e+00 -1.494445523419339450e+00
4.105947920000529550e+00 -1.494911138497182712e+00
4.095365580000530414e+00 -1.495380933099137222e+00
4.084783240000531279e+00 -1.495854966098246530e+00
4.074200900000532144e+00 -1.496333141866008409e+00
4.063618560000533009e+00 -1.496815556767394639e+00
4.053036220000533874e+00 -1.497302260485807279e+00
4.042453880000534738e+00 -1.497793246929417066e+00
4.031871540000535603e+00 -1.498288682628235113e+00
4.021289200000536468e+00 -1.498788427659666578e+00
4.010706860000537333e+00 -1.499292782164977522e+00
4.000124520000538197e+00 -1.499801487992681537e+00
3.989542180000539062e+00 -1.500314837105895638e+00
3.978959840000539927e+00 -1.500832762409991528e+00
3.968377500000540792e+00 -1.501355364886867161e+00
3.957795160000541657e+00 -1.501882641217527681e+00
3.947212820000542521e+00 -1.502414642501599840e+00
3.936630480000543386e+00 -1.502951470680337520e+00
3.926048140000544251e+00 -1.503493101226328177e+00
3.915465800000545116e+00 -1.504039649788336819e+00
3.904883460000545981e+00 -1.504591109353339284e+00
3.894301120000546845e+00 -1.505147554051587955e+00
3.883718780000547710e+00 -1.505709003304349647e+00
3.873136440000548575e+00 -1.506275571959094783e+00
3.862554100000549440e+00 -1.506847272323026621e+00
3.851971760000550304e+00 -1.507424112768732227e+00
3.841389420000551169e+00 -1.508006192248313670e+00
3.830807080000552034e+00 -1.508593529062436156e+00
3.820224740000552899e+00 -1.509186216051204621e+00
3.809642400000553764e+00 -1.509784262624335183e+00
3.799060060000554628e+00 -1.510387717149614284e+00
3.788477720000555493e+00 -1.510996651376637079e+00
3.777895380000556358e+00 -1.511611109183224722e+00
3.767313040000557223e+00 -1.512231155728006815e+00
3.756730700000558087e+00 -1.512856796477010546e+00
3.746148360000558952e+00 -1.513488132548222564e+00
3.735566020000559817e+00 -1.514125134748654400e+00
3.724983680000560682e+00 -1.514767941130422457e+00
3.714401340000561547e+00 -1.515416583977587051e+00
3.703819000000562411e+00 -1.516071107550357233e+00
3.693236660000563276e+00 -1.516731480470901783e+00
3.682654320000564141e+00 -1.517397843102423538e+00
3.672071980000565006e+00 -1.518070255005578018e+00
3.661489640000565871e+00 -1.518748751292876120e+00
3.650907300000566735e+00 -1.519433258059178060e+00
3.640324960000567600e+00 -1.520123980009038700e+00
3.629742620000568465e+00 -1.520821021003049500e+00
3.619160280000569330e+00 -1.521524194973417954e+00
3.608577940000570194e+00 -1.522233698161520543e+00
3.597995600000571059e+00 -1.522949613307126970e+00
3.587413260000571924e+00 -1.523671756825270673e+00
3.576830920000572789e+00 -1.524400518971559260e+00
3.566248580000573654e+00 -1.525135760251537409e+00
3.555666240000574518e+00 -1.525877548187869914e+00
3.545083900000575383e+00 -1.526625874199903476e+00
3.534501560000576248e+00 -1.527380909449014057e+00
3.523919220000577113e+00 -1.528142623833593117e+00
3.513336880000577978e+00 -1.528911000537803933e+00
3.502754540000578842e+00 -1.529686171707042686e+00
3.492172200000579707e+00 -1.530468174235629641e+00
3.481589860000580572e+00 -1.531257143887759353e+00
3.471007520000581437e+00 -1.532052844963673222e+00
3.460425180000582301e+00 -1.532855529491932822e+00
3.449842840000583166e+00 -1.533665190662187205e+00
3.439260500000584031e+00 -1.534481909879785277e+00
3.428678160000584896e+00 -1.535305742250359984e+00
3.418095820000585761e+00 -1.536136622605417390e+00
3.407513480000586625e+00 -1.536974699579972015e+00
3.396931140000587490e+00 -1.537819890115482480e+00
3.386348800000588355e+00 -1.538672367344781300e+00
3.375766460000589220e+00 -1.539532071786570144e+00
3.365184120000590084e+00 -1.540399073490973159e+00
3.354601780000590949e+00 -1.541273360108866619e+00
3.344019440000591814e+00 -1.542155074597457709e+00
3.333437100000592679e+00 -1.543044177136711159e+00
3.322854760000593544e+00 -1.543940669879365624e+00
3.312272420000594408e+00 -1.544844668443522417e+00
3.301690080000595273e+00 -1.545756074659477397e+00
3.291107740000596138e+00 -1.546675068157871369e+00
3.280525400000597003e+00 -1.547601562535289021e+00
3.269943060000597868e+00 -1.548535637407152610e+00
3.259360720000598732e+00 -1.549477279705591570e+00
3.248778380000599597e+00 -1.550426552269175584e+00
3.238196040000600462e+00 -1.551383480278833993e+00
3.227613700000601327e+00 -1.552348014732893411e+00
3.217031360000602191e+00 -1.553320294662045020e+00
3.206449020000603056e+00 -1.554300183200715946e+00
3.195866680000603921e+00 -1.555287856682939784e+00
3.185284340000604786e+00 -1.556283233918663411e+00
3.174702000000605651e+00 -1.557286337031301926e+00
3.164119660000606515e+00 -1.558297289823569631e+00
3.153537320000607380e+00 -1.559315825717318527e+00
3.142954980000608245e+00 -1.560342218368873990e+00
3.132372640000609110e+00 -1.561376460072880556e+00
3.121790300000609975e+00 -1.562418374385729614e+00
3.111207960000610839e+00 -1.563468153161615692e+00
3.100625620000611704e+00 -1.564525647335770264e+00
3.090043280000612569e+00 -1.565590974514729838e+00
3.079460940000613434e+00 -1.566664084762405151e+00
3.068878600000614298e+00 -1.567744985282488068e+00
3.058296260000615163e+00 -1.568833665728158744e+00
3.047713920000616028e+00 -1.569930241466938714e+00
3.037131580000616893e+00 -1.571034356948377120e+00
3.026549240000617758e+00 -1.572146378547130130e+00
3.015966900000618622e+00 -1.573266049435188885e+00
3.005384560000619487e+00 -1.574393558430838835e+00
2.994802220000620352e+00 -1.575528797988350993e+00
2.984219880000621217e+00 -1.576671604143588867e+00
2.973637540000622081e+00 -1.577822145705601642e+00
2.963055200000622946e+00 -1.578980349384716764e+00
2.952472860000623811e+00 -1.580146227546216808e+00
2.941890520000624676e+00 -1.581319607539399819e+00
2.931308180000625541e+00 -1.582500666367616216e+00
2.920725840000626405e+00 -1.583689180516371531e+00
2.910143500000627270e+00 -1.584885288159064931e+00
2.899561160000628135e+00 -1.586088873672595989e+00
2.888978820000629000e+00 -1.587299820975198061e+00
2.878396480000629865e+00 -1.588518253693625981e+00
2.867814140000630729e+00 -1.589743988516641782e+00
2.857231800000631594e+00 -1.590977124122476161e+00
2.846649460000632459e+00 -1.592217486592867326e+00
2.836067120000633324e+00 -1.593465076417279525e+00
2.825484780000634188e+00 -1.594719841310521913e+00
2.814902440000635053e+00 -1.595981731560729644e+00
2.804320100000635918e+00 -1.597250850958113144e+00
2.793737760000636783e+00 -1.598526731262861267e+00
2.783155420000637648e+00 -1.599809751076179287e+00
2.772573080000638512e+00 -1.601099574352944366e+00
2.761990740000639377e+00 -1.602396348082303579e+00
2.751408400000640242e+00 -1.603699861834231077e+00
2.740826060000641107e+00 -1.605010062807422866e+00
2.730243720000641972e+00 -1.606326889054214169e+00
2.719661380000642836e+00 -1.607650358826302250e+00
2.709079040000643701e+00 -1.608980361110434742e+00
2.698496700000644566e+00 -1.610316674596783404e+00
2.687914360000645431e+00 -1.611659460702620228e+00
2.677332020000646295e+00 -1.613008405145481161e+00
2.666749680000647160e+00 -1.614363659135544804e+00
2.656167340000648025e+00 -1.615724981795894521e+00
2.645585000000648890e+00 -1.617092324594066710e+00
2.635002660000649755e+00 -1.618465612623406269e+00
2.624420320000650619e+00 -1.619844789677906238e+00
2.613837980000651484e+00 -1.621229723548961887e+00
2.603255640000652349e+00 -1.622620265733955236e+00
2.592673300000653214e+00 -1.624016441592480042e+00
2.582090960000654078e+00 -1.625418005084133810e+00
2.571508620000654943e+00 -1.626825080393192957e+00
2.560926280000655808e+00 -1.628237367118361423e+00
2.550343940000656673e+00 -1.629654818019539819e+00
2.539761600000657538e+00 -1.631077312959959613e+00
2.529179260000658402e+00 -1.632504837342002135e+00
2.518596920000659267e+00 -1.633937225401166371e+00
2.508014580000660132e+00 -1.635374246946470711e+00
2.497432240000660997e+00 -1.636816026501120902e+00
2.486849900000661862e+00 -1.638262184009244837e+00
2.476267560000662726e+00 -1.639712872407162125e+00
2.465685220000663591e+00 -1.641167783991446916e+00
2.455102880000664456e+00 -1.642626770119533619e+00
2.444520540000665321e+00 -1.644089782410483647e+00
2.433938200000666185e+00 -1.645556703892170125e+00
2.423355860000667050e+00 -1.647027447045597670e+00
2.412773520000667915e+00 -1.648501703988521694e+00
2.402191180000668780e+00 -1.649979581716386479e+00
2.391608840000669645e+00 -1.651460670812249232e+00
2.381026500000670509e+00 -1.652945162822001990e+00
2.370444160000671374e+00 -1.654432610998340714e+00
2.359861820000672239e+00 -1.655922904445779942e+00
2.349279480000673104e+00 -1.657416086317307302e+00
2.338697140000673969e+00 -1.658911672763482059e+00
2.328114800000674833e+00 -1.660410018303680291e+00
2.317532460000675698e+00 -1.661910495262370668e+00
2.306950120000676563e+00 -1.663413118603103813e+00
2.296367780000677428e+00 -1.664917630007263671e+00
2.285785440000678292e+00 -1.666424079703039629e+00
2.275203100000679157e+00 -1.667932155594951116e+00
2.264620760000680022e+00 -1.669441523809326311e+00
2.254038420000680887e+00 -1.670952296526710956e+00
2.243456080000681752e+00 -1.672463985745417103e+00
2.232873740000682616e+00 -1.673976697283221515e+00
2.222291400000683481e+00 -1.675490018701162764e+00
2.211709060000684346e+00 -1.677003833872886318e+00
2.201126720000685211e+00 -1.678517910890891196e+00
2.190544380000686076e+00 -1.680032064950599313e+00
2.179962040000686940e+00 -1.681546098180257243e+00
2.169379700000687805e+00 -1.683059611548541223e+00
2.158797360000688670e+00 -1.684572683174757612e+00
2.148215020000689535e+00 -1.686084738166766295e+00
2.137632680000690399e+00 -1.687595873546598568e+00
2.127050340000691264e+00 -1.689105553272923776e+00
2.116468000000692129e+00 -1.690613689481094584e+00
2.105885660000692994e+00 -1.692119952218657186e+00
2.095303320000693859e+00 -1.693624075286272346e+00
2.084720980000694723e+00 -1.695125865827054934e+00
2.074138640000695588e+00 -1.696624858068411124e+00
2.063556300000696453e+00 -1.698120951689740643e+00
2.052973960000697318e+00 -1.699613634178787747e+00
2.042391620000698182e+00 -1.701102833256228353e+00
2.031809280000699047e+00 -1.702588042811246982e+00
2.021226940000699912e+00 -1.704068993517920738e+00
2.010644600000700777e+00 -1.705545314853399885e+00
2.000062260000701642e+00 -1.707016699517936553e+00
1.989479920000702506e+00 -1.708482802291159119e+00
1.978897580000703371e+00 -1.709943087490335190e+00
1.968315240000704236e+00 -1.711397381971025977e+00
1.957732900000705101e+00 -1.712845009907472127e+00
1.947150560000705966e+00 -1.714285955361175118e+00
1.936568220000706830e+00 -1.715719479741727005e+00
1.925985880000707695e+00 -1.717145093087295571e+00
1.915403540000708560e+00 -1.718562537396449708e+00
1.904821200000709425e+00 -1.719971259272278008e+00
1.894238860000710289e+00 -1.721370864213893404e+00
1.883656520000711154e+00 -1.722760580468128300e+00
1.873074180000712019e+00 -1.724140225982657260e+00
1.862491840000712884e+00 -1.725508939441166456e+00
1.851909500000713749e+00 -1.726866547281832087e+00
1.841327160000714613e+00 -1.728212095086317346e+00
1.830744820000715478e+00 -1.729545046999306113e+00
1.820162480000716343e+00 -1.730865011817604104e+00
1.809580140000717208e+00 -1.732171054107677577e+00
1.798997800000718073e+00 -1.733462836493905312e+00
1.788415460000718937e+00 -1.734739364106270054e+00
1.777833120000719802e+00 -1.736000144139781431e+00
1.767250780000720667e+00 -1.737244241652692756e+00
1.756668440000721532e+00 -1.738471155941354152e+00
1.746086100000722396e+00 -1.739680000671893989e+00
1.735503760000723261e+00 -1.740869732530260894e+00
1.724921420000724126e+00 -1.742039839561847270e+00
1.714339080000724991e+00 -1.743189109723847885e+00
1.703756740000725856e+00 -1.744317043493127217e+00
1.693174400000726720e+00 -1.745422313880115706e+00
1.682592060000727585e+00 -1.746504168202554608e+00
1.672009720000728450e+00 -1.747561507292764160e+00
1.661427380000729315e+00 -1.748593269755905011e+00
1.650845040000730179e+00 -1.749598543976633724e+00
1.640262700000731044e+00 -1.750575882146370388e+00
1.629680360000731909e+00 -1.751524422690395655e+00
1.619098020000732774e+00 -1.752442672076780728e+00
1.608515680000733639e+00 -1.753329714383390581e+00
1.597933340000734503e+00 -1.754183892170721126e+00
1.587351000000735368e+00 -1.755004050523847781e+00
1.576768660000736233e+00 -1.755788681609630864e+00
1.566186320000737098e+00 -1.756536348676732695e+00
1.555603980000737963e+00 -1.757245658294989576e+00
1.545021640000738827e+00 -1.757914807960322179e+00
1.534439300000739692e+00 -1.758542320573263096e+00
1.523856960000740557e+00 -1.759126333366654471e+00
1.513274620000741422e+00 -1.759665323086363253e+00
1.502692280000742286e+00 -1.760157125614314699e+00
1.492109940000743151e+00 -1.760600050039177411e+00
1.481527600000744016e+00 -1.760992047235854008e+00
1.470945260000744881e+00 -1.761330921967436014e+00
1.460362920000745746e+00 -1.761614760249395006e+00
1.449780580000746610e+00 -1.761840966038072942e+00
1.439198240000747475e+00 -1.762007465320056143e+00
1.428615900000748340e+00 -1.762111647702484518e+00
1.418033560000749205e+00 -1.762151237958542449e+00
1.407451220000750070e+00 -1.762123270891174931e+00
1.396868880000750934e+00 -1.762025055791598627e+00
1.386286540000751799e+00 -1.761853826526025069e+00
1.375704200000752664e+00 -1.761606424773640267e+00
1.365121860000753529e+00 -1.761279968967678133e+00
1.354539520000754393e+00 -1.760870879337248063e+00
1.343957180000755258e+00 -1.760375899299794877e+00
1.333374840000756123e+00 -1.759791435289771666e+00
1.322792500000756988e+00 -1.759113825994001568e+00
1.312210160000757853e+00 -1.758339210610117220e+00
1.301627820000758717e+00 -1.757463290699668113e+00
1.291045480000759582e+00 -1.756482039526144678e+00
1.280463140000760447e+00 -1.755390910135905536e+00
1.269880800000761312e+00 -1.754185443015952028e+00
1.259298460000762176e+00 -1.752860454969793702e+00
1.248716120000763041e+00 -1.751411186462992431e+00
1.238133780000763906e+00 -1.749832144106078458e+00
1.227551440000764771e+00 -1.748117614483509108e+00
1.216969100000765636e+00 -1.746262178085479455e+00
1.206386760000766500e+00 -1.744259399731051596e+00
1.195804420000767365e+00 -1.742102862668901464e+00
1.185222080000768230e+00 -1.739785989289220902e+00
1.174639740000769095e+00 -1.737301735415628379e+00
1.164057400000769960e+00 -1.734642419474588193e+00
1.153475060000770824e+00 -1.731800674993254185e+00
1.142892720000771689e+00 -1.728768183134331338e+00
1.132310380000772554e+00 -1.725536139680256431e+00
1.121728040000773419e+00 -1.722096032004983401e+00
1.111145700000774283e+00 -1.718438187387534288e+00
1.100563360000775148e+00 -1.714552353902827786e+00
1.089981020000776013e+00 -1.710428684534516464e+00
1.079398680000776878e+00 -1.706055920907266543e+00
1.068816340000777743e+00 -1.701422336451948958e+00
1.058234000000778607e+00 -1.696516199951874748e+00
