1.058234000000000030e+01 -1.214377112194677810e+00
1.057175766000000117e+01 -1.214438496441821780e+00
1.056117532000000203e+01 -1.214500010646291983e+00
1.055059298000000290e+01 -1.214561647627239616e+00
1.054001064000000376e+01 -1.214623408276779060e+00
1.052942830000000463e+01 -1.214685297536434172e+00
1.051884596000000549e+01 -1.214747310234938871e+00
1.050826362000000636e+01 -1.214809451328776824e+00
1.049768128000000722e+01 -1.214871718035821724e+00
1.048709894000000808e+01 -1.214934114204121229e+00
1.047651660000000895e+01 -1.214996634639743833e+00
1.046593426000000981e+01 -1.215059288190571962e+00
1.045535192000001068e+01 -1.215122068183427384e+00
1.044476958000001154e+01 -1.215184975323646333e+00
1.043418724000001241e+01 -1.215248014758251616e+00
1.042360490000001327e+01 -1.215311181013236208e+00
1.041302256000001414e+01 -1.215374479251460915e+00
1.040244022000001500e+01 -1.215437912196496439e+00
1.039185788000001587e+01 -1.215501470146044039e+00
1.038127554000001673e+01 -1.215565158465468532e+00
1.037069320000001760e+01 -1.215628983540538055e+00
1.036011086000001846e+01 -1.215692938679548973e+00
1.034952852000001933e+01 -1.215757024576017420e+00
1.033894618000002019e+01 -1.215821246480647710e+00
1.032836384000002106e+01 -1.215885598824777425e+00
1.031778150000002192e+01 -1.215950084023006861e+00
1.030719916000002279e+01 -1.216014710345480143e+00
1.029661682000002365e+01 -1.216079465491902489e+00
1.028603448000002452e+01 -1.216144358770184564e+00
1.027545214000002538e+01 -1.216209384558055717e+00
1.026486980000002625e+01 -1.216274548181845994e+00
1.025428746000002711e+01 -1.216339846830210236e+00
1.024370512000002797e+01 -1.216405284303024859e+00
1.023312278000002884e+01 -1.216470856492319896e+00
1.022254044000002970e+01 -1.216536569421020619e+00
1.021195810000003057e+01 -1.216602419302075466e+00
1.020137576000003143e+01 -1.216668405901740080e+00
1.019079342000003230e+01 -1.216734534500084397e+00
1.018021108000003316e+01 -1.216800799445656667e+00
1.016962874000003403e+01 -1.216867206174104155e+00
1.015904640000003489e+01 -1.216933751862578461e+00
1.014846406000003576e+01 -1.217000440291774011e+00
1.013788172000003662e+01 -1.217067266420655214e+00
1.012729938000003749e+01 -1.217134239251411509e+00
1.011671704000003835e+01 -1.217201352043971951e+00
1.010613470000003922e+01 -1.217268605461548692e+00
1.009555236000004008e+01 -1.217336005034868052e+00
1.008497002000004095e+01 -1.217403544942226024e+00
1.007438768000004181e+01 -1.217471230732091847e+00
1.006380534000004268e+01 -1.217539059570190929e+00
1.005322300000004354e+01 -1.217607038448041745e+00
1.004264066000004441e+01 -1.217675155917528507e+00
1.003205832000004527e+01 -1.217743424251170437e+00
1.002147598000004614e+01 -1.217811836689673521e+00
1.001089364000004700e+01 -1.217880393884296586e+00
1.000031130000004786e+01 -1.217949101481583085e+00
9.989728960000048730e+00 -1.218017953556389088e+00
9.979146620000049595e+00 -1.218086955773537206e+00
9.968564280000050459e+00 -1.218156105287327096e+00
9.957981940000051324e+00 -1.218225405839367559e+00
9.947399600000052189e+00 -1.218294852483361002e+00
9.936817260000053054e+00 -1.218364454317258705e+00
9.926234920000053918e+00 -1.218434204562183876e+00
9.915652580000054783e+00 -1.218504103857578347e+00
9.905070240000055648e+00 -1.218574157969595451e+00
9.894487900000056513e+00 -1.218644360866787402e+00
9.883905560000057378e+00 -1.218714718334312330e+00
9.873323220000058242e+00 -1.218785230102905848e+00
9.862740880000059107e+00 -1.218855892130532803e+00
9.852158540000059972e+00 -1.218926707284810007e+00
9.841576200000060837e+00 -1.218997682126167659e+00
9.830993860000061701e+00 -1.219068809856175273e+00
9.820411520000062566e+00 -1.219140091102330237e+00
9.809829180000063431e+00 -1.219211531754308186e+00
9.799246840000064296e+00 -1.219283125671776435e+00
9.788664500000065161e+00 -1.219354875789884440e+00
9.778082160000066025e+00 -1.219426790766983126e+00
9.767499820000066890e+00 -1.219498857568722894e+00
9.756917480000067755e+00 -1.219571086404825033e+00
9.746335140000068620e+00 -1.219643471073189822e+00
9.735752800000069485e+00 -1.219716017553820420e+00
9.725170460000070349e+00 -1.219788722971892891e+00
9.714588120000071214e+00 -1.219861591018042146e+00
9.704005780000072079e+00 -1.219934617766729845e+00
9.693423440000072944e+00 -1.220007813260274521e+00
9.682841100000073808e+00 -1.220081166386544513e+00
9.672258760000074673e+00 -1.220154680336820840e+00
9.661676420000075538e+00 -1.220228361201090905e+00
9.651094080000076403e+00 -1.220302202663864133e+00
9.640511740000077268e+00 -1.220376210835814490e+00
9.629929400000078132e+00 -1.220450382830835956e+00
9.619347060000078997e+00 -1.220524722319347166e+00
9.608764720000079862e+00 -1.220599224541614181e+00
9.598182380000080727e+00 -1.220673898784018441e+00
9.587600040000081592e+00 -1.220748738197124261e+00
9.577017700000082456e+00 -1.220823743378451454e+00
9.566435360000083321e+00 -1.220898920552346612e+00
9.555853020000084186e+00 -1.220974263286860095e+00
9.545270680000085051e+00 -1.221049777827704297e+00
9.534688340000085915e+00 -1.221125461277772661e+00
9.524106000000086780e+00 -1.221201317286989996e+00
9.513523660000087645e+00 -1.221277341152813278e+00
9.502941320000088510e+00 -1.221353542219304256e+00
9.492358980000089375e+00 -1.221429913616825846e+00
9.481776640000090239e+00 -1.221506455931364865e+00
9.471194300000091104e+00 -1.221583175526186338e+00
9.460611960000091969e+00 -1.221660065849830890e+00
9.450029620000092834e+00 -1.221737133287746246e+00
9.439447280000093699e+00 -1.221814374931843084e+00
9.428864940000094563e+00 -1.221891794411545273e+00
9.418282600000095428e+00 -1.221969387083664094e+00
9.407700260000096293e+00 -1.222047162352237093e+00
9.397117920000097158e+00 -1.222125113327332979e+00
9.386535580000098022e+00 -1.222203240583516148e+00
9.375953240000098887e+00 -1.222281550627828839e+00
9.365370900000099752e+00 -1.222360036786046544e+00
9.354788560000100617e+00 -1.222438705588226426e+00
9.344206220000101482e+00 -1.222517560551948046e+00
9.333623880000102346e+00 -1.222596589734378902e+00
9.323041540000103211e+00 -1.222675800356624931e+00
9.312459200000104076e+00 -1.222755199197754328e+00
9.301876860000104941e+00 -1.222834779347387713e+00
9.291294520000105805e+00 -1.222914541368877561e+00
9.280712180000106670e+00 -1.222994491918065973e+00
9.270129840000107535e+00 -1.223074624194733673e+00
9.259547500000108400e+00 -1.223154941761381176e+00
9.248965160000109265e+00 -1.223235453747284707e+00
9.238382820000110129e+00 -1.223316146267445559e+00
9.227800480000110994e+00 -1.223397030608659453e+00
9.217218140000111859e+00 -1.223478099899079741e+00
9.206635800000112724e+00 -1.223559360903899940e+00
9.196053460000113589e+00 -1.223640810687913749e+00
9.185471120000114453e+00 -1.223722452827614493e+00
9.174888780000115318e+00 -1.223804283626773515e+00
9.164306440000116183e+00 -1.223886310301404823e+00
9.153724100000117048e+00 -1.223968528261795363e+00
9.143141760000117912e+00 -1.224050937270070083e+00
9.132559420000118777e+00 -1.224133544224205838e+00
9.121977080000119642e+00 -1.224216342121003276e+00
9.111394740000120507e+00 -1.224299337883661964e+00
9.100812400000121372e+00 -1.224382528566835271e+00
9.090230060000122236e+00 -1.224465917726309305e+00
9.079647720000123101e+00 -1.224549500949964065e+00
9.069065380000123966e+00 -1.224633287875386056e+00
9.058483040000124831e+00 -1.224717271539934149e+00
9.047900700000125696e+00 -1.224801452479275188e+00
9.037318360000126560e+00 -1.224885837754183138e+00
9.026736020000127425e+00 -1.224970420226494605e+00
9.016153680000128290e+00 -1.225055206983219680e+00
9.005571340000129155e+00 -1.225140195069122528e+00
8.994989000000130019e+00 -1.225225392071058295e+00
8.984406660000130884e+00 -1.225310785554215798e+00
8.973824320000131749e+00 -1.225396389270260178e+00
8.963241980000132614e+00 -1.225482196236107324e+00
8.952659640000133479e+00 -1.225568206977105223e+00
8.942077300000134343e+00 -1.225654428722935618e+00
8.931494960000135208e+00 -1.225740854196539553e+00
8.920912620000136073e+00 -1.225827490654840757e+00
8.910330280000136938e+00 -1.225914335133162947e+00
8.899747940000137802e+00 -1.226001391145787656e+00
8.889165600000138667e+00 -1.226088654425985025e+00
8.878583260000139532e+00 -1.226176134758385938e+00
8.868000920000140397e+00 -1.226263825139460639e+00
8.857418580000141262e+00 -1.226351726084718319e+00
8.846836240000142126e+00 -1.226439844998788775e+00
8.836253900000142991e+00 -1.226528174462168552e+00
8.825671560000143856e+00 -1.226616721907864971e+00
8.815089220000144721e+00 -1.226705487167977449e+00
8.804506880000145586e+00 -1.226794465318753691e+00
8.793924540000146450e+00 -1.226883660588270253e+00
8.783342200000147315e+00 -1.226973080033591179e+00
8.772759860000148180e+00 -1.227062716630881845e+00
8.762177520000149045e+00 -1.227152570886165250e+00
8.751595180000149909e+00 -1.227242650385782508e+00
8.741012840000150774e+00 -1.227332947563678278e+00
8.730430500000151639e+00 -1.227423470035599262e+00
8.719848160000152504e+00 -1.227514217648923545e+00
8.709265820000153369e+00 -1.227605185388156217e+00
8.698683480000154233e+00 -1.227696382554718468e+00
8.688101140000155098e+00 -1.227787801499377718e+00
8.677518800000155963e+00 -1.227879449942405499e+00
8.666936460000156828e+00 -1.227971324897207950e+00
8.656354120000157693e+00 -1.228063429825433817e+00
8.645771780000158557e+00 -1.228155761323659334e+00
8.635189440000159422e+00 -1.228248331811200300e+00
8.624607100000160287e+00 -1.228341127412264422e+00
8.614024760000161152e+00 -1.228434152353361730e+00
8.603442420000162016e+00 -1.228527414517350813e+00
8.592860080000162881e+00 -1.228620906102002142e+00
8.582277740000163746e+00 -1.228714635021459944e+00
8.571695400000164611e+00 -1.228808598281450504e+00
8.561113060000165476e+00 -1.228902799323466688e+00
8.550530720000166340e+00 -1.228997234171780306e+00
8.539948380000167205e+00 -1.229091912905148298e+00
8.529366040000168070e+00 -1.229186828448818547e+00
8.518783700000168935e+00 -1.229281981286981962e+00
8.508201360000169799e+00 -1.229377379502627710e+00
8.497619020000170664e+00 -1.229473015136185232e+00
8.487036680000171529e+00 -1.229568896303221193e+00
8.476454340000172394e+00 -1.229665020002517650e+00
8.465872000000173259e+00 -1.229761389655625203e+00
8.455289660000174123e+00 -1.229858001377146959e+00
8.444707320000174988e+00 -1.229954865337113290e+00
8.434124980000175853e+00 -1.230051974441309426e+00
8.423542640000176718e+00 -1.230149329166636107e+00
8.412960300000177583e+00 -1.230246937804014618e+00
8.402377960000178447e+00 -1.230344792232171303e+00
8.391795620000179312e+00 -1.230442900775979176e+00
8.381213280000180177e+00 -1.230541260428159589e+00
8.370630940000181042e+00 -1.230639874590572891e+00
8.360048600000181906e+00 -1.230738739472278631e+00
8.349466260000182771e+00 -1.230837865338840098e+00
8.338883920000183636e+00 -1.230937245077012188e+00
8.328301580000184501e+00 -1.231036879157006991e+00
8.317719240000185366e+00 -1.231136776086231954e+00
8.307136900000186230e+00 -1.231236927576911500e+00
8.296554560000187095e+00 -1.231337342171832328e+00
8.285972220000187960e+00 -1.231438024598078496e+00
8.275389880000188825e+00 -1.231538959823016643e+00
8.264807540000189690e+00 -1.231640160202469358e+00
8.254225200000190554e+00 -1.231741612923766827e+00
8.243642860000191419e+00 -1.231843357001079386e+00
8.233060520000192284e+00 -1.231945338165036707e+00
8.222478180000193149e+00 -1.232047618413390833e+00
8.211895840000194013e+00 -1.232150141779100094e+00
8.201313500000194878e+00 -1.232252947143811950e+00
8.190731160000195743e+00 -1.232356047672210630e+00
8.180148820000196608e+00 -1.232459353299305338e+00
8.169566480000197473e+00 -1.232563010441452667e+00
8.158984140000198337e+00 -1.232666902262085085e+00
8.148401800000199202e+00 -1.232771054731168991e+00
8.137819460000200067e+00 -1.232875523877992929e+00
8.127237120000200932e+00 -1.232980194524669004e+00
8.116654780000201796e+00 -1.233085243631170336e+00
8.106072440000202661e+00 -1.233190524874813843e+00
8.095490100000203526e+00 -1.233296065601394265e+00
8.084907760000204391e+00 -1.233401893167580310e+00
8.074325420000205256e+00 -1.233508048757609998e+00
8.063743080000206120e+00 -1.233614449637407962e+00
8.053160740000206985e+00 -1.233721154850800028e+00
8.042578400000207850e+00 -1.233828112049338843e+00
8.031996060000208715e+00 -1.233935380316857122e+00
8.021413720000209580e+00 -1.234042942484274707e+00
8.010831380000210444e+00 -1.234150780034479311e+00
8.000249040000211309e+00 -1.234258916283371033e+00
7.989666700000212174e+00 -1.234367355524087051e+00
7.979084360000213039e+00 -1.234476080566394129e+00
7.968502020000213903e+00 -1.234585093387119636e+00
7.957919680000214768e+00 -1.234694405903726588e+00
7.947337340000215633e+00 -1.234803996810682758e+00
7.936755000000216498e+00 -1.234913921774744461e+00
7.926172660000217363e+00 -1.235024128477163918e+00
7.915590320000218227e+00 -1.235134640436865716e+00
7.905007980000219092e+00 -1.235245430243451903e+00
7.894425640000219957e+00 -1.235356559299833235e+00
7.883843300000220822e+00 -1.235467956804018996e+00
7.873260960000221687e+00 -1.235579675214124595e+00
7.862678620000222551e+00 -1.235691703670204644e+00
7.852096280000223416e+00 -1.235804038652164927e+00
7.841513940000224281e+00 -1.235916710296861787e+00
7.830931600000225146e+00 -1.236029662584822164e+00
7.820349260000226010e+00 -1.236142936536316794e+00
7.809766920000226875e+00 -1.236256519608539772e+00
7.799184580000227740e+00 -1.236370414043498123e+00
7.788602240000228605e+00 -1.236484629734303953e+00
7.778019900000229470e+00 -1.236599124873796418e+00
7.767437560000230334e+00 -1.236713973050155957e+00
7.756855220000231199e+00 -1.236829178500146620e+00
7.746272880000232064e+00 -1.236944629196703671e+00
7.735690540000232929e+00 -1.237060474087066764e+00
7.725108200000233794e+00 -1.237176575761269826e+00
7.714525860000234658e+00 -1.237293036999980389e+00
7.703943520000235523e+00 -1.237409864993464614e+00
7.693361180000236388e+00 -1.237526984951285103e+00
7.682778840000237253e+00 -1.237644429028457838e+00
7.672196500000238117e+00 -1.237762202054100591e+00
7.661614160000238982e+00 -1.237880269283169854e+00
7.651031820000239847e+00 -1.237998761625589639e+00
7.640449480000240712e+00 -1.238117543633426187e+00
7.629867140000241577e+00 -1.238236656800528301e+00
7.619284800000242441e+00 -1.238356111523267744e+00
7.608702460000243306e+00 -1.238475842221229861e+00
7.598120120000244171e+00 -1.238595974756641072e+00
7.587537780000245036e+00 -1.238716446542317273e+00
7.576955440000245900e+00 -1.238837344240418803e+00
7.566373100000246765e+00 -1.238958511728335044e+00
7.555790760000247630e+00 -1.239080022748023424e+00
7.545208420000248495e+00 -1.239201887956492332e+00
7.534626080000249360e+00 -1.239324097545409176e+00
7.524043740000250224e+00 -1.239446575942200868e+00
7.513461400000251089e+00 -1.239569489348432363e+00
7.502879060000251954e+00 -1.239692851170943966e+00
7.492296720000252819e+00 -1.239816474405422753e+00
7.481714380000253684e+00 -1.239940363922641842e+00
7.471132040000254548e+00 -1.240064705751782403e+00
7.460549700000255413e+00 -1.240189514278304150e+00
7.449967360000256278e+00 -1.240314585958174121e+00
7.439385020000257143e+00 -1.240439897564043381e+00
7.428802680000258007e+00 -1.240565815434873320e+00
7.418220340000258872e+00 -1.240691853426403535e+00
7.407638000000259737e+00 -1.240818383653154999e+00
7.397055660000260602e+00 -1.240945417978027487e+00
7.386473320000261467e+00 -1.241072557172504309e+00
7.375890980000262331e+00 -1.241200354331932543e+00
7.365308640000263196e+00 -1.241328379515521441e+00
7.354726300000264061e+00 -1.241456788093306951e+00
7.344143960000264926e+00 -1.241585401577734560e+00
7.333561620000265791e+00 -1.241714736129036378e+00
7.322979280000266655e+00 -1.241844102567181141e+00
7.312396940000267520e+00 -1.241974216808844567e+00
7.301814600000268385e+00 -1.242104530433660425e+00
7.291232260000269250e+00 -1.242235037792866814e+00
7.280649920000270114e+00 -1.242366338561264882e+00
7.270067580000270979e+00 -1.242497822942320473e+00
7.259485240000271844e+00 -1.242629477807109639e+00
7.248902900000272709e+00 -1.242761741489371019e+00
7.238320560000273574e+00 -1.242894405471477892e+00
7.227738220000274438e+00 -1.243027476501378459e+00
7.217155880000275303e+00 -1.243160935185922744e+00
7.206573540000276168e+00 -1.243295070650478840e+00
7.195991200000277033e+00 -1.243429354037454582e+00
7.185408860000277897e+00 -1.243564039254202447e+00
7.174826520000278762e+00 -1.243699128641265750e+00
7.164244180000279627e+00 -1.243834312536614028e+00
7.153661840000280492e+00 -1.243970545490669544e+00
7.143079500000281357e+00 -1.244106868569361479e+00
7.132497160000282221e+00 -1.244243621598732474e+00
7.121914820000283086e+00 -1.244380406481050860e+00
7.111332480000283951e+00 -1.244518364833745006e+00
7.100750140000284816e+00 -1.244655962302980257e+00
7.090167800000285681e+00 -1.244794374802438597e+00
7.079585460000286545e+00 -1.244933212113891852e+00
7.069003120000287410e+00 -1.245072476008117768e+00
7.058420780000288275e+00 -1.245212633030720495e+00
7.047838440000289140e+00 -1.245352778655578474e+00
7.037256100000290004e+00 -1.245493355832022919e+00
7.026673760000290869e+00 -1.245634365100879659e+00
7.016091420000291734e+00 -1.245775819186647926e+00
7.005509080000292599e+00 -1.245917707083765702e+00
6.994926740000293464e+00 -1.246060041591704248e+00
6.984344400000294328e+00 -1.246202821782270931e+00
6.973762060000295193e+00 -1.246346045375831713e+00
6.963179720000296058e+00 -1.246489714474345423e+00
6.952597380000296923e+00 -1.246633845564693477e+00
6.942015040000297788e+00 -1.246778425657794287e+00
6.931432700000298652e+00 -1.246923457394453649e+00
6.920850360000299517e+00 -1.247068953952464421e+00
6.910268020000300382e+00 -1.247214904106965561e+00
6.899685680000301247e+00 -1.247361321116676081e+00
6.889103340000302111e+00 -1.247508204212320670e+00
6.878521000000302976e+00 -1.247655557901562240e+00
6.867938660000303841e+00 -1.247803370711211723e+00
6.857356320000304706e+00 -1.247951666539633075e+00
6.846773980000305571e+00 -1.248100432204280796e+00
6.836191640000306435e+00 -1.248249670497142416e+00
6.825609300000307300e+00 -1.248399395082156360e+00
6.815026960000308165e+00 -1.248549594517592620e+00
6.804444620000309030e+00 -1.248700282555378793e+00
6.793862280000309894e+00 -1.248851458601500042e+00
6.783279940000310759e+00 -1.249003119906846093e+00
6.772697600000311624e+00 -1.249155269511374566e+00
6.762115260000312489e+00 -1.249307924755799881e+00
6.751532920000313354e+00 -1.249461072264305139e+00
6.740950580000314218e+00 -1.249614715001498233e+00
6.730368240000315083e+00 -1.249768867154967822e+00
6.719785900000315948e+00 -1.249923517070724355e+00
6.709203560000316813e+00 -1.250078679032514017e+00
6.698621220000317678e+00 -1.250234354078789023e+00
6.688038880000318542e+00 -1.250390534930593489e+00
6.677456540000319407e+00 -1.250547229452088960e+00
6.666874200000320272e+00 -1.250704454036241753e+00
6.656291860000321137e+00 -1.250862195118903397e+00
6.645709520000322001e+00 -1.251020455861581615e+00
6.635127180000322866e+00 -1.251179251018182947e+00
6.624544840000323731e+00 -1.251338568729752465e+00
6.613962500000324596e+00 -1.251498417130338492e+00
6.603380160000325461e+00 -1.251658826934772373e+00
6.592797820000326325e+00 -1.251819752529276464e+00
6.582215480000327190e+00 -1.251981227360904558e+00
6.571633140000328055e+00 -1.252143239462984781e+00
6.561050800000328920e+00 -1.252305804037864734e+00
6.550468460000329785e+00 -1.252468921038420779e+00
6.539886120000330649e+00 -1.252632587197888947e+00
6.529303780000331514e+00 -1.252796809102799225e+00
6.518721440000332379e+00 -1.252961606811581197e+00
6.508139100000333244e+00 -1.253126957282219678e+00
6.497556760000334108e+00 -1.253292869715380675e+00
6.486974420000334973e+00 -1.253459359847899579e+00
6.476392080000335838e+00 -1.253626415526805982e+00
6.465809740000336703e+00 -1.253794052612280163e+00
6.455227400000337568e+00 -1.253962271321794386e+00
6.444645060000338432e+00 -1.254131068217593903e+00
6.434062720000339297e+00 -1.254300448342439145e+00
6.423480380000340162e+00 -1.254470430997010499e+00
6.412898040000341027e+00 -1.254641002204931910e+00
6.402315700000341891e+00 -1.254812175059645041e+00
6.391733360000342756e+00 -1.254983947996210603e+00
6.381151020000343621e+00 -1.255156317441950442e+00
6.370568680000344486e+00 -1.255329299979581759e+00
6.359986340000345351e+00 -1.255502896129729873e+00
6.349404000000346215e+00 -1.255677102307585224e+00
6.338821660000347080e+00 -1.255851924237104233e+00
6.328239320000347945e+00 -1.256027381901676954e+00
6.317656980000348810e+00 -1.256203461199553839e+00
6.307074640000349675e+00 -1.256380166249665864e+00
6.296492300000350539e+00 -1.256557514274462051e+00
6.285909960000351404e+00 -1.256735492805498566e+00
6.275327620000352269e+00 -1.256914119218763393e+00
6.264745280000353134e+00 -1.257093394376800788e+00
6.254162940000353998e+00 -1.257273314582227908e+00
6.243580600000354863e+00 -1.257453886300827328e+00
6.232998260000355728e+00 -1.257635130262708012e+00
6.222415920000356593e+00 -1.257817032276058011e+00
6.211833580000357458e+00 -1.257999596820160715e+00
6.201251240000358322e+00 -1.258182841974498700e+00
6.190668900000359187e+00 -1.258366755149740612e+00
6.180086560000360052e+00 -1.258551354597703620e+00
6.169504220000360917e+00 -1.258736651608054702e+00
6.158921880000361782e+00 -1.258922621189333402e+00
6.148339540000362646e+00 -1.259109282983918554e+00
6.137757200000363511e+00 -1.259296657366999250e+00
6.127174860000364376e+00 -1.259484730098796579e+00
6.116592520000365241e+00 -1.259673506068897941e+00
6.106010180000366105e+00 -1.259863004305611156e+00
6.095427840000366970e+00 -1.260053212130842759e+00
6.084845500000367835e+00 -1.260244148766793471e+00
6.074263160000368700e+00 -1.260435817036490658e+00
6.063680820000369565e+00 -1.260628209755116691e+00
6.053098480000370429e+00 -1.260821349840911543e+00
6.042516140000371294e+00 -1.261015224582581196e+00
6.031933800000372159e+00 -1.261209853787150781e+00
6.021351460000373024e+00 -1.261405240421760832e+00
6.010769120000373889e+00 -1.261601378762504666e+00
6.000186780000374753e+00 -1.261798280886122114e+00
5.989604440000375618e+00 -1.261995962550201078e+00
5.979022100000376483e+00 -1.262194416798179120e+00
5.968439760000377348e+00 -1.262393646855090035e+00
5.957857420000378212e+00 -1.262593673438634934e+00
5.947275080000379077e+00 -1.262794483811419344e+00
5.936692740000379942e+00 -1.262996098925335486e+00
5.926110400000380807e+00 -1.263198521279056630e+00
5.915528060000381672e+00 -1.263401747165216582e+00
5.904945720000382536e+00 -1.263605786349665250e+00
5.894363380000383401e+00 -1.263810662903678939e+00
5.883781040000384266e+00 -1.264016362726346765e+00
5.873198700000385131e+00 -1.264222892025739009e+00
5.862616360000385995e+00 -1.264430272765132646e+00
5.852034020000386860e+00 -1.264638492229045674e+00
5.841451680000387725e+00 -1.264847572645920737e+00
5.830869340000388590e+00 -1.265057518164524941e+00
5.820287000000389455e+00 -1.265268312060435996e+00
5.809704660000390319e+00 -1.265479997951937108e+00
5.799122320000391184e+00 -1.265692570366775183e+00
5.788539980000392049e+00 -1.265906025498336751e+00
5.777957640000392914e+00 -1.266120370188840827e+00
5.767375300000393779e+00 -1.266335627789127560e+00
5.756792960000394643e+00 -1.266551785657588969e+00
5.746210620000395508e+00 -1.266768867445082325e+00
5.735628280000396373e+00 -1.266986876929062200e+00
5.725045940000397238e+00 -1.267205810793463172e+00
5.714463600000398102e+00 -1.267425681240446522e+00
5.703881260000398967e+00 -1.267646514813032477e+00
5.693298920000399832e+00 -1.267868297881334039e+00
5.682716580000400697e+00 -1.268091038000054738e+00
5.672134240000401562e+00 -1.268314761361908127e+00
5.661551900000402426e+00 -1.268539452955435687e+00
5.650969560000403291e+00 -1.268765140529352520e+00
5.640387220000404156e+00 -1.268991827053530086e+00
5.629804880000405021e+00 -1.269219507963621929e+00
5.619222540000405886e+00 -1.269448199686952439e+00
5.608640200000406750e+00 -1.269677929270617511e+00
5.598057860000407615e+00 -1.269908683472668276e+00
5.587475520000408480e+00 -1.270140470643402741e+00
5.576893180000409345e+00 -1.270373317419403625e+00
5.566310840000410209e+00 -1.270607211497997602e+00
5.555728500000411074e+00 -1.270842189843258474e+00
5.545146160000411939e+00 -1.271078228905565988e+00
5.534563820000412804e+00 -1.271315353287224781e+00
5.523981480000413669e+00 -1.271553584549846683e+00
5.513399140000414533e+00 -1.271792910533622090e+00
5.502816800000415398e+00 -1.272033359336368630e+00
5.492234460000416263e+00 -1.272274936835584347e+00
5.481652120000417128e+00 -1.272517640833440655e+00
5.471069780000417992e+00 -1.272761490071578683e+00
5.460487440000418857e+00 -1.273006518988045954e+00
5.449905100000419722e+00 -1.273252699550807332e+00
5.439322760000420587e+00 -1.273500050622969670e+00
5.428740420000421452e+00 -1.273748601949077131e+00
5.418158080000422316e+00 -1.273998341683788116e+00
5.407575740000423181e+00 -1.274249300037221699e+00
5.396993400000424046e+00 -1.274501483859040718e+00
5.386411060000424911e+00 -1.274754891631655118e+00
5.375828720000425776e+00 -1.275009541287617676e+00
5.365246380000426640e+00 -1.275265465181664837e+00
5.354664040000427505e+00 -1.275522651681455955e+00
5.344081700000428370e+00 -1.275781111549983748e+00
5.333499360000429235e+00 -1.276040876827626569e+00
5.322917020000430099e+00 -1.276301936059763831e+00
5.312334680000430964e+00 -1.276564321811862079e+00
5.301752340000431829e+00 -1.276828041991548757e+00
5.291170000000432694e+00 -1.277093095922248622e+00
5.280587660000433559e+00 -1.277359503526053208e+00
5.270005320000434423e+00 -1.277627299173473396e+00
5.259422980000435288e+00 -1.277896472144965712e+00
5.248840640000436153e+00 -1.278167034297221116e+00
5.238258300000437018e+00 -1.278439020227587930e+00
5.227675960000437883e+00 -1.278712418949075724e+00
5.217093620000438747e+00 -1.278987265649946803e+00
5.206511280000439612e+00 -1.279263569378060073e+00
5.195928940000440477e+00 -1.279541330475824745e+00
5.185346600000441342e+00 -1.279820571040587884e+00
5.174764260000442206e+00 -1.280101327645461362e+00
5.164181920000443071e+00 -1.280383590668766391e+00
5.153599580000443936e+00 -1.280667373139993126e+00
5.143017240000444801e+00 -1.280952712498331758e+00
5.132434900000445666e+00 -1.281239598300389693e+00
5.121852560000446530e+00 -1.281528068649019581e+00
5.111270220000447395e+00 -1.281818148736307617e+00
5.100687880000448260e+00 -1.282109809441116299e+00
5.090105540000449125e+00 -1.282403091883115520e+00
5.079523200000449989e+00 -1.282698034131088738e+00
5.068940860000450854e+00 -1.282994627863627057e+00
5.058358520000451719e+00 -1.283292887353650880e+00
5.047776180000452584e+00 -1.283592853192029093e+00
5.037193840000453449e+00 -1.283894515551190274e+00
5.026611500000454313e+00 -1.284197928732524474e+00
5.016029160000455178e+00 -1.284503066331837307e+00
5.005446820000456043e+00 -1.284809967382645191e+00
4.994864480000456908e+00 -1.285118665497814616e+00
4.984282140000457773e+00 -1.285429151220526922e+00
4.973699800000458637e+00 -1.285741467825889606e+00
4.963117460000459502e+00 -1.286055627598571505e+00
4.952535120000460367e+00 -1.286371634409662290e+00
4.941952780000461232e+00 -1.286689519318358732e+00
4.931370440000462096e+00 -1.287009317912682915e+00
4.920788100000462961e+00 -1.287331031850661445e+00
4.910205760000463826e+00 -1.287654674945103217e+00
4.899623420000464691e+00 -1.287980293363141460e+00
4.889041080000465556e+00 -1.288307878360773762e+00
4.878458740000466420e+00 -1.288637476985980301e+00
4.867876400000467285e+00 -1.288969102881060813e+00
4.857294060000468150e+00 -1.289302761702875166e+00
4.846711720000469015e+00 -1.289638484896406201e+00
4.836129380000469880e+00 -1.289976318484607587e+00
4.825547040000470744e+00 -1.290316258501587487e+00
4.814964700000471609e+00 -1.290658322623236653e+00
4.804382360000472474e+00 -1.291002561070999199e+00
4.793800020000473339e+00 -1.291348965859518305e+00
4.783217680000474203e+00 -1.291697588188414514e+00
4.772635340000475068e+00 -1.292048443078179343e+00
4.762053000000475933e+00 -1.292401555385786605e+00
4.751470660000476798e+00 -1.292756925435427862e+00
4.740888320000477663e+00 -1.293114619428031631e+00
4.730305980000478527e+00 -1.293474635544100693e+00
4.719723640000479392e+00 -1.293836992822173571e+00
4.709141300000480257e+00 -1.294201745931484959e+00
4.698558960000481122e+00 -1.294568887672205681e+00
4.687976620000481986e+00 -1.294938473795735900e+00
4.677394280000482851e+00 -1.295310520692023237e+00
4.666811940000483716e+00 -1.295685038346702678e+00
4.656229600000484581e+00 -1.296062064596603003e+00
4.645647260000485446e+00 -1.296441651913037951e+00
4.635064920000486310e+00 -1.296823792882075610e+00
4.624482580000487175e+00 -1.297208523191408780e+00
4.613900240000488040e+00 -1.297595895000705823e+00
4.603317900000488905e+00 -1.297985901891575811e+00
4.592735560000489770e+00 -1.298378604579933926e+00
4.582153220000490634e+00 -1.298774022344292511e+00
4.571570880000491499e+00 -1.299172163007838554e+00
4.560988540000492364e+00 -1.299573072597817625e+00
4.550406200000493229e+00 -1.299976805514881262e+00
4.539823860000494093e+00 -1.300383365021908322e+00
4.529241520000494958e+00 -1.300792772740686942e+00
4.518659180000495823e+00 -1.301205093476207386e+00
4.508076840000496688e+00 -1.301620321556734350e+00
4.497494500000497553e+00 -1.302038540303209091e+00
4.486912160000498417e+00 -1.302459718840770941e+00
4.476329820000499282e+00 -1.302883918663546137e+00
4.465747480000500147e+00 -1.303311194035711162e+00
4.455165140000501012e+00 -1.303741539666466664e+00
4.444582800000501877e+00 -1.304175024847683995e+00
4.434000460000502741e+00 -1.304611666731399389e+00
4.423418120000503606e+00 -1.305051489501426021e+00
4.412835780000504471e+00 -1.305494534472168455e+00
4.402253440000505336e+00 -1.305940883230025218e+00
4.391671100000506200e+00 -1.306390504585407397e+00
4.381088760000507065e+00 -1.306843442018389867e+00
4.370506420000507930e+00 -1.307299769389380639e+00
4.359924080000508795e+00 -1.307759481990465877e+00
4.349341740000509660e+00 -1.308222655166161541e+00
4.338759400000510524e+00 -1.308689306818761722e+00
4.328177060000511389e+00 -1.309159464839814824e+00
4.317594720000512254e+00 -1.309633174983569237e+00
4.307012380000513119e+00 -1.310110497543221619e+00
4.296430040000513984e+00 -1.310591451553178022e+00
4.285847700000514848e+00 -1.311076058431881908e+00
4.275265360000515713e+00 -1.311564398375354434e+00
4.264683020000516578e+00 -1.312056467054565578e+00
4.254100680000517443e+00 -1.312552346259939107e+00
4.243518340000518307e+00 -1.313052054311446115e+00
4.232936000000519172e+00 -1.313555623041456011e+00
4.222353660000520037e+00 -1.314063100766033054e+00
4.211771320000520902e+00 -1.314574552894560711e+00
4.201188980000521767e+00 -1.315090001698512534e+00
4.190606640000522631e+00 -1.315609468756346212e+00
4.180024300000523496e+00 -1.316133040947461197e+00
4.169441960000524361e+00 -1.316660714006976374e+00
4.158859620000525226e+00 -1.317192576507284718e+00
4.148277280000526090e+00 -1.317728646713511864e+00
4.137694940000526955e+00 -1.318268960560239345e+00
4.127112600000527820e+00 -1.318813570567957116e+00
4.116530260000528685e+00 -1.319362543753592742e+00
4.105947920000529550e+00 -1.319915907373908848e+00
4.095365580000530414e+00 -1.320473682599320187e+00
4.084783240000531279e+00 -1.321035963255281276e+00
4.074200900000532144e+00 -1.321602744677096819e+00
4.063618560000533009e+00 -1.322174122461002410e+00
4.053036220000533874e+00 -1.322750149471800585e+00
4.042453880000534738e+00 -1.323330794941169009e+00
4.031871540000535603e+00 -1.323916151119349793e+00
4.021289200000536468e+00 -1.324506286938075927e+00
4.010706860000537333e+00 -1.325101233843388737e+00
4.000124520000538197e+00 -1.325701011821533770e+00
3.989542180000539062e+00 -1.326305721777000457e+00
3.978959840000539927e+00 -1.326915357987764388e+00
3.968377500000540792e+00 -1.327530043028434914e+00
3.957795160000541657e+00 -1.328149741277600659e+00
3.947212820000542521e+00 -1.328774532469609415e+00
3.936630480000543386e+00 -1.329404502556144507e+00
3.926048140000544251e+00 -1.330039651148384738e+00
3.915465800000545116e+00 -1.330680072951456294e+00
3.904883460000545981e+00 -1.331325788226957130e+00
3.894301120000546845e+00 -1.331976843226833074e+00
3.883718780000547710e+00 -1.332633291906778039e+00
3.873136440000548575e+00 -1.333295223595536205e+00
3.862554100000549440e+00 -1.333962660007957712e+00
3.851971760000550304e+00 -1.334635622319601200e+00
3.841389420000551169e+00 -1.335314222202124146e+00
3.830807080000552034e+00 -1.335998450323489406e+00
3.820224740000552899e+00 -1.336688420136677991e+00
3.809642400000553764e+00 -1.337384142555472222e+00
3.799060060000554628e+00 -1.338085667199812701e+00
3.788477720000555493e+00 -1.338793059129422147e+00
3.777895380000556358e+00 -1.339506378922465712e+00
3.767313040000557223e+00 -1.340225681250720058e+00
3.756730700000558087e+00 -1.340950972713802702e+00
3.746148360000558952e+00 -1.341682371271078589e+00
3.735566020000559817e+00 -1.342419863442218420e+00
3.724983680000560682e+00 -1.343163568842919986e+00
3.714401340000561547e+00 -1.343913485110499018e+00
3.703819000000562411e+00 -1.344669724732191929e+00
3.693236660000563276e+00 -1.345432250596462875e+00
3.682654320000564141e+00 -1.346201181420883630e+00
3.672071980000565006e+00 -1.346976560022845160e+00
3.661489640000565871e+00 -1.347758390828656561e+00
3.650907300000566735e+00 -1.348546797068023162e+00
3.640324960000567600e+00 -1.349341759107342664e+00
3.629742620000568465e+00 -1.350143401596314741e+00
3.619160280000569330e+00 -1.350951710470433387e+00
3.608577940000570194e+00 -1.351766773229289731e+00
3.597995600000571059e+00 -1.352588625014723434e+00
3.587413260000571924e+00 -1.353417314180616060e+00
3.576830920000572789e+00 -1.354252918776277514e+00
3.566248580000573654e+00 -1.355095421998155025e+00
3.555666240000574518e+00 -1.355944950735815668e+00
3.545083900000575383e+00 -1.356801476579478249e+00
3.534501560000576248e+00 -1.357665127459078525e+00
3.523919220000577113e+00 -1.358535903511718601e+00
3.513336880000577978e+00 -1.359413815191038211e+00
3.502754540000578842e+00 -1.360298969367598643e+00
3.492172200000579707e+00 -1.361191382060155775e+00
3.481589860000580572e+00 -1.362091131275565026e+00
3.471007520000581437e+00 -1.362998186370590448e+00
3.460425180000582301e+00 -1.363912675536328223e+00
3.449842840000583166e+00 -1.364834558219426786e+00
3.439260500000584031e+00 -1.365763976451634942e+00
3.428678160000584896e+00 -1.366700876819376465e+00
3.418095820000585761e+00 -1.367645300996710223e+00
3.407513480000586625e+00 -1.368597357283723115e+00
3.396931140000587490e+00 -1.369556996609110788e+00
3.386348800000588355e+00 -1.370524346618162470e+00
3.375766460000589220e+00 -1.371499357195288704e+00
3.365184120000590084e+00 -1.372482105065874647e+00
3.354601780000590949e+00 -1.373472582780734808e+00
3.344019440000591814e+00 -1.374470940957762677e+00
3.333437100000592679e+00 -1.375477073816285589e+00
3.322854760000593544e+00 -1.376490994956283354e+00
3.312272420000594408e+00 -1.377512827681147911e+00
3.301690080000595273e+00 -1.378542503747543169e+00
3.291107740000596138e+00 -1.379580145625662002e+00
3.280525400000597003e+00 -1.380625678986833416e+00
3.269943060000597868e+00 -1.381679172808966571e+00
3.259360720000598732e+00 -1.382740626372630510e+00
3.248778380000599597e+00 -1.383810050080638510e+00
3.238196040000600462e+00 -1.384887499460664140e+00
3.227613700000601327e+00 -1.385972887262723496e+00
3.217031360000602191e+00 -1.387066327436599966e+00
3.206449020000603056e+00 -1.388167726682228764e+00
3.195866680000603921e+00 -1.389277196912596324e+00
3.185284340000604786e+00 -1.390394632612388381e+00
3.174702000000605651e+00 -1.391520088755686002e+00
3.164119660000606515e+00 -1.392653543993011445e+00
3.153537320000607380e+00 -1.393794977725506534e+00
3.142954980000608245e+00 -1.394944435314605435e+00
3.132372640000609110e+00 -1.396101792263420682e+00
3.121790300000609975e+00 -1.397267146589550757e+00
3.111207960000610839e+00 -1.398440372763724904e+00
3.100625620000611704e+00 -1.399621565206011997e+00
3.090043280000612569e+00 -1.400810575552557280e+00
3.079460940000613434e+00 -1.402007449887343826e+00
3.068878600000614298e+00 -1.403212127089015882e+00
3.058296260000615163e+00 -1.404424542678932353e+00
3.047713920000616028e+00 -1.405644736680403684e+00
3.037131580000616893e+00 -1.406872530379759345e+00
3.026549240000617758e+00 -1.408107999409899280e+00
3.015966900000618622e+00 -1.409350977242442626e+00
3.005384560000619487e+00 -1.410601531884694282e+00
2.994802220000620352e+00 -1.411859568935825315e+00
2.984219880000621217e+00 -1.413124855817710301e+00
2.973637540000622081e+00 -1.414397478034680633e+00
2.963055200000622946e+00 -1.415677282336182286e+00
2.952472860000623811e+00 -1.416964279500844137e+00
2.941890520000624676e+00 -1.418258232243443162e+00
2.931308180000625541e+00 -1.419559181343588161e+00
2.920725840000626405e+00 -1.420866908297609976e+00
2.910143500000627270e+00 -1.422181408520755808e+00
2.899561160000628135e+00 -1.423502569470991963e+00
2.888978820000629000e+00 -1.424830128663267415e+00
2.878396480000629865e+00 -1.426164111253942712e+00
2.867814140000630729e+00 -1.427504263928046413e+00
2.857231800000631594e+00 -1.428850588899285734e+00
2.846649460000632459e+00 -1.430202780580619670e+00
2.836067120000633324e+00 -1.431560786515899908e+00
2.825484780000634188e+00 -1.432924368213073008e+00
2.814902440000635053e+00 -1.434293457833571095e+00
2.804320100000635918e+00 -1.435667841429617120e+00
2.793737760000636783e+00 -1.437047215237842179e+00
2.783155420000637648e+00 -1.438431530665157165e+00
2.772573080000638512e+00 -1.439820457554496169e+00
2.761990740000639377e+00 -1.441213932273868403e+00
2.751408400000640242e+00 -1.442611542393860580e+00
2.740826060000641107e+00 -1.444013216533160948e+00
2.730243720000641972e+00 -1.445418637467760226e+00
2.719661380000642836e+00 -1.446827474959512472e+00
2.709079040000643701e+00 -1.448239630147329482e+00
2.698496700000644566e+00 -1.449654627033380105e+00
2.687914360000645431e+00 -1.451072328904627229e+00
2.677332020000646295e+00 -1.452492302667524715e+00
2.666749680000647160e+00 -1.453914388964334892e+00
2.656167340000648025e+00 -1.455338066611978842e+00
2.645585000000648890e+00 -1.456763117951088926e+00
2.635002660000649755e+00 -1.458189204252402726e+00
2.624420320000650619e+00 -1.459615760432153131e+00
2.613837980000651484e+00 -1.461042595201813787e+00
2.603255640000652349e+00 -1.462469098655445165e+00
2.592673300000653214e+00 -1.463895001154876141e+00
2.582090960000654078e+00 -1.465319722570078920e+00
2.571508620000654943e+00 -1.466742956955473298e+00
2.560926280000655808e+00 -1.468164006855477322e+00
2.550343940000656673e+00 -1.469582493624638442e+00
2.539761600000657538e+00 -1.470997828639771132e+00
2.529179260000658402e+00 -1.472409396905789203e+00
2.518596920000659267e+00 -1.473816747483606138e+00
2.508014580000660132e+00 -1.475219045013896890e+00
2.497432240000660997e+00 -1.476615801706148590e+00
2.486849900000661862e+00 -1.478006203329345736e+00
2.476267560000662726e+00 -1.479389696565640788e+00
2.465685220000663591e+00 -1.480765352357129805e+00
2.455102880000664456e+00 -1.482132353281633730e+00
2.444520540000665321e+00 -1.483489944069977584e+00
2.433938200000666185e+00 -1.484837168749118197e+00
2.423355860000667050e+00 -1.486173179486445672e+00
2.412773520000667915e+00 -1.487496751027692410e+00
2.402191180000668780e+00 -1.488806972230039216e+00
2.391608840000669645e+00 -1.490102571812369270e+00
2.381026500000670509e+00 -1.491382506271289543e+00
2.370444160000671374e+00 -1.492645201117550391e+00
2.359861820000672239e+00 -1.493889284146241003e+00
2.349279480000673104e+00 -1.495113279436417031e+00
2.338697140000673969e+00 -1.496315371748759393e+00
2.328114800000674833e+00 -1.497493854190889095e+00
2.317532460000675698e+00 -1.498646409081282993e+00
2.306950120000676563e+00 -1.499770814489153059e+00
2.296367780000677428e+00 -1.500864335879679379e+00
2.285785440000678292e+00 -1.501923993102958876e+00
2.275203100000679157e+00 -1.502946002807392878e+00
2.264620760000680022e+00 -1.503925640313814371e+00
2.254038420000680887e+00 -1.504857104388414912e+00
2.243456080000681752e+00 -1.505731860491197560e+00
2.232873740000682616e+00 -1.506535921977074199e+00
