2.455102880000664456e+00 -1.400206185556904348e+00
2.444520540000665321e+00 -1.401022856217005508e+00
2.433938200000666185e+00 -1.401822442915023892e+00
2.423355860000667050e+00 -1.402605385404394278e+00
2.412773520000667915e+00 -1.403372537105578077e+00
2.402191180000668780e+00 -1.404125030249290695e+00
2.391608840000669645e+00 -1.404864780809690794e+00
2.381026500000670509e+00 -1.405594294305561709e+00
2.370444160000671374e+00 -1.406317128287778440e+00
2.359861820000672239e+00 -1.407037544686664976e+00
2.349279480000673104e+00 -1.407760497222882989e+00
2.338697140000673969e+00 -1.408491388122304233e+00
2.328114800000674833e+00 -1.409234497578085943e+00
2.317532460000675698e+00 -1.409992947737606528e+00
2.306950120000676563e+00 -1.410767239207674661e+00
2.296367780000677428e+00 -1.411555196409501223e+00
2.285785440000678292e+00 -1.412353089987018695e+00
2.275203100000679157e+00 -1.413156143243401219e+00
2.264620760000680022e+00 -1.413959817839699262e+00
2.254038420000680887e+00 -1.414759730003313010e+00
2.243456080000681752e+00 -1.415552452385873128e+00
2.232873740000682616e+00 -1.416334804876856701e+00
2.222291400000683481e+00 -1.417104397393111670e+00
2.211709060000684346e+00 -1.417859295490046190e+00
2.201126720000685211e+00 -1.418597619948268163e+00
2.190544380000686076e+00 -1.419317856829861668e+00
2.179962040000686940e+00 -1.420018540379944794e+00
2.169379700000687805e+00 -1.420698870438125150e+00
2.158797360000688670e+00 -1.421357278938409241e+00
2.148215020000689535e+00 -1.421992932877270244e+00
2.137632680000690399e+00 -1.422604645702736148e+00
2.127050340000691264e+00 -1.423191458763011674e+00
2.116468000000692129e+00 -1.423752465748198803e+00
2.105885660000692994e+00 -1.424286678842996423e+00
2.095303320000693859e+00 -1.424792786225635766e+00
2.084720980000694723e+00 -1.425270084456012665e+00
2.074138640000695588e+00 -1.425717623808903767e+00
2.063556300000696453e+00 -1.426134119472394213e+00
2.052973960000697318e+00 -1.426518808333155475e+00
2.042391620000698182e+00 -1.426870356431912734e+00
2.031809280000699047e+00 -1.427187858311668389e+00
2.021226940000699912e+00 -1.427470255789949238e+00
2.010644600000700777e+00 -1.427716328411831936e+00
2.000062260000701642e+00 -1.427924886266768389e+00
1.989479920000702506e+00 -1.428094757266305859e+00
1.978897580000703371e+00 -1.428224969424888302e+00
1.968315240000704236e+00 -1.428313925573468479e+00
1.957732900000705101e+00 -1.428360727190389312e+00
1.947150560000705966e+00 -1.428363745368359528e+00
1.936568220000706830e+00 -1.428321884167345734e+00
1.925985880000707695e+00 -1.428233819895263323e+00
1.915403540000708560e+00 -1.428097978790440425e+00
1.904821200000709425e+00 -1.427912957836625862e+00
1.894238860000710289e+00 -1.427677169615570563e+00
1.883656520000711154e+00 -1.427389519934045836e+00
1.873074180000712019e+00 -1.427048018263364026e+00
1.862491840000712884e+00 -1.426651459386611309e+00
1.851909500000713749e+00 -1.426197649009439239e+00
1.841327160000714613e+00 -1.425685620841609547e+00
1.830744820000715478e+00 -1.425113336539300057e+00
1.820162480000716343e+00 -1.424478928794787880e+00
1.809580140000717208e+00 -1.423780819967244149e+00
1.798997800000718073e+00 -1.423016786547599555e+00
1.788415460000718937e+00 -1.422185311234920091e+00
1.777833120000719802e+00 -1.421284144854778386e+00
1.767250780000720667e+00 -1.420311535355684551e+00
1.756668440000721532e+00 -1.419265017264420337e+00
1.746086100000722396e+00 -1.418142672319124165e+00
1.735503760000723261e+00 -1.416942544359807599e+00
1.724921420000724126e+00 -1.415661879414474633e+00
1.714339080000724991e+00 -1.414298868139441279e+00
1.703756740000725856e+00 -1.412850584324740311e+00
1.693174400000726720e+00 -1.411314940110668381e+00
1.682592060000727585e+00 -1.409689345269239391e+00
1.672009720000728450e+00 -1.407971086045856302e+00
1.661427380000729315e+00 -1.406157505110052774e+00
1.650845040000730179e+00 -1.404245708894643396e+00
1.640262700000731044e+00 -1.402233259680888633e+00
1.629680360000731909e+00 -1.400116592990280573e+00
1.619098020000732774e+00 -1.397893341968903247e+00
1.608515680000733639e+00 -1.395559681071031566e+00
1.597933340000734503e+00 -1.393112910831557860e+00
1.587351000000735368e+00 -1.390549580813410069e+00
1.576768660000736233e+00 -1.387866249007247532e+00
1.566186320000737098e+00 -1.385059230802077490e+00
1.555603980000737963e+00 -1.382124765810234024e+00
1.545021640000738827e+00 -1.379059657418748364e+00
1.534439300000739692e+00 -1.375859281119285793e+00
1.523856960000740557e+00 -1.372520275521721400e+00
1.513274620000741422e+00 -1.369037760381164981e+00
1.502692280000742286e+00 -1.365408051557748470e+00
1.492109940000743151e+00 -1.361626478685585173e+00
1.481527600000744016e+00 -1.357688441419395486e+00
1.470945260000744881e+00 -1.353589182995351914e+00
1.460362920000745746e+00 -1.349323580226326813e+00
1.449780580000746610e+00 -1.344887254421924361e+00
1.439198240000747475e+00 -1.340273985883873920e+00
1.428615900000748340e+00 -1.335479292507667282e+00
1.418033560000749205e+00 -1.330496551393155702e+00
1.407451220000750070e+00 -1.325320479315658551e+00
1.396868880000750934e+00 -1.319945546927944191e+00
1.386286540000751799e+00 -1.314364732708939831e+00
1.375704200000752664e+00 -1.308571797354884936e+00
1.365121860000753529e+00 -1.302559779755937175e+00
1.354539520000754393e+00 -1.296322595234952191e+00
1.343957180000755258e+00 -1.289851996208575713e+00
1.333374840000756123e+00 -1.283141588805749578e+00
1.322792500000756988e+00 -1.276182836824299116e+00
1.312210160000757853e+00 -1.268967454780411952e+00
1.301627820000758717e+00 -1.261488637643736199e+00
1.291045480000759582e+00 -1.253736328608985318e+00
1.280463140000760447e+00 -1.245702904901733854e+00
1.269880800000761312e+00 -1.237377826577521267e+00
1.259298460000762176e+00 -1.228752590426871238e+00
1.248716120000763041e+00 -1.219816938792342320e+00
1.238133780000763906e+00 -1.210561029738637773e+00
1.227551440000764771e+00 -1.200972921140259775e+00
1.216969100000765636e+00 -1.191042670059843989e+00
1.206386760000766500e+00 -1.180759472079893735e+00
1.195804420000767365e+00 -1.170110026325271724e+00
1.185222080000768230e+00 -1.159083474413323600e+00
1.174639740000769095e+00 -1.147665574183056592e+00
1.164057400000769960e+00 -1.135844365922587418e+00
1.153475060000770824e+00 -1.123605670328907014e+00
1.142892720000771689e+00 -1.110935287324367859e+00
1.132310380000772554e+00 -1.097818499673685722e+00
1.121728040000773419e+00 -1.084239454789479584e+00
1.111145700000774283e+00 -1.070183689139032390e+00
1.100563360000775148e+00 -1.055632754007735707e+00
1.089981020000776013e+00 -1.040571384286592016e+00
1.079398680000776878e+00 -1.024979749207285185e+00
1.068816340000777743e+00 -1.008840751330382979e+00
1.058234000000778607e+00 -9.921344956880755461e-01
