1.058234000000000030e+01 -1.102176655039815767e+00
1.057175766000000117e+01 -1.102229337383870078e+00
1.056117532000000203e+01 -1.102282128337092937e+00
1.055059298000000290e+01 -1.102335024918038808e+00
1.054001064000000376e+01 -1.102388025240810476e+00
1.052942830000000463e+01 -1.102441134485007135e+00
1.051884596000000549e+01 -1.102494348223995724e+00
1.050826362000000636e+01 -1.102547671700522924e+00
1.049768128000000722e+01 -1.102601099489475933e+00
1.048709894000000808e+01 -1.102654640322755952e+00
1.047651660000000895e+01 -1.102708283058494221e+00
1.046593426000000981e+01 -1.102762041087788081e+00
1.045535192000001068e+01 -1.102815905308306643e+00
1.044476958000001154e+01 -1.102869879181203050e+00
1.043418724000001241e+01 -1.102923962035568861e+00
1.042360490000001327e+01 -1.102978146585792407e+00
1.041302256000001414e+01 -1.103032449410895399e+00
1.040244022000001500e+01 -1.103086865284860441e+00
1.039185788000001587e+01 -1.103141386881716812e+00
1.038127554000001673e+01 -1.103196019599400390e+00
1.037069320000001760e+01 -1.103250766490590840e+00
1.036011086000001846e+01 -1.103305625289452641e+00
1.034952852000001933e+01 -1.103360594087040125e+00
1.033894618000002019e+01 -1.103415679430531871e+00
1.032836384000002106e+01 -1.103470870452859742e+00
1.031778150000002192e+01 -1.103526181638103232e+00
1.030719916000002279e+01 -1.103581607323238956e+00
1.029661682000002365e+01 -1.103637137419786862e+00
1.028603448000002452e+01 -1.103692788696666982e+00
1.027545214000002538e+01 -1.103748551996438287e+00
1.026486980000002625e+01 -1.103804432893777498e+00
1.025428746000002711e+01 -1.103860425634646258e+00
1.024370512000002797e+01 -1.103916538489423615e+00
1.023312278000002884e+01 -1.103972763987557837e+00
1.022254044000002970e+01 -1.104029108911306345e+00
1.021195810000003057e+01 -1.104085572050374164e+00
1.020137576000003143e+01 -1.104142145191696178e+00
1.019079342000003230e+01 -1.104198845295554010e+00
1.018021108000003316e+01 -1.104255656360845883e+00
1.016962874000003403e+01 -1.104312584072657089e+00
1.015904640000003489e+01 -1.104369631115572181e+00
1.014846406000003576e+01 -1.104426801547998993e+00
1.013788172000003662e+01 -1.104484087830972516e+00
1.012729938000003749e+01 -1.104541496451998839e+00
1.011671704000003835e+01 -1.104599025250977196e+00
1.010613470000003922e+01 -1.104656671940955182e+00
1.009555236000004008e+01 -1.104714442584753709e+00
1.008497002000004095e+01 -1.104772333268697837e+00
1.007438768000004181e+01 -1.104830343474500820e+00
1.006380534000004268e+01 -1.104888479346647800e+00
1.005322300000004354e+01 -1.104946740317690024e+00
1.004264066000004441e+01 -1.105005113369574854e+00
1.003205832000004527e+01 -1.105063616631889012e+00
1.002147598000004614e+01 -1.105122243532886683e+00
1.001089364000004700e+01 -1.105180991638916144e+00
1.000031130000004786e+01 -1.105239866845733498e+00
9.989728960000048730e+00 -1.105298864063385400e+00
9.979146620000049595e+00 -1.105357989289724063e+00
9.968564280000050459e+00 -1.105417236866250486e+00
9.957981940000051324e+00 -1.105476616411151802e+00
9.947399600000052189e+00 -1.105536113682776822e+00
9.936817260000053054e+00 -1.105595747937250017e+00
9.926234920000053918e+00 -1.105655504715387316e+00
9.915652580000054783e+00 -1.105715381510354201e+00
9.905070240000055648e+00 -1.105775393805314311e+00
9.894487900000056513e+00 -1.105835531662333837e+00
9.883905560000057378e+00 -1.105895801121371758e+00
9.873323220000058242e+00 -1.105956199790627092e+00
9.862740880000059107e+00 -1.106016725277333634e+00
9.852158540000059972e+00 -1.106077381052904762e+00
9.841576200000060837e+00 -1.106138170279449051e+00
9.830993860000061701e+00 -1.106199092234983805e+00
9.820411520000062566e+00 -1.106260140313971352e+00
9.809829180000063431e+00 -1.106321319819334681e+00
9.799246840000064296e+00 -1.106382631758619839e+00
9.788664500000065161e+00 -1.106444076436739810e+00
9.778082160000066025e+00 -1.106505659542839526e+00
9.767499820000066890e+00 -1.106567370503255709e+00
9.756917480000067755e+00 -1.106629218249995716e+00
9.746335140000068620e+00 -1.106691197508309354e+00
9.735752800000069485e+00 -1.106753314784907793e+00
9.725170460000070349e+00 -1.106815564954843456e+00
9.714588120000071214e+00 -1.106877950743022199e+00
9.704005780000072079e+00 -1.106940475672865576e+00
9.693423440000072944e+00 -1.107003138808633214e+00
9.682841100000073808e+00 -1.107065931788469015e+00
9.672258760000074673e+00 -1.107128863428542331e+00
9.661676420000075538e+00 -1.107191935880447398e+00
9.651094080000076403e+00 -1.107255143702254863e+00
9.640511740000077268e+00 -1.107318493267241966e+00
9.629929400000078132e+00 -1.107381978361568375e+00
9.619347060000078997e+00 -1.107445607779377506e+00
9.608764720000079862e+00 -1.107509374307055428e+00
9.598182380000080727e+00 -1.107573285696405119e+00
9.587600040000081592e+00 -1.107637336047159637e+00
9.577017700000082456e+00 -1.107701521726548455e+00
9.566435360000083321e+00 -1.107765855653604525e+00
9.555853020000084186e+00 -1.107830329062788666e+00
9.545270680000085051e+00 -1.107894948458643558e+00
9.534688340000085915e+00 -1.107959707529103888e+00
9.524106000000086780e+00 -1.108024615077492392e+00
9.513523660000087645e+00 -1.108089663627472188e+00
9.502941320000088510e+00 -1.108154859940656323e+00
9.492358980000089375e+00 -1.108220203421886207e+00
9.481776640000090239e+00 -1.108285684850093045e+00
9.471194300000091104e+00 -1.108351322970758668e+00
9.460611960000091969e+00 -1.108417100363527030e+00
9.450029620000092834e+00 -1.108483023673078272e+00
9.439447280000093699e+00 -1.108549095481018654e+00
9.428864940000094563e+00 -1.108615320160970530e+00
9.418282600000095428e+00 -1.108681690159595501e+00
9.407700260000096293e+00 -1.108748211950015383e+00
9.397117920000097158e+00 -1.108814883935763662e+00
9.386535580000098022e+00 -1.108881703271608510e+00
9.375953240000098887e+00 -1.108948677090384916e+00
9.365370900000099752e+00 -1.109015801081610686e+00
9.354788560000100617e+00 -1.109083077433455022e+00
9.344206220000101482e+00 -1.109150505750564841e+00
9.333623880000102346e+00 -1.109218084248442704e+00
9.323041540000103211e+00 -1.109285816528955859e+00
9.312459200000104076e+00 -1.109353705195991857e+00
9.301876860000104941e+00 -1.109421748718079304e+00
9.291294520000105805e+00 -1.109489944087817204e+00
9.280712180000106670e+00 -1.109558298300274526e+00
9.270129840000107535e+00 -1.109626805842464092e+00
9.259547500000108400e+00 -1.109695472117729231e+00
9.248965160000109265e+00 -1.109764298793524562e+00
9.238382820000110129e+00 -1.109833273870349135e+00
9.227800480000110994e+00 -1.109902413628216067e+00
9.217218140000111859e+00 -1.109971708915383326e+00
9.206635800000112724e+00 -1.110041166758432896e+00
9.196053460000113589e+00 -1.110110780544452114e+00
9.185471120000114453e+00 -1.110180559380808063e+00
9.174888780000115318e+00 -1.110250495363544365e+00
9.164306440000116183e+00 -1.110320596583373121e+00
9.153724100000117048e+00 -1.110390861562841947e+00
9.143141760000117912e+00 -1.110461283639011532e+00
9.132559420000118777e+00 -1.110531869144337769e+00
9.121977080000119642e+00 -1.110602618209918901e+00
9.111394740000120507e+00 -1.110673534939993878e+00
9.100812400000121372e+00 -1.110744612627438510e+00
9.090230060000122236e+00 -1.110815860454987147e+00
9.079647720000123101e+00 -1.110887270889887812e+00
9.069065380000123966e+00 -1.110958850482910876e+00
9.058483040000124831e+00 -1.111030598249980184e+00
9.047900700000125696e+00 -1.111102512152884803e+00
9.037318360000126560e+00 -1.111174595586572389e+00
9.026736020000127425e+00 -1.111246841599040858e+00
9.016153680000128290e+00 -1.111319263669025448e+00
9.005571340000129155e+00 -1.111391851930095598e+00
8.994989000000130019e+00 -1.111464619084283401e+00
8.984406660000130884e+00 -1.111537550735324675e+00
8.973824320000131749e+00 -1.111610656792568097e+00
8.963241980000132614e+00 -1.111683936134283401e+00
8.952659640000133479e+00 -1.111757385736494408e+00
8.942077300000134343e+00 -1.111831014309760723e+00
8.931494960000135208e+00 -1.111904811624516043e+00
8.920912620000136073e+00 -1.111978784370057483e+00
8.910330280000136938e+00 -1.112052931885564755e+00
8.899747940000137802e+00 -1.112127260425503694e+00
8.889165600000138667e+00 -1.112201762438900676e+00
8.878583260000139532e+00 -1.112276444399993292e+00
8.868000920000140397e+00 -1.112351305224955400e+00
8.857418580000141262e+00 -1.112426341555558418e+00
8.846836240000142126e+00 -1.112501561386880500e+00
8.836253900000142991e+00 -1.112576959643001739e+00
8.825671560000143856e+00 -1.112652539836287424e+00
8.815089220000144721e+00 -1.112728298231073332e+00
8.804506880000145586e+00 -1.112804238482622443e+00
8.793924540000146450e+00 -1.112880362134812007e+00
8.783342200000147315e+00 -1.112956671536510678e+00
8.772759860000148180e+00 -1.113033165691110327e+00
8.762177520000149045e+00 -1.113109841076010076e+00
8.751595180000149909e+00 -1.113186705621675099e+00
8.741012840000150774e+00 -1.113263753193648453e+00
8.730430500000151639e+00 -1.113340993046751271e+00
8.719848160000152504e+00 -1.113418417813298644e+00
8.709265820000153369e+00 -1.113496023621646458e+00
8.698683480000154233e+00 -1.113573825398843864e+00
8.688101140000155098e+00 -1.113651813073906371e+00
8.677518800000155963e+00 -1.113729994627027597e+00
8.666936460000156828e+00 -1.113808362917366068e+00
8.656354120000157693e+00 -1.113886927615357125e+00
8.645771780000158557e+00 -1.113965680572479133e+00
8.635189440000159422e+00 -1.114044634509629983e+00
8.624607100000160287e+00 -1.114123780522010998e+00
8.614024760000161152e+00 -1.114203114525001981e+00
8.603442420000162016e+00 -1.114282643643166981e+00
8.592860080000162881e+00 -1.114362368714511664e+00
8.582277740000163746e+00 -1.114442294138922485e+00
8.571695400000164611e+00 -1.114522412666568929e+00
8.561113060000165476e+00 -1.114602734061706624e+00
8.550530720000166340e+00 -1.114683250814001436e+00
8.539948380000167205e+00 -1.114763969517821085e+00
8.529366040000168070e+00 -1.114844889890465485e+00
8.518783700000168935e+00 -1.114926009766881387e+00
8.508201360000169799e+00 -1.115007332185297795e+00
8.497619020000170664e+00 -1.115088849209878274e+00
8.487036680000171529e+00 -1.115170577502256011e+00
8.476454340000172394e+00 -1.115252505558900653e+00
8.465872000000173259e+00 -1.115334643256476799e+00
8.455289660000174123e+00 -1.115416983068075130e+00
8.444707320000174988e+00 -1.115499531511111364e+00
8.434124980000175853e+00 -1.115582288115686938e+00
8.423542640000176718e+00 -1.115665249443363427e+00
8.412960300000177583e+00 -1.115748425822389756e+00
8.402377960000178447e+00 -1.115831804477952049e+00
8.391795620000179312e+00 -1.115915392774060377e+00
8.381213280000180177e+00 -1.115999192364458548e+00
8.370630940000181042e+00 -1.116083208686215356e+00
8.360048600000181906e+00 -1.116167434212155918e+00
8.349466260000182771e+00 -1.116251875441673924e+00
8.338883920000183636e+00 -1.116336531940189447e+00
8.328301580000184501e+00 -1.116421399817864479e+00
8.317719240000185366e+00 -1.116506488349496395e+00
8.307136900000186230e+00 -1.116591792434852737e+00
8.296554560000187095e+00 -1.116677309326031153e+00
8.285972220000187960e+00 -1.116763053796379079e+00
8.275389880000188825e+00 -1.116849009518533054e+00
8.264807540000189690e+00 -1.116935186509002254e+00
8.254225200000190554e+00 -1.117021572981558242e+00
8.243642860000191419e+00 -1.117108208912714007e+00
8.233060520000192284e+00 -1.117195035754964039e+00
8.222478180000193149e+00 -1.117282119185019518e+00
8.211895840000194013e+00 -1.117369400605903396e+00
8.201313500000194878e+00 -1.117456924211078118e+00
8.190731160000195743e+00 -1.117544662429789115e+00
8.180148820000196608e+00 -1.117632624055332480e+00
8.169566480000197473e+00 -1.117720836544648488e+00
8.158984140000198337e+00 -1.117809255202489194e+00
8.148401800000199202e+00 -1.117897921643764114e+00
8.137819460000200067e+00 -1.117986806209678941e+00
8.127237120000200932e+00 -1.118075890867788580e+00
8.116654780000201796e+00 -1.118165280074367551e+00
8.106072440000202661e+00 -1.118254858721006162e+00
8.095490100000203526e+00 -1.118344677628966055e+00
8.084907760000204391e+00 -1.118434734129243768e+00
8.074325420000205256e+00 -1.118525010738025127e+00
8.063743080000206120e+00 -1.118615548135092563e+00
8.053160740000206985e+00 -1.118706315501387438e+00
8.042578400000207850e+00 -1.118797308414182234e+00
8.031996060000208715e+00 -1.118888545787686706e+00
8.021413720000209580e+00 -1.118980036378249165e+00
8.010831380000210444e+00 -1.119071753586081019e+00
8.000249040000211309e+00 -1.119163723120576881e+00
7.989666700000212174e+00 -1.119255950806438360e+00
7.979084360000213039e+00 -1.119348409347710183e+00
7.968502020000213903e+00 -1.119441109153161085e+00
7.957919680000214768e+00 -1.119534059851419627e+00
7.947337340000215633e+00 -1.119627238765684485e+00
7.936755000000216498e+00 -1.119720696343697419e+00
7.926172660000217363e+00 -1.119814389925251064e+00
7.915590320000218227e+00 -1.119908343842519471e+00
7.905007980000219092e+00 -1.120002515809105148e+00
7.894425640000219957e+00 -1.120096988884317302e+00
7.883843300000220822e+00 -1.120191664153403099e+00
7.873260960000221687e+00 -1.120286618090218012e+00
7.862678620000222551e+00 -1.120381831643971760e+00
7.852096280000223416e+00 -1.120477304728552781e+00
7.841513940000224281e+00 -1.120573059010391725e+00
7.830931600000225146e+00 -1.120669035390291279e+00
7.820349260000226010e+00 -1.120765290081926713e+00
7.809766920000226875e+00 -1.120861798608723703e+00
7.799184580000227740e+00 -1.120958564531707280e+00
7.788602240000228605e+00 -1.121055599072832143e+00
7.778019900000229470e+00 -1.121152847335184388e+00
7.767437560000230334e+00 -1.121250408102530072e+00
7.756855220000231199e+00 -1.121348282257190743e+00
7.746272880000232064e+00 -1.121446324585964049e+00
7.735690540000232929e+00 -1.121544726756138033e+00
7.725108200000233794e+00 -1.121643314348849563e+00
7.714525860000234658e+00 -1.121742216611483434e+00
7.703943520000235523e+00 -1.121841444170932567e+00
7.693361180000236388e+00 -1.121940893450208421e+00
7.682778840000237253e+00 -1.122040612018304184e+00
7.672196500000238117e+00 -1.122140598677145551e+00
7.661614160000238982e+00 -1.122240816721303158e+00
7.651031820000239847e+00 -1.122341432248775250e+00
7.640449480000240712e+00 -1.122442262794474788e+00
7.629867140000241577e+00 -1.122543368340150227e+00
7.619284800000242441e+00 -1.122644759479469512e+00
7.608702460000243306e+00 -1.122746352193419783e+00
7.598120120000244171e+00 -1.122848297480316893e+00
7.587537780000245036e+00 -1.122950529997777558e+00
7.576955440000245900e+00 -1.123053151684182627e+00
7.566373100000246765e+00 -1.123155964946175978e+00
7.555790760000247630e+00 -1.123259061409899395e+00
7.545208420000248495e+00 -1.123362451898925585e+00
7.534626080000249360e+00 -1.123466127996765929e+00
7.524043740000250224e+00 -1.123569985809089733e+00
7.513461400000251089e+00 -1.123674249640076228e+00
7.502879060000251954e+00 -1.123778920857850139e+00
7.492296720000252819e+00 -1.123883764021787357e+00
7.481714380000253684e+00 -1.123988788232463731e+00
7.471132040000254548e+00 -1.124094232406998684e+00
7.460549700000255413e+00 -1.124200115988241322e+00
7.449967360000256278e+00 -1.124306165149305814e+00
7.439385020000257143e+00 -1.124412353875004378e+00
7.428802680000258007e+00 -1.124519164977615837e+00
7.418220340000258872e+00 -1.124625956200960397e+00
7.407638000000259737e+00 -1.124733205337206332e+00
7.397055660000260602e+00 -1.124840940806937750e+00
7.386473320000261467e+00 -1.124948635814279951e+00
7.375890980000262331e+00 -1.125057015306644814e+00
7.365308640000263196e+00 -1.125165509723982105e+00
7.354726300000264061e+00 -1.125274321442901293e+00
7.344143960000264926e+00 -1.125383218914111971e+00
7.333561620000265791e+00 -1.125492881951532409e+00
7.322979280000266655e+00 -1.125602400983677587e+00
7.312396940000267520e+00 -1.125712707718297789e+00
7.301814600000268385e+00 -1.125823089013540335e+00
7.291232260000269250e+00 -1.125933540053937421e+00
7.280649920000270114e+00 -1.126044845465780764e+00
7.270067580000270979e+00 -1.126156199244087386e+00
7.259485240000271844e+00 -1.126267580633650178e+00
7.248902900000272709e+00 -1.126379573512156895e+00
7.238320560000273574e+00 -1.126491898717735696e+00
7.227738220000274438e+00 -1.126604557783327021e+00
7.217155880000275303e+00 -1.126717536241327977e+00
7.206573540000276168e+00 -1.126831204124471020e+00
7.195991200000277033e+00 -1.126944872944231957e+00
7.185408860000277897e+00 -1.127058869678076780e+00
7.174826520000278762e+00 -1.127173197379533587e+00
7.164244180000279627e+00 -1.127287444362603974e+00
7.153661840000280492e+00 -1.127402872928818578e+00
7.143079500000281357e+00 -1.127518211533936610e+00
7.132497160000282221e+00 -1.127633917021984677e+00
7.121914820000283086e+00 -1.127749457008716538e+00
7.111332480000283951e+00 -1.127866331067338912e+00
7.100750140000284816e+00 -1.127982525648368872e+00
7.090167800000285681e+00 -1.128099583603426659e+00
7.079585460000286545e+00 -1.128216993852107608e+00
7.069003120000287410e+00 -1.128334743568307985e+00
7.058420780000288275e+00 -1.128453461641952593e+00
7.047838440000289140e+00 -1.128571949026557997e+00
7.037256100000290004e+00 -1.128690792799051268e+00
7.026673760000290869e+00 -1.128809989005735925e+00
7.016091420000291734e+00 -1.128929550367048895e+00
7.005509080000292599e+00 -1.129049467382487570e+00
6.994926740000293464e+00 -1.129169752859057407e+00
6.984344400000294328e+00 -1.129290406248832035e+00
6.973762060000295193e+00 -1.129411413424098232e+00
6.963179720000296058e+00 -1.129532784921695399e+00
6.952597380000296923e+00 -1.129654545382548170e+00
6.942015040000297788e+00 -1.129776670190204779e+00
6.931432700000298652e+00 -1.129899162218083619e+00
6.920850360000299517e+00 -1.130022034581681378e+00
6.910268020000300382e+00 -1.130145277566608986e+00
6.899685680000301247e+00 -1.130268904379290618e+00
6.889103340000302111e+00 -1.130392914409706462e+00
6.878521000000302976e+00 -1.130517299357653993e+00
6.867938660000303841e+00 -1.130642058252760984e+00
6.857356320000304706e+00 -1.130767221855123905e+00
6.846773980000305571e+00 -1.130892765490041585e+00
6.836191640000306435e+00 -1.131018691967718315e+00
6.825609300000307300e+00 -1.131145014818159655e+00
6.815026960000308165e+00 -1.131271724106603038e+00
6.804444620000309030e+00 -1.131398833458111097e+00
6.793862280000309894e+00 -1.131526342205283253e+00
6.783279940000310759e+00 -1.131654236091799604e+00
6.772697600000311624e+00 -1.131782526166699832e+00
6.762115260000312489e+00 -1.131911237597556186e+00
6.751532920000313354e+00 -1.132040345638296142e+00
6.740950580000314218e+00 -1.132169853040680074e+00
6.730368240000315083e+00 -1.132299773769277262e+00
6.719785900000315948e+00 -1.132430097662799451e+00
6.709203560000316813e+00 -1.132560838785826141e+00
6.698621220000317678e+00 -1.132691993025677801e+00
6.688038880000318542e+00 -1.132823556219833216e+00
6.677456540000319407e+00 -1.132955529529811933e+00
6.666874200000320272e+00 -1.133087941814026056e+00
6.656291860000321137e+00 -1.133220768241959719e+00
6.645709520000322001e+00 -1.133354011511612081e+00
6.635127180000322866e+00 -1.133487686044373222e+00
6.624544840000323731e+00 -1.133621781445582011e+00
6.613962500000324596e+00 -1.133756299060955097e+00
6.603380160000325461e+00 -1.133891274258898019e+00
6.592797820000326325e+00 -1.134026663276159752e+00
6.582215480000327190e+00 -1.134162493972518337e+00
6.571633140000328055e+00 -1.134298755821068205e+00
6.561050800000328920e+00 -1.134435463613985950e+00
6.550468460000329785e+00 -1.134572616573176429e+00
6.539886120000330649e+00 -1.134710200163200566e+00
6.529303780000331514e+00 -1.134848233186135591e+00
6.518721440000332379e+00 -1.134986727394900363e+00
6.508139100000333244e+00 -1.135125665477913159e+00
6.497556760000334108e+00 -1.135265049673812143e+00
6.486974420000334973e+00 -1.135404895161117755e+00
6.476392080000335838e+00 -1.135545191168770840e+00
6.465809740000336703e+00 -1.135685952988353620e+00
6.455227400000337568e+00 -1.135827179807865628e+00
6.444645060000338432e+00 -1.135968856960736906e+00
6.434062720000339297e+00 -1.136110996674781548e+00
6.423480380000340162e+00 -1.136253625331463679e+00
6.412898040000341027e+00 -1.136396717770064013e+00
6.402315700000341891e+00 -1.136540276594544041e+00
6.391733360000342756e+00 -1.136684317503729114e+00
6.381151020000343621e+00 -1.136828829475366787e+00
6.370568680000344486e+00 -1.136973828326296676e+00
6.359986340000345351e+00 -1.137119313203376114e+00
6.349404000000346215e+00 -1.137265269336305451e+00
6.338821660000347080e+00 -1.137411709318300268e+00
6.328239320000347945e+00 -1.137558659903974867e+00
6.317656980000348810e+00 -1.137706095830295805e+00
6.307074640000349675e+00 -1.137854019659391591e+00
6.296492300000350539e+00 -1.138002447635920289e+00
6.285909960000351404e+00 -1.138151368480282866e+00
6.275327620000352269e+00 -1.138300798562763116e+00
6.264745280000353134e+00 -1.138450737008546376e+00
6.254162940000353998e+00 -1.138601168892473980e+00
6.243580600000354863e+00 -1.138752107227311683e+00
6.232998260000355728e+00 -1.138903579198233817e+00
6.222415920000356593e+00 -1.139055559386916050e+00
6.211833580000357458e+00 -1.139208050333274214e+00
6.201251240000358322e+00 -1.139361068858455672e+00
6.190668900000359187e+00 -1.139514603417983718e+00
6.180086560000360052e+00 -1.139668670965567676e+00
6.169504220000360917e+00 -1.139823274406628562e+00
6.158921880000361782e+00 -1.139978394619721724e+00
6.148339540000362646e+00 -1.140134041765348050e+00
6.137757200000363511e+00 -1.140290247030715687e+00
6.127174860000364376e+00 -1.140446984825320920e+00
6.116592520000365241e+00 -1.140604257675156497e+00
6.106010180000366105e+00 -1.140762083010196548e+00
6.095427840000366970e+00 -1.140920449013464566e+00
6.084845500000367835e+00 -1.141079373254167528e+00
6.074263160000368700e+00 -1.141238851258059572e+00
6.063680820000369565e+00 -1.141398878487130730e+00
6.053098480000370429e+00 -1.141559472717412538e+00
6.042516140000371294e+00 -1.141720621977319050e+00
6.031933800000372159e+00 -1.141882344193237975e+00
6.021351460000373024e+00 -1.142044638476063856e+00
6.010769120000373889e+00 -1.142207489424928779e+00
6.000186780000374753e+00 -1.142370918416275805e+00
5.989604440000375618e+00 -1.142534932505673506e+00
5.979022100000376483e+00 -1.142699527191037401e+00
5.968439760000377348e+00 -1.142864697866555312e+00
5.957857420000378212e+00 -1.143030462976921457e+00
5.947275080000379077e+00 -1.143196810265784569e+00
5.936692740000379942e+00 -1.143363758330602664e+00
5.926110400000380807e+00 -1.143531306295709093e+00
5.915528060000381672e+00 -1.143699438539093061e+00
5.904945720000382536e+00 -1.143868169858357264e+00
5.894363380000383401e+00 -1.144037529268536080e+00
5.883781040000384266e+00 -1.144207490653666115e+00
5.873198700000385131e+00 -1.144378056551744294e+00
5.862616360000385995e+00 -1.144549246107845697e+00
5.852034020000386860e+00 -1.144721046773834461e+00
5.841451680000387725e+00 -1.144893477855835506e+00
5.830869340000388590e+00 -1.145066538502666598e+00
5.820287000000389455e+00 -1.145240195299273456e+00
5.809704660000390319e+00 -1.145414505869354116e+00
5.799122320000391184e+00 -1.145589466841256954e+00
5.788539980000392049e+00 -1.145765060099618093e+00
5.777957640000392914e+00 -1.145941288202880992e+00
5.767375300000393779e+00 -1.146118171031517363e+00
5.756792960000394643e+00 -1.146295695732021391e+00
5.746210620000395508e+00 -1.146473882354886786e+00
5.735628280000396373e+00 -1.146652730081631377e+00
5.725045940000397238e+00 -1.146832222780083121e+00
5.714463600000398102e+00 -1.147012376478465878e+00
5.703881260000398967e+00 -1.147193221452688094e+00
5.693298920000399832e+00 -1.147374731074874754e+00
5.682716580000400697e+00 -1.147556907938397819e+00
5.672134240000401562e+00 -1.147739782688346644e+00
5.661551900000402426e+00 -1.147923322778259259e+00
5.650969560000403291e+00 -1.148107568697311009e+00
5.640387220000404156e+00 -1.148292495941899860e+00
5.629804880000405021e+00 -1.148478109428030525e+00
5.619222540000405886e+00 -1.148664414192666960e+00
5.608640200000406750e+00 -1.148851445114775105e+00
5.598057860000407615e+00 -1.149039175277359881e+00
5.587475520000408480e+00 -1.149227607325184808e+00
5.576893180000409345e+00 -1.149416762748900034e+00
5.566310840000410209e+00 -1.149606628062354030e+00
5.555728500000411074e+00 -1.149797237772433700e+00
5.545146160000411939e+00 -1.149988548707304492e+00
5.534563820000412804e+00 -1.150180594572562498e+00
5.523981480000413669e+00 -1.150373384503477814e+00
5.513399140000414533e+00 -1.150566904829452231e+00
5.502816800000415398e+00 -1.150761177715595496e+00
5.492234460000416263e+00 -1.150956202497862124e+00
5.481652120000417128e+00 -1.151151962246255156e+00
5.471069780000417992e+00 -1.151348482432145159e+00
5.460487440000418857e+00 -1.151545781893323017e+00
5.449905100000419722e+00 -1.151743837207305665e+00
5.439322760000420587e+00 -1.151942652885442619e+00
5.428740420000421452e+00 -1.152142251795995831e+00
5.418158080000422316e+00 -1.152342619924139555e+00
5.407575740000423181e+00 -1.152543780344219115e+00
5.396993400000424046e+00 -1.152745732473990259e+00
5.386411060000424911e+00 -1.152948459012398175e+00
5.375828720000425776e+00 -1.153151978678289558e+00
5.365246380000426640e+00 -1.153356324503903796e+00
5.354664040000427505e+00 -1.153561468685400548e+00
5.344081700000428370e+00 -1.153767414045805406e+00
5.333499360000429235e+00 -1.153974184399215286e+00
5.322917020000430099e+00 -1.154181765368528456e+00
5.312334680000430964e+00 -1.154390180984469882e+00
5.301752340000431829e+00 -1.154599430757134115e+00
5.291170000000432694e+00 -1.154809496973496774e+00
5.280587660000433559e+00 -1.155020399231663664e+00
5.270005320000434423e+00 -1.155232171463837387e+00
5.259422980000435288e+00 -1.155444785449360579e+00
5.248840640000436153e+00 -1.155658244097265586e+00
5.238258300000437018e+00 -1.155872572214270200e+00
5.227675960000437883e+00 -1.156087755037335629e+00
5.217093620000438747e+00 -1.156303817599665607e+00
5.206511280000439612e+00 -1.156520759510366592e+00
5.195928940000440477e+00 -1.156738562595505559e+00
5.185346600000441342e+00 -1.156957247386658949e+00
5.174764260000442206e+00 -1.157176848770798516e+00
5.164181920000443071e+00 -1.157397338058825831e+00
5.153599580000443936e+00 -1.157618718249137535e+00
5.143017240000444801e+00 -1.157841015184597255e+00
5.132434900000445666e+00 -1.158064213684992350e+00
5.121852560000446530e+00 -1.158288339828673408e+00
5.111270220000447395e+00 -1.158513399468449556e+00
5.100687880000448260e+00 -1.158739366240594704e+00
5.090105540000449125e+00 -1.158966258612833755e+00
5.079523200000449989e+00 -1.159194117052438244e+00
5.068940860000450854e+00 -1.159422912338124556e+00
5.058358520000451719e+00 -1.159652647553440108e+00
5.047776180000452584e+00 -1.159883349615118409e+00
5.037193840000453449e+00 -1.160115002884190449e+00
5.026611500000454313e+00 -1.160347650020281618e+00
5.016029160000455178e+00 -1.160581239581528923e+00
5.005446820000456043e+00 -1.160815813006027541e+00
4.994864480000456908e+00 -1.161051382312313862e+00
4.984282140000457773e+00 -1.161287931583073529e+00
4.973699800000458637e+00 -1.161525488589985500e+00
4.963117460000459502e+00 -1.161764053178092837e+00
4.952535120000460367e+00 -1.162003605687447649e+00
4.941952780000461232e+00 -1.162244177642217657e+00
4.931370440000462096e+00 -1.162485781408855168e+00
4.920788100000462961e+00 -1.162728411950461505e+00
4.910205760000463826e+00 -1.162972064055166621e+00
4.899623420000464691e+00 -1.163216766360628984e+00
4.889041080000465556e+00 -1.163462502394585263e+00
4.878458740000466420e+00 -1.163709301041784716e+00
4.867876400000467285e+00 -1.163957162200887074e+00
4.857294060000468150e+00 -1.164206065459258088e+00
4.846711720000469015e+00 -1.164456035023211378e+00
4.836129380000469880e+00 -1.164707109534283580e+00
4.825547040000470744e+00 -1.164959257996397879e+00
4.814964700000471609e+00 -1.165212483604400884e+00
4.804382360000472474e+00 -1.165466816108800652e+00
4.793800020000473339e+00 -1.165722238392275178e+00
4.783217680000474203e+00 -1.165978780449175023e+00
4.772635340000475068e+00 -1.166236442180466293e+00
4.762053000000475933e+00 -1.166495214627811805e+00
4.751470660000476798e+00 -1.166755098443161609e+00
4.740888320000477663e+00 -1.167016145659545145e+00
4.730305980000478527e+00 -1.167278324350910834e+00
4.719723640000479392e+00 -1.167541637659339271e+00
4.709141300000480257e+00 -1.167806116423034668e+00
4.698558960000481122e+00 -1.168071742758791220e+00
4.687976620000481986e+00 -1.168338547737629129e+00
4.677394280000482851e+00 -1.168606531183441488e+00
4.666811940000483716e+00 -1.168875670726157834e+00
4.656229600000484581e+00 -1.169145992709553328e+00
4.645647260000485446e+00 -1.169417537952243347e+00
4.635064920000486310e+00 -1.169690260160253681e+00
4.624482580000487175e+00 -1.169964187664584543e+00
4.613900240000488040e+00 -1.170239340136796091e+00
4.603317900000488905e+00 -1.170515698759118095e+00
4.592735560000489770e+00 -1.170793295598702599e+00
4.582153220000490634e+00 -1.171072124518633517e+00
4.571570880000491499e+00 -1.171352179116935011e+00
4.560988540000492364e+00 -1.171633469450015674e+00
4.550406200000493229e+00 -1.171916043093708115e+00
4.539823860000494093e+00 -1.172199865620369597e+00
4.529241520000494958e+00 -1.172484939709185658e+00
4.518659180000495823e+00 -1.172771298124070771e+00
4.508076840000496688e+00 -1.173058920901753455e+00
4.497494500000497553e+00 -1.173347860349233107e+00
4.486912160000498417e+00 -1.173638051568374641e+00
4.476329820000499282e+00 -1.173929545533571206e+00
4.465747480000500147e+00 -1.174222356094712039e+00
4.455165140000501012e+00 -1.174516462535421413e+00
4.444582800000501877e+00 -1.174811898198340199e+00
4.434000460000502741e+00 -1.175108652035404599e+00
4.423418120000503606e+00 -1.175406727732111190e+00
4.412835780000504471e+00 -1.175706133702540956e+00
4.402253440000505336e+00 -1.176006908034809006e+00
4.391671100000506200e+00 -1.176309014214664606e+00
4.381088760000507065e+00 -1.176612458525705396e+00
4.370506420000507930e+00 -1.176917274751280162e+00
4.359924080000508795e+00 -1.177223440557485734e+00
4.349341740000509660e+00 -1.177530989809847828e+00
4.338759400000510524e+00 -1.177839910238084986e+00
4.328177060000511389e+00 -1.178150204673817258e+00
4.317594720000512254e+00 -1.178461881470367345e+00
4.307012380000513119e+00 -1.178774963057849900e+00
4.296430040000513984e+00 -1.179089441510338343e+00
4.285847700000514848e+00 -1.179405307067389330e+00
4.275265360000515713e+00 -1.179722593774248818e+00
4.264683020000516578e+00 -1.180041277261616006e+00
4.254100680000517443e+00 -1.180361391564772156e+00
4.243518340000518307e+00 -1.180682922793745204e+00
4.232936000000519172e+00 -1.181005872474034657e+00
4.222353660000520037e+00 -1.181330246710198928e+00
4.211771320000520902e+00 -1.181656069976263934e+00
4.201188980000521767e+00 -1.181983331501183399e+00
4.190606640000522631e+00 -1.182312019627980826e+00
4.180024300000523496e+00 -1.182642168209892430e+00
4.169441960000524361e+00 -1.182973750310213124e+00
4.158859620000525226e+00 -1.183306799646102414e+00
4.148277280000526090e+00 -1.183641300196874635e+00
4.137694940000526955e+00 -1.183977251593207436e+00
4.127112600000527820e+00 -1.184314660147260279e+00
4.116530260000528685e+00 -1.184653546146752223e+00
4.105947920000529550e+00 -1.184993898059727435e+00
4.095365580000530414e+00 -1.185335701752064264e+00
4.084783240000531279e+00 -1.185678990275350841e+00
4.074200900000532144e+00 -1.186023733457603591e+00
4.063618560000533009e+00 -1.186369964046996905e+00
4.053036220000533874e+00 -1.186717684104786619e+00
4.042453880000534738e+00 -1.187066844507398411e+00
4.031871540000535603e+00 -1.187417479281207777e+00
4.021289200000536468e+00 -1.187769602228288646e+00
4.010706860000537333e+00 -1.188123198873250352e+00
4.000124520000538197e+00 -1.188478251874709013e+00
3.989542180000539062e+00 -1.188834792678190366e+00
3.978959840000539927e+00 -1.189192787043358734e+00
3.968377500000540792e+00 -1.189552278179193179e+00
3.957795160000541657e+00 -1.189913211166028217e+00
3.947212820000542521e+00 -1.190275603298768914e+00
3.936630480000543386e+00 -1.190639472695591783e+00
3.926048140000544251e+00 -1.191004782180037358e+00
3.915465800000545116e+00 -1.191371561662172285e+00
3.904883460000545981e+00 -1.191739786143309443e+00
3.894301120000546845e+00 -1.192109446498100800e+00
3.883718780000547710e+00 -1.192480541312667341e+00
3.873136440000548575e+00 -1.192853086347980263e+00
3.862554100000549440e+00 -1.193227057807941582e+00
3.851971760000550304e+00 -1.193602432351708487e+00
3.841389420000551169e+00 -1.193979236750967177e+00
3.830807080000552034e+00 -1.194357428311601632e+00
3.820224740000552899e+00 -1.194737032812254629e+00
3.809642400000553764e+00 -1.195118020254261282e+00
3.799060060000554628e+00 -1.195500375912146751e+00
3.788477720000555493e+00 -1.195884105139077613e+00
3.777895380000556358e+00 -1.196269184493710780e+00
3.767313040000557223e+00 -1.196655618408552835e+00
3.756730700000558087e+00 -1.197043366149279420e+00
3.746148360000558952e+00 -1.197432449622082506e+00
3.735566020000559817e+00 -1.197822818968054648e+00
3.724983680000560682e+00 -1.198214494693166099e+00
3.714401340000561547e+00 -1.198607425710541241e+00
3.703819000000562411e+00 -1.199001652403777651e+00
3.693236660000563276e+00 -1.199397082106189005e+00
3.682654320000564141e+00 -1.199793750031799666e+00
3.672071980000565006e+00 -1.200191620869421438e+00
3.661489640000565871e+00 -1.200590657045155440e+00
3.650907300000566735e+00 -1.200990873694930627e+00
3.640324960000567600e+00 -1.201392212099812840e+00
3.629742620000568465e+00 -1.201794685484638858e+00
3.619160280000569330e+00 -1.202198219549189595e+00
3.608577940000570194e+00 -1.202602871520307426e+00
3.597995600000571059e+00 -1.203008562589611641e+00
3.587413260000571924e+00 -1.203415227458084935e+00
3.576830920000572789e+00 -1.203822908978416484e+00
3.566248580000573654e+00 -1.204231530891096469e+00
3.555666240000574518e+00 -1.204641099190263631e+00
3.545083900000575383e+00 -1.205051544257345508e+00
3.534501560000576248e+00 -1.205462869539873916e+00
3.523919220000577113e+00 -1.205875024399685636e+00
3.513336880000577978e+00 -1.206287952718846590e+00
3.502754540000578842e+00 -1.206701666227921521e+00
3.492172200000579707e+00 -1.207116056176957386e+00
3.481589860000580572e+00 -1.207531151340063724e+00
3.471007520000581437e+00 -1.207946864460503145e+00
3.460425180000582301e+00 -1.208363189456014064e+00
3.449842840000583166e+00 -1.208780043365716095e+00
3.439260500000584031e+00 -1.209197406145056775e+00
3.428678160000584896e+00 -1.209615246374460051e+00
3.418095820000585761e+00 -1.210033461612455286e+00
3.407513480000586625e+00 -1.210452050050839556e+00
3.396931140000587490e+00 -1.210870920088654490e+00
3.386348800000588355e+00 -1.211290053575885484e+00
3.375766460000589220e+00 -1.211709368642760465e+00
3.365184120000590084e+00 -1.212128816205177761e+00
3.354601780000590949e+00 -1.212548324352112239e+00
3.344019440000591814e+00 -1.212967880390927844e+00
3.333437100000592679e+00 -1.213387357937948607e+00
3.322854760000593544e+00 -1.213806696146578545e+00
3.312272420000594408e+00 -1.214225862670226253e+00
3.301690080000595273e+00 -1.214644747782980261e+00
3.291107740000596138e+00 -1.215063314203492784e+00
3.280525400000597003e+00 -1.215481463080333002e+00
3.269943060000597868e+00 -1.215899124013040122e+00
3.259360720000598732e+00 -1.216316212794521290e+00
3.248778380000599597e+00 -1.216732657138756002e+00
3.238196040000600462e+00 -1.217148367706855527e+00
3.227613700000601327e+00 -1.217563238085654032e+00
3.217031360000602191e+00 -1.217977212907984219e+00
3.206449020000603056e+00 -1.218390160460780525e+00
3.195866680000603921e+00 -1.218802019100498457e+00
3.185284340000604786e+00 -1.219212669440382646e+00
3.174702000000605651e+00 -1.219622013275048156e+00
3.164119660000606515e+00 -1.220029946784994435e+00
3.153537320000607380e+00 -1.220436367201529482e+00
3.142954980000608245e+00 -1.220841161671392117e+00
3.132372640000609110e+00 -1.221244199183399548e+00
3.121790300000609975e+00 -1.221645395221685471e+00
3.111207960000610839e+00 -1.222044591427628335e+00
3.100625620000611704e+00 -1.222441695350102719e+00
3.090043280000612569e+00 -1.222836555319016583e+00
3.079460940000613434e+00 -1.223229063644364567e+00
3.068878600000614298e+00 -1.223619071471335085e+00
3.058296260000615163e+00 -1.224006427063092595e+00
3.047713920000616028e+00 -1.224391009167793420e+00
3.037131580000616893e+00 -1.224772650895208370e+00
3.026549240000617758e+00 -1.225151230469807340e+00
3.015966900000618622e+00 -1.225526557201308764e+00
3.005384560000619487e+00 -1.225898499833385280e+00
2.994802220000620352e+00 -1.226266908064770123e+00
2.984219880000621217e+00 -1.226631554979908723e+00
2.973637540000622081e+00 -1.226992317244629094e+00
2.963055200000622946e+00 -1.227348989934905710e+00
2.952472860000623811e+00 -1.227701408739271471e+00
2.941890520000624676e+00 -1.228049372740209533e+00
2.931308180000625541e+00 -1.228392713892053845e+00
2.920725840000626405e+00 -1.228731202117400390e+00
2.910143500000627270e+00 -1.229064664733758860e+00
2.899561160000628135e+00 -1.229392873420609211e+00
2.888978820000629000e+00 -1.229715612205624531e+00
2.878396480000629865e+00 -1.230032684840264956e+00
2.867814140000630729e+00 -1.230343835650180795e+00
2.857231800000631594e+00 -1.230648852128703563e+00
2.846649460000632459e+00 -1.230947490569026970e+00
2.836067120000633324e+00 -1.231239510423592032e+00
2.825484780000634188e+00 -1.231524656173728305e+00
2.814902440000635053e+00 -1.231802688259102663e+00
2.804320100000635918e+00 -1.232073316482030112e+00
2.793737760000636783e+00 -1.232336282087518997e+00
2.783155420000637648e+00 -1.232591320533808155e+00
2.772573080000638512e+00 -1.232838121722982239e+00
2.761990740000639377e+00 -1.233076402950023853e+00
2.751408400000640242e+00 -1.233305878638411457e+00
2.740826060000641107e+00 -1.233526217220503263e+00
2.730243720000641972e+00 -1.233737112317102591e+00
2.719661380000642836e+00 -1.233938249377927843e+00
2.709079040000643701e+00 -1.234129267829420895e+00
2.698496700000644566e+00 -1.234309848231344597e+00
2.687914360000645431e+00 -1.234479641745732881e+00
2.677332020000646295e+00 -1.234638270281714023e+00
2.666749680000647160e+00 -1.234785361848108831e+00
2.656167340000648025e+00 -1.234920571123162780e+00
2.645585000000648890e+00 -1.235043460921388725e+00
2.635002660000649755e+00 -1.235153656958784429e+00
2.624420320000650619e+00 -1.235250761525663377e+00
2.613837980000651484e+00 -1.235334304952442119e+00
2.603255640000652349e+00 -1.235403898959942515e+00
2.592673300000653214e+00 -1.235459086729033595e+00
2.582090960000654078e+00 -1.235499403891473946e+00
2.571508620000654943e+00 -1.235524363849012097e+00
2.560926280000655808e+00 -1.235533525970740953e+00
2.550343940000656673e+00 -1.235526374422629470e+00
2.539761600000657538e+00 -1.235502400579378213e+00
2.529179260000658402e+00 -1.235461081114931359e+00
2.518596920000659267e+00 -1.235401853196170574e+00
2.508014580000660132e+00 -1.235324220049207389e+00
2.497432240000660997e+00 -1.235227585044712750e+00
2.486849900000661862e+00 -1.235111372391136442e+00
2.476267560000662726e+00 -1.234974946728530698e+00
2.465685220000663591e+00 -1.234817754885717100e+00
2.455102880000664456e+00 -1.234639143694679309e+00
2.444520540000665321e+00 -1.234438457877362616e+00
2.433938200000666185e+00 -1.234215022718929688e+00
2.423355860000667050e+00 -1.233968123530563288e+00
2.412773520000667915e+00 -1.233697132705842359e+00
2.402191180000668780e+00 -1.233401270198205335e+00
2.391608840000669645e+00 -1.233079813425239646e+00
2.381026500000670509e+00 -1.232731922936819435e+00
2.370444160000671374e+00 -1.232356919594147948e+00
2.359861820000672239e+00 -1.231953946716120907e+00
2.349279480000673104e+00 -1.231522142872418790e+00
2.338697140000673969e+00 -1.231060683177335857e+00
2.328114800000674833e+00 -1.230568600653919598e+00
2.317532460000675698e+00 -1.230045096788392023e+00
2.306950120000676563e+00 -1.229489180037472540e+00
2.296367780000677428e+00 -1.228899896758678834e+00
2.285785440000678292e+00 -1.228276179361853293e+00
2.275203100000679157e+00 -1.227617039796706333e+00
2.264620760000680022e+00 -1.226921514997292739e+00
2.254038420000680887e+00 -1.226188408317021361e+00
2.243456080000681752e+00 -1.225416658405596992e+00
2.232873740000682616e+00 -1.224604986868156109e+00
2.222291400000683481e+00 -1.223752357044419092e+00
2.211709060000684346e+00 -1.222857459114155443e+00
2.201126720000685211e+00 -1.221919026347210391e+00
2.190544380000686076e+00 -1.220935750169698464e+00
2.179962040000686940e+00 -1.219906184729246279e+00
2.169379700000687805e+00 -1.218829120262846066e+00
2.158797360000688670e+00 -1.217702958690133341e+00
2.148215020000689535e+00 -1.216526303802778486e+00
2.137632680000690399e+00 -1.215297439282362335e+00
2.127050340000691264e+00 -1.214014990544464156e+00
2.116468000000692129e+00 -1.212677195545480036e+00
2.105885660000692994e+00 -1.211282357495649054e+00
2.095303320000693859e+00 -1.209828718746675191e+00
2.084720980000694723e+00 -1.208314322820013276e+00
2.074138640000695588e+00 -1.206737529065437631e+00
2.063556300000696453e+00 -1.205096160108539260e+00
2.052973960000697318e+00 -1.203388321347664602e+00
2.042391620000698182e+00 -1.201611665123589079e+00
2.031809280000699047e+00 -1.199764293751450106e+00
2.021226940000699912e+00 -1.197843753946405743e+00
2.010644600000700777e+00 -1.195847712062827917e+00
2.000062260000701642e+00 -1.193773740003907458e+00
1.989479920000702506e+00 -1.191619075951883211e+00
1.978897580000703371e+00 -1.189381397342240243e+00
1.968315240000704236e+00 -1.187057629265383829e+00
1.957732900000705101e+00 -1.184645068867434148e+00
1.947150560000705966e+00 -1.182140361673965634e+00
1.936568220000706830e+00 -1.179540509211462362e+00
1.925985880000707695e+00 -1.176842456914945378e+00
1.915403540000708560e+00 -1.174042396881476158e+00
1.904821200000709425e+00 -1.171136759197631605e+00
1.894238860000710289e+00 -1.168121448689656727e+00
1.883656520000711154e+00 -1.164992832072584417e+00
1.873074180000712019e+00 -1.161746195400578108e+00
1.862491840000712884e+00 -1.158377234039514647e+00
1.851909500000713749e+00 -1.154880564471519211e+00
1.841327160000714613e+00 -1.151251510695142866e+00
1.830744820000715478e+00 -1.147484277576503287e+00
1.820162480000716343e+00 -1.143572429358537867e+00
1.809580140000717208e+00 -1.139509544320790102e+00
1.798997800000718073e+00 -1.135287572330321293e+00
1.788415460000718937e+00 -1.130898515418462758e+00
1.777833120000719802e+00 -1.126332006725778045e+00
1.767250780000720667e+00 -1.121575876546086370e+00
1.756668440000721532e+00 -1.116613280752120296e+00
1.746086100000722396e+00 -1.111417956278944352e+00
