1.058234000000000030e+01 -1.397798444503923765e+00
1.057175766000000117e+01 -1.397834359343607336e+00
1.056117532000000203e+01 -1.397870350960123798e+00
1.055059298000000290e+01 -1.397906414636948869e+00
1.054001064000000376e+01 -1.397942549972495563e+00
1.052942830000000463e+01 -1.397978760499421602e+00
1.051884596000000549e+01 -1.398015043231032317e+00
1.050826362000000636e+01 -1.398051401715715514e+00
1.049768128000000722e+01 -1.398087831857357966e+00
1.048709894000000808e+01 -1.398124339998030763e+00
1.047651660000000895e+01 -1.398160919354438425e+00
1.046593426000000981e+01 -1.398197577172842543e+00
1.045535192000001068e+01 -1.398234309287192056e+00
1.044476958000001154e+01 -1.398271115081529903e+00
1.043418724000001241e+01 -1.398307998265484464e+00
1.042360490000001327e+01 -1.398344955586827254e+00
1.041302256000001414e+01 -1.398381990771423888e+00
1.040244022000001500e+01 -1.398419104041842997e+00
1.039185788000001587e+01 -1.398456290421998816e+00
1.038127554000001673e+01 -1.398493552752302804e+00
1.037069320000001760e+01 -1.398530895657448703e+00
1.036011086000001846e+01 -1.398568314996241124e+00
1.034952852000001933e+01 -1.398605810112869774e+00
1.033894618000002019e+01 -1.398643384790868138e+00
1.032836384000002106e+01 -1.398681035721534682e+00
1.031778150000002192e+01 -1.398718764060171260e+00
1.030719916000002279e+01 -1.398756576213060043e+00
1.029661682000002365e+01 -1.398794462696584695e+00
1.028603448000002452e+01 -1.398832429983379200e+00
1.027545214000002538e+01 -1.398870474732761160e+00
1.026486980000002625e+01 -1.398908600787320822e+00
1.025428746000002711e+01 -1.398946803948934114e+00
1.024370512000002797e+01 -1.398985090623727556e+00
1.023312278000002884e+01 -1.399023454898691066e+00
1.022254044000002970e+01 -1.399061901501783112e+00
1.021195810000003057e+01 -1.399100428873728319e+00
1.020137576000003143e+01 -1.399139035482677151e+00
1.019079342000003230e+01 -1.399177725161564689e+00
1.018021108000003316e+01 -1.399216494546054124e+00
1.016962874000003403e+01 -1.399255347556748186e+00
1.015904640000003489e+01 -1.399294279953864129e+00
1.014846406000003576e+01 -1.399333298170226669e+00
1.013788172000003662e+01 -1.399372395455489304e+00
1.012729938000003749e+01 -1.399411579088950752e+00
1.011671704000003835e+01 -1.399450844996998899e+00
1.010613470000003922e+01 -1.399490192417538248e+00
1.009555236000004008e+01 -1.399529625333586491e+00
1.008497002000004095e+01 -1.399569140285430002e+00
1.007438768000004181e+01 -1.399608741274169565e+00
1.006380534000004268e+01 -1.399648424017396087e+00
1.005322300000004354e+01 -1.399688196826950559e+00
1.004264066000004441e+01 -1.399728049263978091e+00
1.003205832000004527e+01 -1.399767990465524248e+00
1.002147598000004614e+01 -1.399808016386199450e+00
1.001089364000004700e+01 -1.399848126220446076e+00
1.000031130000004786e+01 -1.399888324033724984e+00
9.989728960000048730e+00 -1.399928606304590373e+00
9.979146620000049595e+00 -1.399968977117111546e+00
9.968564280000050459e+00 -1.400009432145211230e+00
9.957981940000051324e+00 -1.400049977878001117e+00
9.947399600000052189e+00 -1.400090607586193636e+00
9.936817260000053054e+00 -1.400131328570351164e+00
9.926234920000053918e+00 -1.400172136814163970e+00
9.915652580000054783e+00 -1.400213031467675284e+00
9.905070240000055648e+00 -1.400254016681435898e+00
9.894487900000056513e+00 -1.400295088870527671e+00
9.883905560000057378e+00 -1.400336252204797738e+00
9.873323220000058242e+00 -1.400377505041482840e+00
9.862740880000059107e+00 -1.400418845714957339e+00
9.852158540000059972e+00 -1.400460275691789658e+00
9.841576200000060837e+00 -1.400501799555724514e+00
9.830993860000061701e+00 -1.400543413320793018e+00
9.820411520000062566e+00 -1.400585116091429772e+00
9.809829180000063431e+00 -1.400626912105999544e+00
9.799246840000064296e+00 -1.400668797714606617e+00
9.788664500000065161e+00 -1.400710774430136585e+00
9.778082160000066025e+00 -1.400752848819319052e+00
9.767499820000066890e+00 -1.400795010953376440e+00
9.756917480000067755e+00 -1.400837267868494385e+00
9.746335140000068620e+00 -1.400879615877899109e+00
9.735752800000069485e+00 -1.400922059290207855e+00
9.725170460000070349e+00 -1.400964593662688440e+00
9.714588120000071214e+00 -1.401007225562673542e+00
9.704005780000072079e+00 -1.401049949035205966e+00
9.693423440000072944e+00 -1.401092771171964069e+00
9.682841100000073808e+00 -1.401135686286496762e+00
9.672258760000074673e+00 -1.401178694654924950e+00
9.661676420000075538e+00 -1.401221800657961536e+00
9.651094080000076403e+00 -1.401265000541117356e+00
9.640511740000077268e+00 -1.401308298706041233e+00
9.629929400000078132e+00 -1.401351690662301586e+00
9.619347060000078997e+00 -1.401395183009964240e+00
9.608764720000079862e+00 -1.401438769062717471e+00
9.598182380000080727e+00 -1.401482456164326207e+00
9.587600040000081592e+00 -1.401526240411511859e+00
9.577017700000082456e+00 -1.401570120787074103e+00
9.566435360000083321e+00 -1.401614101767164389e+00
9.555853020000084186e+00 -1.401658179527714765e+00
9.545270680000085051e+00 -1.401702358566438766e+00
9.534688340000085915e+00 -1.401746634344195996e+00
9.524106000000086780e+00 -1.401791013494894989e+00
9.513523660000087645e+00 -1.401835489345823804e+00
9.502941320000088510e+00 -1.401880069254330952e+00
9.492358980000089375e+00 -1.401924749351730171e+00
9.481776640000090239e+00 -1.401969528571115786e+00
9.471194300000091104e+00 -1.402014411487258805e+00
9.460611960000091969e+00 -1.402059394204680842e+00
9.450029620000092834e+00 -1.402104481320483709e+00
9.439447280000093699e+00 -1.402149668245440406e+00
9.428864940000094563e+00 -1.402194961648784766e+00
9.418282600000095428e+00 -1.402240354872030137e+00
9.407700260000096293e+00 -1.402285855286821148e+00
9.397117920000097158e+00 -1.402331459060461194e+00
9.386535580000098022e+00 -1.402377165075068710e+00
9.375953240000098887e+00 -1.402422978007402676e+00
9.365370900000099752e+00 -1.402468893888633605e+00
9.354788560000100617e+00 -1.402514917418668627e+00
9.344206220000101482e+00 -1.402561048947886579e+00
9.333623880000102346e+00 -1.402607282361908903e+00
9.323041540000103211e+00 -1.402653621689951891e+00
9.312459200000104076e+00 -1.402700071475450283e+00
9.301876860000104941e+00 -1.402746627923025624e+00
9.291294520000105805e+00 -1.402793289862561910e+00
9.280712180000106670e+00 -1.402840062076347705e+00
9.270129840000107535e+00 -1.402886940520246428e+00
9.259547500000108400e+00 -1.402933927136781556e+00
9.248965160000109265e+00 -1.402981028690086340e+00
9.238382820000110129e+00 -1.403028234734400082e+00
9.227800480000110994e+00 -1.403075552978948037e+00
9.217218140000111859e+00 -1.403122979336754783e+00
9.206635800000112724e+00 -1.403170518674758505e+00
9.196053460000113589e+00 -1.403218166269982747e+00
9.185471120000114453e+00 -1.403265928888327796e+00
9.174888780000115318e+00 -1.403313800533872113e+00
9.164306440000116183e+00 -1.403361786750695783e+00
9.153724100000117048e+00 -1.403409885672397994e+00
9.143141760000117912e+00 -1.403458095422327911e+00
9.132559420000118777e+00 -1.403506420954352185e+00
9.121977080000119642e+00 -1.403554858102949998e+00
9.111394740000120507e+00 -1.403603411847233140e+00
9.100812400000121372e+00 -1.403652077409519583e+00
9.090230060000122236e+00 -1.403700861596419491e+00
9.079647720000123101e+00 -1.403749757806461274e+00
9.069065380000123966e+00 -1.403798773468767580e+00
9.058483040000124831e+00 -1.403847904890626941e+00
9.047900700000125696e+00 -1.403897150762248192e+00
9.037318360000126560e+00 -1.403946516152769330e+00
9.026736020000127425e+00 -1.403995996815974978e+00
9.016153680000128290e+00 -1.404045597847186189e+00
9.005571340000129155e+00 -1.404095314412580509e+00
8.994989000000130019e+00 -1.404145155681435275e+00
8.984406660000130884e+00 -1.404195110435274341e+00
8.973824320000131749e+00 -1.404245188436180403e+00
8.963241980000132614e+00 -1.404295386034650983e+00
8.952659640000133479e+00 -1.404345701863707552e+00
8.942077300000134343e+00 -1.404396141112037588e+00
8.931494960000135208e+00 -1.404446699450301317e+00
8.920912620000136073e+00 -1.404497382094298974e+00
8.910330280000136938e+00 -1.404548184152719870e+00
8.899747940000137802e+00 -1.404599112518575943e+00
8.889165600000138667e+00 -1.404650160627562316e+00
8.878583260000139532e+00 -1.404701335946264340e+00
8.868000920000140397e+00 -1.404752634870095385e+00
8.857418580000141262e+00 -1.404804055973554622e+00
8.846836240000142126e+00 -1.404855604569018590e+00
8.836253900000142991e+00 -1.404907276241972092e+00
8.825671560000143856e+00 -1.404959076332972234e+00
8.815089220000144721e+00 -1.405011002872023962e+00
8.804506880000145586e+00 -1.405063053857238176e+00
8.793924540000146450e+00 -1.405115231685408306e+00
8.783342200000147315e+00 -1.405167540863076159e+00
8.772759860000148180e+00 -1.405219977832592448e+00
8.762177520000149045e+00 -1.405272541108333106e+00
8.751595180000149909e+00 -1.405325236131107491e+00
8.741012840000150774e+00 -1.405378058398702334e+00
8.730430500000151639e+00 -1.405431013381069016e+00
8.719848160000152504e+00 -1.405484099075187565e+00
8.709265820000153369e+00 -1.405537313444923164e+00
8.698683480000154233e+00 -1.405590662008123104e+00
8.688101140000155098e+00 -1.405644140212776616e+00
8.677518800000155963e+00 -1.405697753602821454e+00
8.666936460000156828e+00 -1.405751497133284733e+00
8.656354120000157693e+00 -1.405805377818674096e+00
8.645771780000158557e+00 -1.405859389626113121e+00
8.635189440000159422e+00 -1.405913541164891534e+00
8.624607100000160287e+00 -1.405967825351078782e+00
8.614024760000161152e+00 -1.406022242639806130e+00
8.603442420000162016e+00 -1.406076798681266338e+00
8.592860080000162881e+00 -1.406131488831873888e+00
8.582277740000163746e+00 -1.406186318772731703e+00
8.571695400000164611e+00 -1.406241283395880393e+00
8.561113060000165476e+00 -1.406296389767234034e+00
8.550530720000166340e+00 -1.406351631399589852e+00
8.539948380000167205e+00 -1.406407015837071173e+00
8.529366040000168070e+00 -1.406462539651653243e+00
8.518783700000168935e+00 -1.406518201196913065e+00
8.508201360000169799e+00 -1.406574006264288412e+00
8.497619020000170664e+00 -1.406629950115940497e+00
8.487036680000171529e+00 -1.406686038575384323e+00
8.476454340000172394e+00 -1.406742266470110359e+00
8.465872000000173259e+00 -1.406798640919709298e+00
8.455289660000174123e+00 -1.406855155461619100e+00
8.444707320000174988e+00 -1.406911817664675990e+00
8.434124980000175853e+00 -1.406968624155678915e+00
8.423542640000176718e+00 -1.407025573222460579e+00
8.412960300000177583e+00 -1.407082670803040170e+00
8.402377960000178447e+00 -1.407139912062761233e+00
8.391795620000179312e+00 -1.407197302973001829e+00
8.381213280000180177e+00 -1.407254838295137089e+00
8.370630940000181042e+00 -1.407312525204796660e+00
8.360048600000181906e+00 -1.407370357265503857e+00
8.349466260000182771e+00 -1.407428342072367444e+00
8.338883920000183636e+00 -1.407486476309531831e+00
8.328301580000184501e+00 -1.407544758197257773e+00
8.317719240000185366e+00 -1.407603193826097332e+00
8.307136900000186230e+00 -1.407661778261627417e+00
8.296554560000187095e+00 -1.407720520849321089e+00
8.285972220000187960e+00 -1.407779415850139326e+00
8.275389880000188825e+00 -1.407838458693158268e+00
8.264807540000189690e+00 -1.407897654769471929e+00
8.254225200000190554e+00 -1.407956992275198882e+00
8.243642860000191419e+00 -1.408016519141079170e+00
8.233060520000192284e+00 -1.407433482984344897e+00
8.222478180000193149e+00 -1.408136003040558970e+00
8.211895840000194013e+00 -1.408195970472777114e+00
8.201313500000194878e+00 -1.408256112110389813e+00
8.190731160000195743e+00 -1.408316409601917396e+00
8.180148820000196608e+00 -1.408376829043437084e+00
8.169566480000197473e+00 -1.408437473165476739e+00
8.158984140000198337e+00 -1.408498243374679326e+00
8.148401800000199202e+00 -1.408559147336146289e+00
8.137819460000200067e+00 -1.408620269873313013e+00
8.127237120000200932e+00 -1.408681473366965253e+00
8.116654780000201796e+00 -1.408742944432370692e+00
8.106072440000202661e+00 -1.408139971794216239e+00
8.095490100000203526e+00 -1.408866251304949913e+00
8.084907760000204391e+00 -1.408928171063957402e+00
8.074325420000205256e+00 -1.408990265555637000e+00
8.063743080000206120e+00 -1.408380405114323608e+00
8.053160740000206985e+00 -1.409114906676235179e+00
8.042578400000207850e+00 -1.408501540477575364e+00
8.031996060000208715e+00 -1.409240200322204872e+00
8.021413720000209580e+00 -1.408623375655399190e+00
8.010831380000210444e+00 -1.408684486888641674e+00
8.000249040000211309e+00 -1.408745792515774919e+00
7.989666700000212174e+00 -1.408807295081660582e+00
7.979084360000213039e+00 -1.408868927659707948e+00
7.968502020000213903e+00 -1.408930721016051324e+00
7.957919680000214768e+00 -1.408992681643251199e+00
7.947337340000215633e+00 -1.409054759794044376e+00
7.936755000000216498e+00 -1.409117095645232576e+00
7.926172660000217363e+00 -1.409877049396867976e+00
7.915590320000218227e+00 -1.409242177874749702e+00
7.905007980000219092e+00 -1.409304917594092377e+00
7.894425640000219957e+00 -1.409367927868765857e+00
7.883843300000220822e+00 -1.410136607812892962e+00
7.873260960000221687e+00 -1.410201951277270549e+00
7.862678620000222551e+00 -1.409557761520764174e+00
7.852096280000223416e+00 -1.410333179213542509e+00
7.841513940000224281e+00 -1.410399131344873380e+00
7.830931600000225146e+00 -1.410465199441851336e+00
7.820349260000226010e+00 -1.410531451925015167e+00
7.809766920000226875e+00 -1.410597888010529433e+00
7.799184580000227740e+00 -1.409942250227356642e+00
7.788602240000228605e+00 -1.410006932213920816e+00
7.778019900000229470e+00 -1.410071700498435998e+00
7.767437560000230334e+00 -1.410136731572727786e+00
7.756855220000231199e+00 -1.410202034022717488e+00
7.746272880000232064e+00 -1.410267323263692862e+00
7.735690540000232929e+00 -1.411068119223921613e+00
7.725108200000233794e+00 -1.411135944514408269e+00
7.714525860000234658e+00 -1.410464554769499834e+00
7.703943520000235523e+00 -1.410530772841728231e+00
7.693361180000236388e+00 -1.410597065104661318e+00
7.682778840000237253e+00 -1.410663536849375621e+00
7.672196500000238117e+00 -1.411478545488320080e+00
7.661614160000238982e+00 -1.411547500415763823e+00
7.651031820000239847e+00 -1.410864061657798985e+00
7.640449480000240712e+00 -1.410931274636502364e+00
7.629867140000241577e+00 -1.410998670873759853e+00
7.619284800000242441e+00 -1.411066257515275035e+00
7.608702460000243306e+00 -1.411133862796034144e+00
7.598120120000244171e+00 -1.411201819537617475e+00
7.587537780000245036e+00 -1.411269962265909061e+00
7.576955440000245900e+00 -1.411338488729154239e+00
7.566373100000246765e+00 -1.411407023288154372e+00
7.555790760000247630e+00 -1.411475746572711021e+00
7.545208420000248495e+00 -1.411544665884927108e+00
7.534626080000249360e+00 -1.411613775524506620e+00
7.524043740000250224e+00 -1.411682854438214729e+00
7.513461400000251089e+00 -1.412535463911654299e+00
7.502879060000251954e+00 -1.412607788693091670e+00
7.492296720000252819e+00 -1.412680092476968241e+00
7.481714380000253684e+00 -1.412752349227678339e+00
7.471132040000254548e+00 -1.412032279746633368e+00
7.460549700000255413e+00 -1.412103045747930663e+00
7.449967360000256278e+00 -1.412173737196718681e+00
7.439385020000257143e+00 -1.412244313620125480e+00
7.428802680000258007e+00 -1.412315720942659780e+00
7.418220340000258872e+00 -1.413191800923485175e+00
7.407638000000259737e+00 -1.413265789542522022e+00
7.397055660000260602e+00 -1.413340342129695948e+00
7.386473320000261467e+00 -1.413414269200487627e+00
7.375890980000262331e+00 -1.413489283915277506e+00
7.365308640000263196e+00 -1.413564148897237471e+00
7.354726300000264061e+00 -1.412819100976725473e+00
7.344143960000264926e+00 -1.412891396187374138e+00
7.333561620000265791e+00 -1.413790074789078366e+00
7.322979280000266655e+00 -1.413865365901771476e+00
7.312396940000267520e+00 -1.413941803878871140e+00
7.301814600000268385e+00 -1.413184908311207799e+00
7.291232260000269250e+00 -1.414093917004097811e+00
7.280649920000270114e+00 -1.414171088661188236e+00
7.270067580000270979e+00 -1.414247969013986195e+00
7.259485240000271844e+00 -1.414324504257043813e+00
7.248902900000272709e+00 -1.413555434885534812e+00
7.238320560000273574e+00 -1.413630293628334922e+00
7.227738220000274438e+00 -1.413705374268876103e+00
7.217155880000275303e+00 -1.413780667196066432e+00
7.206573540000276168e+00 -1.414714108404821147e+00
7.195991200000277033e+00 -1.414792617945334507e+00
7.185408860000277897e+00 -1.414008660991431299e+00
7.174826520000278762e+00 -1.414084870415248218e+00
7.164244180000279627e+00 -1.414160465441543613e+00
7.153661840000280492e+00 -1.414237969284134699e+00
7.143079500000281357e+00 -1.414314857184165941e+00
7.132497160000282221e+00 -1.414391980399220872e+00
7.121914820000283086e+00 -1.414468347525463576e+00
7.111332480000283951e+00 -1.414546904593119159e+00
7.100750140000284816e+00 -1.414623658236179304e+00
7.090167800000285681e+00 -1.414701661304297531e+00
7.079585460000286545e+00 -1.414779892689775886e+00
7.069003120000287410e+00 -1.414858360474982035e+00
7.058420780000288275e+00 -1.414938277926626853e+00
7.047838440000289140e+00 -1.415017260006163458e+00
7.037256100000290004e+00 -1.415096479630356674e+00
7.026673760000290869e+00 -1.415175934112581357e+00
7.016091420000291734e+00 -1.415255632040943734e+00
7.005509080000292599e+00 -1.415335566970542747e+00
6.994926740000293464e+00 -1.415415747547990266e+00
6.984344400000294328e+00 -1.416413822936347433e+00
6.973762060000295193e+00 -1.416497523837607631e+00
6.963179720000296058e+00 -1.416581481237494389e+00
6.952597380000296923e+00 -1.416665706093478638e+00
6.942015040000297788e+00 -1.415820309590916981e+00
6.931432700000298652e+00 -1.415901960864084597e+00
6.920850360000299517e+00 -1.415983865703937639e+00
6.910268020000300382e+00 -1.416066017518051057e+00
6.899685680000301247e+00 -1.416148425223897611e+00
6.889103340000302111e+00 -1.416231082396775198e+00
6.878521000000302976e+00 -1.416314001273830891e+00
6.867938660000303841e+00 -1.417349893375812631e+00
6.857356320000304706e+00 -1.417436552385610282e+00
6.846773980000305571e+00 -1.417523487815516292e+00
6.836191640000306435e+00 -1.417610695217314198e+00
6.825609300000307300e+00 -1.417698184156313435e+00
6.815026960000308165e+00 -1.417785947703054106e+00
6.804444620000309030e+00 -1.417873995492258565e+00
6.793862280000309894e+00 -1.417962319533594862e+00
6.783279940000310759e+00 -1.418050932688799115e+00
6.772697600000311624e+00 -1.418138663194677296e+00
6.762115260000312489e+00 -1.418229006718434437e+00
6.751532920000313354e+00 -1.418317234410614303e+00
6.740950580000314218e+00 -1.417415565239754205e+00
6.730368240000315083e+00 -1.417502168064638690e+00
6.719785900000315948e+00 -1.417589039548077912e+00
6.709203560000316813e+00 -1.417676189190057112e+00
6.698621220000317678e+00 -1.417763614191249966e+00
6.688038880000318542e+00 -1.418861382611283029e+00
6.677456540000319407e+00 -1.418951331174143959e+00
6.666874200000320272e+00 -1.419043093069934924e+00
6.656291860000321137e+00 -1.419135155198631093e+00
6.645709520000322001e+00 -1.419227512770901534e+00
6.635127180000322866e+00 -1.419320175970533171e+00
6.624544840000323731e+00 -1.419413137507403277e+00
6.613962500000324596e+00 -1.419506405173834862e+00
6.603380160000325461e+00 -1.419599980659095095e+00
6.592797820000326325e+00 -1.419693859066633923e+00
6.582215480000327190e+00 -1.419788050586740624e+00
6.571633140000328055e+00 nan
6.561050800000328920e+00 -1.418925777209440131e+00
6.550468460000329785e+00 -1.419017194338600740e+00
6.539886120000330649e+00 -1.419108910826386794e+00
6.529303780000331514e+00 -1.419200920673361788e+00
6.518721440000332379e+00 -1.420359758297750297e+00
6.508139100000333244e+00 -1.419385851068114546e+00
6.497556760000334108e+00 -1.419478761506924203e+00
6.486974420000334973e+00 -1.419571979480776625e+00
6.476392080000335838e+00 -1.420747262501577346e+00
6.465809740000336703e+00 -1.419759326391853538e+00
6.455227400000337568e+00 -1.420946058201682405e+00
6.444645060000338432e+00 -1.421044503913259538e+00
6.434062720000339297e+00 -1.421143279817331573e+00
6.423480380000340162e+00 -1.421242391447752773e+00
6.412898040000341027e+00 -1.421341842406034450e+00
6.402315700000341891e+00 -1.421441624731245801e+00
6.391733360000342756e+00 -1.421541755150935504e+00
6.381151020000343621e+00 -1.421642223284222739e+00
6.370568680000344486e+00 -1.421743040398365299e+00
6.359986340000345351e+00 -1.421844197835072432e+00
6.349404000000346215e+00 -1.421945709928857937e+00
6.338821660000347080e+00 -1.422047568251091576e+00
6.328239320000347945e+00 -1.422149778339608872e+00
6.317656980000348810e+00 -1.422252344149834924e+00
6.307074640000349675e+00 -1.421204508384595888e+00
6.296492300000350539e+00 -1.421303446795132874e+00
6.285909960000351404e+00 -1.421402713632310633e+00
6.275327620000352269e+00 -1.421502319964929484e+00
6.264745280000353134e+00 -1.421602258684246056e+00
6.254162940000353998e+00 -1.421702539112443597e+00
6.243580600000354863e+00 -1.421803155949820985e+00
6.232998260000355728e+00 -1.421904117946432011e+00
6.222415920000356593e+00 -1.422005423976372418e+00
6.211833580000357458e+00 -1.422107070361555481e+00
6.201251240000358322e+00 -1.422209068467363613e+00
6.190668900000359187e+00 -1.422311410439222268e+00
6.180086560000360052e+00 -1.422414107738716238e+00
6.169504220000360917e+00 -1.422517162139820268e+00
6.158921880000361782e+00 -1.422620560982265969e+00
6.148339540000362646e+00 -1.422724316435040270e+00
6.137757200000363511e+00 -1.422828433166866136e+00
6.127174860000364376e+00 -1.422932910237588722e+00
6.116592520000365241e+00 -1.423037743853802439e+00
6.106010180000366105e+00 -1.423142945795916603e+00
6.095427840000366970e+00 -1.423248508020651615e+00
6.084845500000367835e+00 -1.423354442401729036e+00
6.074263160000368700e+00 -1.423460745884691736e+00
6.063680820000369565e+00 -1.423567415348796938e+00
6.053098480000370429e+00 -1.423674462818039999e+00
6.042516140000371294e+00 -1.423781880137098277e+00
6.031933800000372159e+00 -1.423889679432768451e+00
6.021351460000373024e+00 -1.423997853301590011e+00
6.010769120000373889e+00 -1.424106411558401231e+00
6.000186780000374753e+00 -1.424215348366625333e+00
5.989604440000375618e+00 -1.424324675250357553e+00
5.979022100000376483e+00 -1.424434389114451083e+00
5.968439760000377348e+00 -1.424544486798399623e+00
5.957857420000378212e+00 -1.424654980781865365e+00
5.947275080000379077e+00 -1.424765862711534714e+00
5.936692740000379942e+00 -1.424877145162377401e+00
5.926110400000380807e+00 -1.424988820627952624e+00
5.915528060000381672e+00 -1.425100899123535658e+00
5.904945720000382536e+00 -1.425213375776346547e+00
5.894363380000383401e+00 -1.425326259767534465e+00
5.883781040000384266e+00 -1.425439550693308632e+00
5.873198700000385131e+00 -1.425553244455729951e+00
5.862616360000385995e+00 -1.425667354007330134e+00
5.852034020000386860e+00 -1.425781870788600747e+00
5.841451680000387725e+00 -1.425896807863381355e+00
5.830869340000388590e+00 -1.426012157604287678e+00
5.820287000000389455e+00 -1.426127895180163474e+00
5.809704660000390319e+00 -1.426244089121051495e+00
5.799122320000391184e+00 -1.426360705026860964e+00
5.788539980000392049e+00 -1.426477748111983024e+00
5.777957640000392914e+00 -1.426595214150664370e+00
5.767375300000393779e+00 -1.426713116592093433e+00
5.756792960000394643e+00 -1.426831446652275570e+00
5.746210620000395508e+00 -1.426950217898969697e+00
5.735628280000396373e+00 -1.427069422568250534e+00
5.725045940000397238e+00 -1.427189071140533283e+00
5.714463600000398102e+00 -1.427309159029155561e+00
5.703881260000398967e+00 -1.427429695694987677e+00
5.693298920000399832e+00 -1.427550681210295158e+00
5.682716580000400697e+00 -1.427672111216064854e+00
5.672134240000401562e+00 -1.427794019760857180e+00
5.661551900000402426e+00 -1.427916358886641923e+00
5.650969560000403291e+00 -1.428039161644446331e+00
5.640387220000404156e+00 -1.428162424819521048e+00
5.629804880000405021e+00 -1.428286145134598506e+00
5.619222540000405886e+00 -1.428410332181979214e+00
5.608640200000406750e+00 -1.428534990914631653e+00
5.598057860000407615e+00 -1.428660121667954863e+00
5.587475520000408480e+00 -1.428785719957687439e+00
5.576893180000409345e+00 -1.428911800322297587e+00
5.566310840000410209e+00 -1.429038353535333927e+00
5.555728500000411074e+00 -1.429165395516399428e+00
5.545146160000411939e+00 -1.429292919262805217e+00
5.534563820000412804e+00 -1.429420925219390348e+00
5.523981480000413669e+00 -1.429549426994322525e+00
5.513399140000414533e+00 -1.429678415228911481e+00
5.502816800000415398e+00 -1.429807904917609562e+00
5.492234460000416263e+00 -1.429937887967025922e+00
5.481652120000417128e+00 -1.430068375538194436e+00
5.471069780000417992e+00 -1.430199362130629481e+00
5.460487440000418857e+00 -1.430330867811526074e+00
5.449905100000419722e+00 -1.430462877076897898e+00
5.439322760000420587e+00 -1.430595392677841193e+00
5.428740420000421452e+00 -1.430728430082755853e+00
5.418158080000422316e+00 -1.430861979684763030e+00
5.407575740000423181e+00 -1.430996057091392881e+00
5.396993400000424046e+00 -1.431130654065073671e+00
5.386411060000424911e+00 -1.431265782059844671e+00
5.375828720000425776e+00 -1.431401437105877861e+00
5.365246380000426640e+00 -1.431537629282307877e+00
5.354664040000427505e+00 -1.431674359660337181e+00
5.344081700000428370e+00 -1.431811623386707311e+00
5.333499360000429235e+00 -1.431949436565766787e+00
5.322917020000430099e+00 -1.432087789326529137e+00
5.312334680000430964e+00 -1.432226697919000147e+00
5.301752340000431829e+00 -1.432366153949540255e+00
5.291170000000432694e+00 -1.432506169177437449e+00
5.280587660000433559e+00 -1.432646739820730541e+00
5.270005320000434423e+00 -1.432787876146381700e+00
5.259422980000435288e+00 -1.432929579536907250e+00
5.248840640000436153e+00 -1.433071844971043562e+00
5.238258300000437018e+00 -1.433214689217977567e+00
5.227675960000437883e+00 -1.433358102121401245e+00
5.217093620000438747e+00 -1.433502100601374396e+00
5.206511280000439612e+00 -1.433646676090523986e+00
5.195928940000440477e+00 -1.433791840662760331e+00
5.185346600000441342e+00 -1.433937590723582511e+00
5.174764260000442206e+00 -1.434083936728442366e+00
5.164181920000443071e+00 -1.434230880378000617e+00
5.153599580000443936e+00 -1.434378416462799510e+00
5.143017240000444801e+00 -1.434526562439993658e+00
5.132434900000445666e+00 -1.434675307840606262e+00
5.121852560000446530e+00 -1.434824670277931480e+00
5.111270220000447395e+00 -1.434974653283697332e+00
5.100687880000448260e+00 -1.435125239374865247e+00
5.090105540000449125e+00 -1.435276448024495277e+00
5.079523200000449989e+00 -1.435428284559592482e+00
5.068940860000450854e+00 -1.435580751000985256e+00
5.058358520000451719e+00 -1.435733841920528553e+00
5.047776180000452584e+00 -1.435887575481760603e+00
5.037193840000453449e+00 -1.436041940865161459e+00
5.026611500000454313e+00 -1.436196958304575499e+00
5.016029160000455178e+00 -1.436352618512310109e+00
5.005446820000456043e+00 -1.436508923592244136e+00
4.994864480000456908e+00 -1.436665890183526306e+00
4.984282140000457773e+00 -1.436823507250597931e+00
4.973699800000458637e+00 -1.436981793515603067e+00
4.963117460000459502e+00 -1.437140739826647584e+00
4.952535120000460367e+00 -1.437300359057501087e+00
4.941952780000461232e+00 -1.437460645993383190e+00
4.931370440000462096e+00 -1.437621617656076767e+00
4.920788100000462961e+00 -1.437783270398091506e+00
4.910205760000463826e+00 -1.437945600407048552e+00
4.899623420000464691e+00 -1.438108626958964464e+00
4.889041080000465556e+00 -1.438272338583159504e+00
4.878458740000466420e+00 -1.438436754715054278e+00
4.867876400000467285e+00 -1.438601865882515041e+00
4.857294060000468150e+00 -1.438767685242050121e+00
4.846711720000469015e+00 -1.438934209739096914e+00
4.836129380000469880e+00 -1.439101450355444900e+00
4.825547040000470744e+00 -1.439269409861620108e+00
4.814964700000471609e+00 -1.439438082033177801e+00
4.804382360000472474e+00 -1.439607486846370410e+00
4.793800020000473339e+00 -1.439777612316050837e+00
4.783217680000474203e+00 -1.439948478573544133e+00
4.772635340000475068e+00 -1.440120075745355832e+00
4.762053000000475933e+00 -1.440292425260448983e+00
4.751470660000476798e+00 -1.440465508083698332e+00
4.740888320000477663e+00 -1.440639343237001047e+00
4.730305980000478527e+00 -1.440813933715495265e+00
4.719723640000479392e+00 -1.440989272833450352e+00
4.709141300000480257e+00 -1.441165381232051734e+00
4.698558960000481122e+00 -1.441342246308617181e+00
4.687976620000481986e+00 -1.441519888849062347e+00
4.677394280000482851e+00 -1.441698298469131556e+00
4.666811940000483716e+00 -1.441877488737147273e+00
4.656229600000484581e+00 -1.442057456614757038e+00
4.645647260000485446e+00 -1.442238213075263342e+00
4.635064920000486310e+00 -1.442419734775262308e+00
4.624482580000487175e+00 -1.442602065114645171e+00
4.613900240000488040e+00 -1.442785200956218761e+00
4.603317900000488905e+00 -1.442969128932170220e+00
4.592735560000489770e+00 -1.443153870394147109e+00
4.582153220000490634e+00 -1.443339420462179667e+00
4.571570880000491499e+00 -1.443525774240357551e+00
4.560988540000492364e+00 -1.443712947034535787e+00
4.550406200000493229e+00 -1.443900943446271512e+00
4.539823860000494093e+00 -1.444089766638052774e+00
4.529241520000494958e+00 -1.444279408560456224e+00
4.518659180000495823e+00 -1.444469890930041522e+00
4.508076840000496688e+00 -1.444661199446791056e+00
4.497494500000497553e+00 -1.444853358683145794e+00
4.486912160000498417e+00 -1.445046354820245016e+00
4.476329820000499282e+00 -1.445240190606706054e+00
4.465747480000500147e+00 -1.445434885136433589e+00
4.455165140000501012e+00 -1.445630423500275930e+00
4.444582800000501877e+00 -1.445826827703023065e+00
4.434000460000502741e+00 -1.446024085266673920e+00
4.423418120000503606e+00 -1.446222209635840583e+00
4.412835780000504471e+00 -1.446421193971915597e+00
4.402253440000505336e+00 -1.446621066732772354e+00
4.391671100000506200e+00 -1.446821803199908718e+00
4.381088760000507065e+00 -1.447023405971551435e+00
4.370506420000507930e+00 -1.447225897209188927e+00
4.359924080000508795e+00 -1.447429260710357157e+00
4.349341740000509660e+00 -1.447633518670262465e+00
4.338759400000510524e+00 -1.447838657365744908e+00
4.328177060000511389e+00 -1.448044689865985113e+00
4.317594720000512254e+00 -1.448251611639072900e+00
4.307012380000513119e+00 -1.448459432072310316e+00
4.296430040000513984e+00 -1.448668153603476227e+00
4.285847700000514848e+00 -1.448877765130318185e+00
4.275265360000515713e+00 -1.449088288812818925e+00
4.264683020000516578e+00 -1.449299706860035286e+00
4.254100680000517443e+00 -1.449512041408406393e+00
4.243518340000518307e+00 -1.449725277162768000e+00
4.232936000000519172e+00 -1.449939426553860988e+00
4.222353660000520037e+00 -1.450154481054921174e+00
4.211771320000520902e+00 -1.450370454687370358e+00
4.201188980000521767e+00 -1.450587346426550850e+00
4.190606640000522631e+00 -1.450805143387867480e+00
4.180024300000523496e+00 -1.451023867429703351e+00
4.169441960000524361e+00 -1.451243498818561406e+00
4.158859620000525226e+00 -1.451464059317937316e+00
4.148277280000526090e+00 -1.451685531667938234e+00
4.137694940000526955e+00 -1.451907927338091708e+00
4.127112600000527820e+00 -1.452131239399576446e+00
4.116530260000528685e+00 -1.452355474750012476e+00
4.105947920000529550e+00 -1.452580634014003724e+00
4.095365580000530414e+00 -1.452806702101713476e+00
4.084783240000531279e+00 -1.453033700203735235e+00
4.074200900000532144e+00 -1.453261606240122905e+00
4.063618560000533009e+00 -1.453490441221340523e+00
4.053036220000533874e+00 -1.453720203508226616e+00
4.042453880000534738e+00 -1.453950859693692088e+00
4.031871540000535603e+00 -1.454182434010264036e+00
4.021289200000536468e+00 -1.454414923983369468e+00
4.010706860000537333e+00 -1.454648328763723741e+00
4.000124520000538197e+00 -1.454882630567361668e+00
3.989542180000539062e+00 -1.455117849480231929e+00
3.978959840000539927e+00 -1.455353960617845166e+00
3.968377500000540792e+00 -1.455590987461792052e+00
3.957795160000541657e+00 -1.455828903950869613e+00
3.947212820000542521e+00 -1.456067706731840827e+00
3.936630480000543386e+00 -1.456307411014062581e+00
3.926048140000544251e+00 -1.456547990318001196e+00
3.915465800000545116e+00 -1.456789463222372571e+00
3.904883460000545981e+00 -1.457031805397602131e+00
3.894301120000546845e+00 -1.457275024009635711e+00
3.883718780000547710e+00 -1.457519102170077741e+00
3.873136440000548575e+00 -1.457764053705463692e+00
3.862554100000549440e+00 -1.458009861759530068e+00
3.851971760000550304e+00 -1.458256507507943889e+00
3.841389420000551169e+00 -1.458504008277863528e+00
3.830807080000552034e+00 -1.458752333803815970e+00
3.820224740000552899e+00 -1.459001500944956398e+00
3.809642400000553764e+00 -1.459251481353571522e+00
3.799060060000554628e+00 -1.459502279638068334e+00
3.788477720000555493e+00 -1.459753879924842179e+00
3.777895380000556358e+00 -1.460006279911957749e+00
3.767313040000557223e+00 -1.460259472796778368e+00
3.756730700000558087e+00 -1.460513431274190754e+00
3.746148360000558952e+00 -1.460768170112326736e+00
3.735566020000559817e+00 -1.461023654865760912e+00
3.724983680000560682e+00 -1.461279899696652507e+00
3.714401340000561547e+00 -1.461536871722550757e+00
3.703819000000562411e+00 -1.461794584378058648e+00
3.693236660000563276e+00 -1.462052993973941284e+00
3.682654320000564141e+00 -1.462312106109170395e+00
3.672071980000565006e+00 -1.462571910644694162e+00
3.661489640000565871e+00 -1.462832375349937708e+00
3.650907300000566735e+00 -1.463093511717709072e+00
3.640324960000567600e+00 -1.463355280504799127e+00
3.629742620000568465e+00 -1.463617692437830353e+00
3.619160280000569330e+00 -1.463880709355523946e+00
3.608577940000570194e+00 -1.464144328958922880e+00
3.597995600000571059e+00 -1.464408526746715733e+00
3.587413260000571924e+00 -1.464673291586364057e+00
3.576830920000572789e+00 -1.464938609329915931e+00
3.566248580000573654e+00 -1.465204442029492071e+00
3.555666240000574518e+00 -1.465470797072769837e+00
3.545083900000575383e+00 -1.465737629734583880e+00
3.534501560000576248e+00 -1.466004946447516666e+00
3.523919220000577113e+00 -1.466272711630803860e+00
3.513336880000577978e+00 -1.466540892361776427e+00
3.502754540000578842e+00 -1.466809484665653196e+00
3.492172200000579707e+00 -1.467078462995851096e+00
3.481589860000580572e+00 -1.467347808410916610e+00
3.471007520000581437e+00 -1.467617476335065341e+00
3.460425180000582301e+00 -1.467887469056509797e+00
3.449842840000583166e+00 -1.468157735581082646e+00
3.439260500000584031e+00 -1.468428280976896705e+00
3.428678160000584896e+00 -1.468699050882056101e+00
3.418095820000585761e+00 -1.468970018176199543e+00
3.407513480000586625e+00 -1.469241176394368242e+00
3.396931140000587490e+00 -1.469512470658201231e+00
3.386348800000588355e+00 -1.469783898566419555e+00
3.375766460000589220e+00 -1.470055404272896604e+00
3.365184120000590084e+00 -1.470326972070810756e+00
3.354601780000590949e+00 -1.470598555392602647e+00
3.344019440000591814e+00 -1.470870155512645105e+00
3.333437100000592679e+00 -1.471141702252987793e+00
3.322854760000593544e+00 -1.471413156531320432e+00
3.312272420000594408e+00 -1.471684510121941791e+00
3.301690080000595273e+00 -1.471955700262281175e+00
3.291107740000596138e+00 -1.472226717036837940e+00
3.280525400000597003e+00 -1.472497495459015537e+00
3.269943060000597868e+00 -1.472768012488262057e+00
3.259360720000598732e+00 -1.473038218265768196e+00
3.248778380000599597e+00 -1.473308075677798978e+00
3.238196040000600462e+00 -1.473577548429051864e+00
3.227613700000601327e+00 -1.473846569299539278e+00
3.217031360000602191e+00 -1.474115121033199527e+00
3.206449020000603056e+00 -1.474383131515905054e+00
3.195866680000603921e+00 -1.474650581332767052e+00
3.185284340000604786e+00 -1.474917394540065541e+00
3.174702000000605651e+00 -1.475183537895893071e+00
3.164119660000606515e+00 -1.475448954530270917e+00
3.153537320000607380e+00 -1.475713589691735494e+00
3.142954980000608245e+00 -1.475977402550479489e+00
3.132372640000609110e+00 -1.476240311927388804e+00
3.121790300000609975e+00 -1.476502289039056004e+00
3.111207960000610839e+00 -1.476763250425751961e+00
3.100625620000611704e+00 -1.477023164508239228e+00
3.090043280000612569e+00 -1.477281943748062432e+00
3.079460940000613434e+00 -1.477539539375325672e+00
3.068878600000614298e+00 -1.477795883379537267e+00
3.058296260000615163e+00 -1.478050906565923750e+00
3.047713920000616028e+00 -1.478304555331168446e+00
3.037131580000616893e+00 -1.478556733824977654e+00
3.026549240000617758e+00 -1.478807398216319235e+00
3.015966900000618622e+00 -1.479056450988095239e+00
3.005384560000619487e+00 -1.479303844817106084e+00
2.994802220000620352e+00 -1.479549494309393420e+00
2.984219880000621217e+00 -1.479793290056305333e+00
2.973637540000622081e+00 -1.480035181830383850e+00
2.963055200000622946e+00 -1.480275074476942176e+00
2.952472860000623811e+00 -1.480512898501238128e+00
2.941890520000624676e+00 -1.480748538577538076e+00
2.931308180000625541e+00 -1.480981931877570990e+00
2.920725840000626405e+00 -1.481212963208335065e+00
2.910143500000627270e+00 -1.481441557093174266e+00
2.899561160000628135e+00 -1.481667619348030263e+00
2.888978820000629000e+00 -1.481891020372239298e+00
2.878396480000629865e+00 -1.482111687369337183e+00
2.867814140000630729e+00 -1.482329493376078222e+00
2.857231800000631594e+00 -1.482544356694232457e+00
2.846649460000632459e+00 -1.482756138634657272e+00
2.836067120000633324e+00 -1.482964722915544931e+00
2.825484780000634188e+00 -1.483170016779577605e+00
2.814902440000635053e+00 -1.483371900834053791e+00
2.804320100000635918e+00 -1.483570246824672756e+00
2.793737760000636783e+00 -1.483764908250766679e+00
2.783155420000637648e+00 -1.483955779939933883e+00
2.772573080000638512e+00 -1.484142709401613525e+00
2.761990740000639377e+00 -1.484325584255616448e+00
2.751408400000640242e+00 -1.484504236107587971e+00
2.740826060000641107e+00 -1.484678539171363498e+00
2.730243720000641972e+00 -1.484848340135968447e+00
2.719661380000642836e+00 -1.485013480551037546e+00
2.709079040000643701e+00 -1.485173823706398499e+00
2.698496700000644566e+00 -1.485329181918571217e+00
2.687914360000645431e+00 -1.485479412817054756e+00
2.677332020000646295e+00 -1.485624331875337711e+00
2.666749680000647160e+00 -1.485763787494865706e+00
2.656167340000648025e+00 -1.485897574325733439e+00
2.645585000000648890e+00 -1.486025529539701573e+00
2.635002660000649755e+00 -1.486147464185069378e+00
2.624420320000650619e+00 -1.486263168934008894e+00
2.613837980000651484e+00 -1.486372471964345632e+00
2.603255640000652349e+00 -1.486475144139273841e+00
2.592673300000653214e+00 -1.486570996009723089e+00
2.582090960000654078e+00 -1.486659803335558694e+00
2.571508620000654943e+00 -1.486741365043845464e+00
2.560926280000655808e+00 -1.486815430336224209e+00
2.550343940000656673e+00 -1.486881789853261804e+00
2.539761600000657538e+00 -1.486940200254164512e+00
2.529179260000658402e+00 -1.486990410416559438e+00
2.518596920000659267e+00 -1.487032193674861391e+00
2.508014580000660132e+00 -1.487065270323623567e+00
2.497432240000660997e+00 -1.487089392223328144e+00
2.486849900000661862e+00 -1.487104286665022812e+00
2.476267560000662726e+00 -1.487109691095063635e+00
2.465685220000663591e+00 -1.487105304236895575e+00
2.455102880000664456e+00 -1.487090845312068810e+00
2.444520540000665321e+00 -1.487066023983766083e+00
2.433938200000666185e+00 -1.487030521993944365e+00
2.423355860000667050e+00 -1.486984051157554054e+00
2.412773520000667915e+00 -1.486926270876291589e+00
2.402191180000668780e+00 -1.486856860806809122e+00
2.391608840000669645e+00 -1.486775489869179179e+00
2.381026500000670509e+00 -1.486681813649576078e+00
2.370444160000671374e+00 -1.486575482196401454e+00
2.359861820000672239e+00 -1.486456130471840886e+00
2.349279480000673104e+00 -1.486323387749602043e+00
2.338697140000673969e+00 -1.486176885682766846e+00
2.328114800000674833e+00 -1.486016237298311227e+00
2.317532460000675698e+00 -1.485841028464492286e+00
2.306950120000676563e+00 -1.485650876513840535e+00
2.296367780000677428e+00 -1.485445354545380736e+00
2.285785440000678292e+00 -1.485224017011699038e+00
2.275203100000679157e+00 -1.484986471700048716e+00
2.264620760000680022e+00 -1.484732248420081113e+00
2.254038420000680887e+00 -1.484460881274898281e+00
2.243456080000681752e+00 -1.484171924417401423e+00
2.232873740000682616e+00 -1.483864887561421542e+00
2.222291400000683481e+00 -1.483539268874849659e+00
2.211709060000684346e+00 -1.483194589631697369e+00
2.201126720000685211e+00 -1.482830324998801741e+00
2.190544380000686076e+00 -1.482445934897574258e+00
2.179962040000686940e+00 -1.482040904345880428e+00
2.169379700000687805e+00 -1.481614675665213987e+00
2.158797360000688670e+00 -1.481166660823282077e+00
2.148215020000689535e+00 -1.480696319059902955e+00
2.137632680000690399e+00 -1.480203022730391282e+00
2.127050340000691264e+00 -1.479686178333827984e+00
2.116468000000692129e+00 -1.479145179566565327e+00
2.105885660000692994e+00 -1.478579377545894635e+00
2.095303320000693859e+00 -1.477988104377886192e+00
2.084720980000694723e+00 -1.477370714647568750e+00
2.074138640000695588e+00 -1.476726528132835670e+00
2.063556300000696453e+00 -1.476054801700745767e+00
2.052973960000697318e+00 -1.475354873758243368e+00
2.042391620000698182e+00 -1.474625961346644143e+00
2.031809280000699047e+00 -1.473867317166345670e+00
2.021226940000699912e+00 -1.473078186832528447e+00
2.010644600000700777e+00 -1.472257761237466323e+00
2.000062260000701642e+00 -1.471405206756442263e+00
1.989479920000702506e+00 -1.470519706881326716e+00
1.978897580000703371e+00 -1.469600420972229760e+00
1.968315240000704236e+00 -1.468646402201564394e+00
1.957732900000705101e+00 -1.467656827895498672e+00
1.947150560000705966e+00 -1.466630697687894891e+00
1.936568220000706830e+00 -1.465567010423016514e+00
1.925985880000707695e+00 -1.464464956474851753e+00
1.915403540000708560e+00 -1.463323411803095775e+00
1.904821200000709425e+00 -1.462141335105613171e+00
1.894238860000710289e+00 -1.460917677030248329e+00
1.883656520000711154e+00 -1.459651378080140560e+00
1.873074180000712019e+00 -1.458341215192417328e+00
1.862491840000712884e+00 -1.456986142241565751e+00
1.851909500000713749e+00 -1.455584822145696622e+00
1.841327160000714613e+00 -1.454136166521139861e+00
1.830744820000715478e+00 -1.452638872714716145e+00
1.820162480000716343e+00 -1.451091542787962485e+00
1.809580140000717208e+00 -1.449492968700738516e+00
1.798997800000718073e+00 -1.447841642075587520e+00
1.788415460000718937e+00 -1.446136194461326463e+00
1.777833120000719802e+00 -1.444375163998815381e+00
1.767250780000720667e+00 -1.442557045351611444e+00
1.756668440000721532e+00 -1.440680158372066089e+00
1.746086100000722396e+00 -1.438742987104777882e+00
1.735503760000723261e+00 -1.436743914449513548e+00
1.724921420000724126e+00 -1.434681062399622231e+00
1.714339080000724991e+00 -1.432552839432297054e+00
1.703756740000725856e+00 -1.430357244267784100e+00
1.693174400000726720e+00 -1.428092477455714215e+00
1.682592060000727585e+00 -1.425756588134576175e+00
1.672009720000728450e+00 -1.423347540174640491e+00
1.661427380000729315e+00 -1.420863225504923832e+00
1.650845040000730179e+00 -1.418301489810805061e+00
1.640262700000731044e+00 -1.415660228713627955e+00
1.629680360000731909e+00 -1.412936930167625116e+00
1.619098020000732774e+00 -1.410129464102152008e+00
1.608515680000733639e+00 -1.407235148492532062e+00
1.597933340000734503e+00 -1.404251583569745554e+00
1.587351000000735368e+00 -1.401176139871416648e+00
1.576768660000736233e+00 -1.398005931050675832e+00
1.566186320000737098e+00 -1.394738441821433250e+00
1.555603980000737963e+00 -1.391370608104542050e+00
1.545021640000738827e+00 -1.387899608113829952e+00
1.534439300000739692e+00 -1.384322059231492874e+00
1.523856960000740557e+00 -1.380635083364588178e+00
1.513274620000741422e+00 -1.376835064135065290e+00
1.502692280000742286e+00 -1.372918772271037424e+00
1.492109940000743151e+00 -1.368882642844498898e+00
1.481527600000744016e+00 -1.364722993027915665e+00
1.470945260000744881e+00 -1.360436007616553811e+00
1.460362920000745746e+00 -1.356017731410946281e+00
1.449780580000746610e+00 -1.351464350180645146e+00
1.439198240000747475e+00 -1.346771281977070522e+00
1.428615900000748340e+00 -1.341934607879385677e+00
1.418033560000749205e+00 -1.336949421425379203e+00
1.407451220000750070e+00 -1.331811232167940506e+00
1.396868880000750934e+00 -1.326515489436853379e+00
1.386286540000751799e+00 -1.321056862675884513e+00
1.375704200000752664e+00 -1.315430258205936731e+00
1.365121860000753529e+00 -1.309630254748384459e+00
1.354539520000754393e+00 -1.303651634691713079e+00
1.343957180000755258e+00 -1.297488129201943119e+00
1.333374840000756123e+00 -1.291134331608468244e+00
1.322792500000756988e+00 -1.284583644669399449e+00
1.312210160000757853e+00 -1.277829465572819290e+00
1.301627820000758717e+00 -1.270865896957744656e+00
1.291045480000759582e+00 -1.263685256758759534e+00
1.280463140000760447e+00 -1.256281020675922067e+00
1.269880800000761312e+00 -1.248645090582588546e+00
1.259298460000762176e+00 -1.240770166169739230e+00
1.248716120000763041e+00 -1.232648096047489261e+00
1.238133780000763906e+00 -1.224270667426837322e+00
1.227551440000764771e+00 -1.215628187214566669e+00
1.216969100000765636e+00 -1.206712841241629697e+00
1.206386760000766500e+00 -1.197515164348323280e+00
1.195804420000767365e+00 -1.188024539211526287e+00
1.185222080000768230e+00 -1.178231616287540140e+00
1.174639740000769095e+00 -1.168124891160731593e+00
1.164057400000769960e+00 -1.157693881869554797e+00
1.153475060000770824e+00 -1.146926872302802103e+00
1.142892720000771689e+00 -1.135811781902720918e+00
1.132310380000772554e+00 -1.124336001850907207e+00
1.121728040000773419e+00 -1.112486214859729650e+00
1.111145700000774283e+00 -1.100249475102180741e+00
1.100563360000775148e+00 -1.087610397744567470e+00
1.089981020000776013e+00 -1.074555209233921227e+00
1.079398680000776878e+00 -1.061067139545048610e+00
1.068816340000777743e+00 -1.047130752504013662e+00
1.058234000000778607e+00 -1.032728786928401199e+00
