1.058234000000000030e+01 -1.214377112186547425e+00
1.057175766000000117e+01 -1.214438496433678738e+00
1.056117532000000203e+01 -1.214500010638175809e+00
1.055059298000000290e+01 -1.214561647619067264e+00
1.054001064000000376e+01 -1.214623408268670879e+00
1.052942830000000463e+01 -1.214685297528373953e+00
1.051884596000000549e+01 -1.214747310226875765e+00
1.050826362000000636e+01 -1.214809451320725708e+00
1.049768128000000722e+01 -1.214871718027815461e+00
1.048709894000000808e+01 -1.214934114196106307e+00
1.047651660000000895e+01 -1.214996634631723804e+00
1.046593426000000981e+01 -1.215059288182588793e+00
1.045535192000001068e+01 -1.215122068175459091e+00
1.044476958000001154e+01 -1.215184975315708682e+00
1.043418724000001241e+01 -1.215248014750321737e+00
1.042360490000001327e+01 -1.215311181005329644e+00
1.041302256000001414e+01 -1.215374479243561900e+00
1.040244022000001500e+01 -1.215437912188618075e+00
1.039185788000001587e+01 -1.215501470138175888e+00
1.038127554000001673e+01 -1.215565158457607486e+00
1.037069320000001760e+01 -1.215628983532711871e+00
1.036011086000001846e+01 -1.215692938671723677e+00
1.034952852000001933e+01 -1.215757024568217659e+00
1.033894618000002019e+01 -1.215821246472863937e+00
1.032836384000002106e+01 -1.215885598817004976e+00
1.031778150000002192e+01 -1.215950084015228860e+00
1.030719916000002279e+01 -1.216014710337753435e+00
1.029661682000002365e+01 -1.216079465484179112e+00
1.028603448000002452e+01 -1.216144358762478950e+00
1.027545214000002538e+01 -1.216209384550369643e+00
1.026486980000002625e+01 -1.216274548174171466e+00
1.025428746000002711e+01 -1.216339846822558357e+00
1.024370512000002797e+01 -1.216405284295392297e+00
1.023312278000002884e+01 -1.216470856484691998e+00
1.022254044000002970e+01 -1.216536569413414703e+00
1.021195810000003057e+01 -1.216602419294486426e+00
1.020137576000003143e+01 -1.216668405825982013e+00
1.019079342000003230e+01 -1.216734534424502856e+00
1.018021108000003316e+01 -1.216800799370239883e+00
1.016962874000003403e+01 -1.216867206098838139e+00
1.015904640000003489e+01 -1.216933751787484752e+00
1.014846406000003576e+01 -1.217000440216828183e+00
1.013788172000003662e+01 -1.217067266345860821e+00
1.012729938000003749e+01 -1.217134239176779431e+00
1.011671704000003835e+01 -1.217201351969507073e+00
1.010613470000003922e+01 -1.217268605387241687e+00
1.009555236000004008e+01 -1.217336004960718698e+00
1.008497002000004095e+01 -1.217403544868235210e+00
1.007438768000004181e+01 -1.217471230658268677e+00
1.006380534000004268e+01 -1.217539059496537845e+00
1.005322300000004354e+01 -1.217607038374520112e+00
1.004264066000004441e+01 -1.217675155844167634e+00
1.003205832000004527e+01 -1.217743424177970102e+00
1.002147598000004614e+01 -1.217811836616638610e+00
1.001089364000004700e+01 -1.217880393811411999e+00
1.000031130000004786e+01 -1.217949101408869028e+00
9.989728960000048730e+00 -1.218017953483815363e+00
9.979146620000049595e+00 -1.218086955701127572e+00
9.968564280000050459e+00 -1.218156105215081109e+00
9.957981940000051324e+00 -1.218225405767273672e+00
9.947399600000052189e+00 -1.218294852411418772e+00
9.936817260000053054e+00 -1.218364454245479456e+00
9.926234920000053918e+00 -1.218434204490572714e+00
9.915652580000054783e+00 -1.218504103786120840e+00
9.905070240000055648e+00 -1.218574157898285826e+00
9.894487900000056513e+00 -1.218644360795630543e+00
9.883905560000057378e+00 -1.218714718263314012e+00
9.873323220000058242e+00 -1.218785230032070954e+00
9.862740880000059107e+00 -1.218855892059858448e+00
9.852158540000059972e+00 -1.218926707214265104e+00
9.841576200000060837e+00 -1.218997682055799281e+00
9.830993860000061701e+00 -1.219068809785950558e+00
9.820411520000062566e+00 -1.219140091032272055e+00
9.809829180000063431e+00 -1.219211531684402550e+00
9.799246840000064296e+00 -1.219283125602028006e+00
9.788664500000065161e+00 -1.219354875720261910e+00
9.778082160000066025e+00 -1.219426790697525131e+00
9.767499820000066890e+00 -1.219498857499433209e+00
9.756917480000067755e+00 -1.219571086335680565e+00
9.746335140000068620e+00 -1.219643471004203450e+00
9.735752800000069485e+00 -1.219716017484994586e+00
9.725170460000070349e+00 -1.219788722903230704e+00
9.714588120000071214e+00 -1.219861590949512298e+00
9.704005780000072079e+00 -1.219934617698356982e+00
9.693423440000072944e+00 -1.220007813192058421e+00
9.682841100000073808e+00 -1.220081166318467858e+00
9.672258760000074673e+00 -1.220154680268906500e+00
9.661676420000075538e+00 -1.220228361133327999e+00
9.651094080000076403e+00 -1.220302202596251773e+00
9.640511740000077268e+00 -1.220376210768356451e+00
9.629929400000078132e+00 -1.220450382763539565e+00
9.619347060000078997e+00 -1.220524722252194438e+00
9.608764720000079862e+00 -1.220599224474602673e+00
9.598182380000080727e+00 -1.220673898717167472e+00
9.587600040000081592e+00 -1.220748738130427391e+00
9.577017700000082456e+00 -1.220823743311907350e+00
9.566435360000083321e+00 -1.220898920485950390e+00
9.555853020000084186e+00 -1.220974263220612199e+00
9.545270680000085051e+00 -1.221049777761596955e+00
9.534688340000085915e+00 -1.221125461211834962e+00
9.524106000000086780e+00 -1.221201317221195737e+00
9.513523660000087645e+00 -1.221277341087150248e+00
9.502941320000088510e+00 -1.221353542153801763e+00
9.492358980000089375e+00 -1.221429913551480562e+00
9.481776640000090239e+00 -1.221506455866161689e+00
9.471194300000091104e+00 -1.221583175461145476e+00
9.460611960000091969e+00 -1.221660065784936133e+00
9.450029620000092834e+00 -1.221737133222992933e+00
9.439447280000093699e+00 -1.221814374867244535e+00
9.428864940000094563e+00 -1.221891794347090610e+00
9.418282600000095428e+00 -1.221969387019360198e+00
9.407700260000096293e+00 -1.222047162288078415e+00
9.397117920000097158e+00 -1.222125113263327956e+00
9.386535580000098022e+00 -1.222203240519660117e+00
9.375953240000098887e+00 -1.222281550564116914e+00
9.365370900000099752e+00 -1.222360036722478061e+00
9.354788560000100617e+00 -1.222438705524814706e+00
9.344206220000101482e+00 -1.222517560488677102e+00
9.333623880000102346e+00 -1.222596589671259393e+00
9.323041540000103211e+00 -1.222675800293636872e+00
9.312459200000104076e+00 -1.222755199134922588e+00
9.301876860000104941e+00 -1.222834779284708739e+00
9.291294520000105805e+00 -1.222914541306336256e+00
9.280712180000106670e+00 -1.222994491855677657e+00
9.270129840000107535e+00 -1.223074624132483024e+00
9.259547500000108400e+00 -1.223154941699281295e+00
9.248965160000109265e+00 -1.223235453685326490e+00
9.238382820000110129e+00 -1.223316146205644994e+00
9.227800480000110994e+00 -1.223397030546991004e+00
9.217218140000111859e+00 -1.223478099837558286e+00
9.206635800000112724e+00 -1.223559360842526811e+00
9.196053460000113589e+00 -1.223640810626690278e+00
9.185471120000114453e+00 -1.223722452766530910e+00
9.174888780000115318e+00 -1.223804283565838480e+00
9.164306440000116183e+00 -1.223886310240607012e+00
9.153724100000117048e+00 -1.223968528201137662e+00
9.143141760000117912e+00 -1.224050937209559597e+00
9.132559420000118777e+00 -1.224133544163849674e+00
9.121977080000119642e+00 -1.224216342060777674e+00
9.111394740000120507e+00 -1.224299337823590239e+00
9.100812400000121372e+00 -1.224382528506902768e+00
9.090230060000122236e+00 -1.224465917666524906e+00
9.079647720000123101e+00 -1.224549500890298459e+00
9.069065380000123966e+00 -1.224633287815883431e+00
9.058483040000124831e+00 -1.224717271480572300e+00
9.047900700000125696e+00 -1.224801452420049452e+00
9.037318360000126560e+00 -1.224885837695112834e+00
9.026736020000127425e+00 -1.224970420167563523e+00
9.016153680000128290e+00 -1.225055206924432039e+00
9.005571340000129155e+00 -1.225140195010474775e+00
8.994989000000130019e+00 -1.225225392012547987e+00
8.984406660000130884e+00 -1.225310785495844934e+00
8.973824320000131749e+00 -1.225396389212034309e+00
8.963241980000132614e+00 -1.225482196178025118e+00
8.952659640000133479e+00 -1.225568206919162240e+00
8.942077300000134343e+00 -1.225654428665131190e+00
8.931494960000135208e+00 -1.225740854138883229e+00
8.920912620000136073e+00 -1.225827490597318326e+00
8.910330280000136938e+00 -1.225914335075797279e+00
8.899747940000137802e+00 -1.226001391088549441e+00
8.889165600000138667e+00 -1.226088654368868491e+00
8.878583260000139532e+00 -1.226176134701429277e+00
8.868000920000140397e+00 -1.226263825082643866e+00
8.857418580000141262e+00 -1.226351726028035882e+00
8.846836240000142126e+00 -1.226439844942246227e+00
8.836253900000142991e+00 -1.226528174405769445e+00
8.825671560000143856e+00 -1.226616721851597536e+00
8.815089220000144721e+00 -1.226705487111848347e+00
8.804506880000145586e+00 -1.226794465262767586e+00
8.793924540000146450e+00 -1.226883660532412268e+00
8.783342200000147315e+00 -1.226973079977879744e+00
8.772759860000148180e+00 -1.227062716575302526e+00
8.762177520000149045e+00 -1.227152570830727374e+00
8.751595180000149909e+00 -1.227242650330482743e+00
8.741012840000150774e+00 -1.227332947508528393e+00
8.730430500000151639e+00 -1.227423469980586157e+00
8.719848160000152504e+00 -1.227514217594043888e+00
8.709265820000153369e+00 -1.227605185333405347e+00
8.698683480000154233e+00 -1.227696382500110373e+00
8.688101140000155098e+00 -1.227787801444907512e+00
8.677518800000155963e+00 -1.227879449888072072e+00
8.666936460000156828e+00 -1.227971324843002643e+00
8.656354120000157693e+00 -1.228063429771361958e+00
8.645771780000158557e+00 -1.228155761269739354e+00
8.635189440000159422e+00 -1.228248331757411993e+00
8.624607100000160287e+00 -1.228341127358601126e+00
8.614024760000161152e+00 -1.228434152299846094e+00
8.603442420000162016e+00 -1.228527414463959522e+00
8.592860080000162881e+00 -1.228620906048746519e+00
8.582277740000163746e+00 -1.228714634968340214e+00
8.571695400000164611e+00 -1.228808598228472215e+00
8.561113060000165476e+00 -1.228902799270615187e+00
8.550530720000166340e+00 -1.228997234119054260e+00
8.539948380000167205e+00 -1.229091912852572577e+00
8.529366040000168070e+00 -1.229186828396378495e+00
8.518783700000168935e+00 -1.229281981234669585e+00
8.508201360000169799e+00 -1.229377379450456109e+00
8.497619020000170664e+00 -1.229473015084151744e+00
8.487036680000171529e+00 -1.229568896251314492e+00
8.476454340000172394e+00 -1.229665019950745286e+00
8.465872000000173259e+00 -1.229761389603975408e+00
8.455289660000174123e+00 -1.229858001325633943e+00
8.444707320000174988e+00 -1.229954865285728172e+00
8.434124980000175853e+00 -1.230051974390071301e+00
8.423542640000176718e+00 -1.230149329115524104e+00
8.412960300000177583e+00 -1.230246937753033176e+00
8.402377960000178447e+00 -1.230344792181317537e+00
8.391795620000179312e+00 -1.230442900725266409e+00
8.381213280000180177e+00 -1.230541260377590707e+00
8.370630940000181042e+00 -1.230639874540119028e+00
8.360048600000181906e+00 -1.230738739421960659e+00
8.349466260000182771e+00 -1.230837865288647137e+00
8.338883920000183636e+00 -1.230937245026944460e+00
8.328301580000184501e+00 -1.231036879107081372e+00
8.317719240000185366e+00 -1.231136776036424685e+00
8.307136900000186230e+00 -1.231236927527252334e+00
8.296554560000187095e+00 -1.231337342122291512e+00
8.285972220000187960e+00 -1.231438024548668242e+00
8.275389880000188825e+00 -1.231538959773726738e+00
8.264807540000189690e+00 -1.231640160715519627e+00
8.254225200000190554e+00 -1.231741638790974980e+00
8.243642860000191419e+00 -1.231843356952215585e+00
8.233060520000192284e+00 -1.231945364987719449e+00
8.222478180000193149e+00 -1.232047618364786157e+00
8.211895840000194013e+00 -1.232150155573340955e+00
8.201313500000194878e+00 -1.232252947676901966e+00
8.190731160000195743e+00 -1.232356007568202738e+00
8.180148820000196608e+00 -1.232459384484551501e+00
8.169566480000197473e+00 -1.232562969978133971e+00
8.158984140000198337e+00 -1.232666856461427374e+00
8.148401800000199202e+00 -1.232771060468648372e+00
8.137819460000200067e+00 -1.232875456963254956e+00
8.127237120000200932e+00 -1.232980218640757242e+00
8.116654780000201796e+00 -1.233085174700948805e+00
8.106072440000202661e+00 -1.233190453048175206e+00
8.095490100000203526e+00 -1.233296026076058816e+00
8.084907760000204391e+00 -1.233401864684927185e+00
8.074325420000205256e+00 -1.233507962175777628e+00
8.063743080000206120e+00 -1.233614399002087358e+00
8.053160740000206985e+00 -1.233721079644068519e+00
8.042578400000207850e+00 -1.233828065857643930e+00
8.031996060000208715e+00 -1.233935326206350602e+00
8.021413720000209580e+00 -1.234042840268128938e+00
8.010831380000210444e+00 -1.234150720887319252e+00
8.000249040000211309e+00 -1.234258854450320353e+00
7.989666700000212174e+00 -1.234367240435485513e+00
7.979084360000213039e+00 -1.234475960360432500e+00
7.968502020000213903e+00 -1.234584967844372771e+00
7.957919680000214768e+00 -1.234694274795285818e+00
7.947337340000215633e+00 -1.234803924743298698e+00
7.936755000000216498e+00 -1.234913778811475682e+00
7.926172660000217363e+00 -1.235023977534494888e+00
7.915590320000218227e+00 -1.235134484586382086e+00
7.905007980000219092e+00 -1.235245338289106432e+00
7.894425640000219957e+00 -1.235356389443952541e+00
7.883843300000220822e+00 -1.235467856441540002e+00
7.873260960000221687e+00 -1.235579570373549041e+00
7.862678620000222551e+00 -1.235691594158146556e+00
7.852096280000223416e+00 -1.235803928953191688e+00
7.841513940000224281e+00 -1.235916499907227628e+00
7.830931600000225146e+00 -1.236029441103355886e+00
7.820349260000226010e+00 -1.236142707446116873e+00
7.809766920000226875e+00 -1.236256280576280675e+00
7.799184580000227740e+00 -1.236370164654259085e+00
7.788602240000228605e+00 -1.236484369555907570e+00
7.778019900000229470e+00 -1.236598970021455468e+00
7.767437560000230334e+00 -1.236713811390463658e+00
7.756855220000231199e+00 -1.236828883185920658e+00
7.746272880000232064e+00 -1.236944453046267878e+00
7.735690540000232929e+00 -1.237060150769525801e+00
7.725108200000233794e+00 -1.237176383870266516e+00
7.714525860000234658e+00 -1.237292836737575286e+00
7.703943520000235523e+00 -1.237409500733316792e+00
7.693361180000236388e+00 -1.237526605152935000e+00
7.682778840000237253e+00 -1.237644033055074644e+00
7.672196500000238117e+00 -1.237761787101244515e+00
7.661614160000238982e+00 -1.237880021596643676e+00
7.651031820000239847e+00 -1.237998313048048082e+00
7.640449480000240712e+00 -1.238117076072283496e+00
7.629867140000241577e+00 -1.238236169484491667e+00
7.619284800000242441e+00 -1.238355603649370584e+00
7.608702460000243306e+00 -1.238475540428825905e+00
7.598120120000244171e+00 -1.238595655790595274e+00
7.587537780000245036e+00 -1.238716113918686634e+00
7.576955440000245900e+00 -1.238836745480894397e+00
7.566373100000246765e+00 -1.238957887912303990e+00
7.555790760000247630e+00 -1.239079372870715456e+00
7.545208420000248495e+00 -1.239201210972409983e+00
7.534626080000249360e+00 -1.239323392370594412e+00
7.524043740000250224e+00 -1.239446148750852350e+00
7.513461400000251089e+00 -1.239569047959343084e+00
7.502879060000251954e+00 -1.239692054491513096e+00
7.492296720000252819e+00 -1.239815642590216260e+00
7.481714380000253684e+00 -1.239939859835892833e+00
7.471132040000254548e+00 -1.240064180452252529e+00
7.460549700000255413e+00 -1.240188577717850960e+00
7.449967360000256278e+00 -1.240313610905378727e+00
7.439385020000257143e+00 -1.240439303355155509e+00
7.428802680000258007e+00 -1.240564758793315958e+00
7.418220340000258872e+00 -1.240691212288083767e+00
7.407638000000259737e+00 -1.240817711884723229e+00
7.397055660000260602e+00 -1.240944224416860919e+00
7.386473320000261467e+00 -1.241071828389767262e+00
7.375890980000262331e+00 -1.241199064066522695e+00
7.365308640000263196e+00 -1.241327036924724236e+00
7.354726300000264061e+00 -1.241455391145097176e+00
7.344143960000264926e+00 -1.241584544505634380e+00
7.333561620000265791e+00 -1.241713224071931965e+00
7.322979280000266655e+00 -1.241843177111258578e+00
7.312396940000267520e+00 -1.241972580589171482e+00
7.301814600000268385e+00 -1.242102826434554830e+00
7.291232260000269250e+00 -1.242233989685187279e+00
7.280649920000270114e+00 -1.242364497625226383e+00
7.270067580000270979e+00 -1.242495908479991140e+00
7.259485240000271844e+00 -1.242628296126817578e+00
7.248902900000272709e+00 -1.242760511766621612e+00
7.238320560000273574e+00 -1.242893125831625145e+00
7.227738220000274438e+00 -1.243026145005299510e+00
7.217155880000275303e+00 -1.243159549827772992e+00
7.206573540000276168e+00 -1.243292650388180043e+00
7.195991200000277033e+00 -1.243426840373725195e+00
7.185408860000277897e+00 -1.243561426566078154e+00
7.174826520000278762e+00 -1.243696413213003504e+00
7.164244180000279627e+00 -1.243832625010378834e+00
7.153661840000280492e+00 -1.243967612880272799e+00
7.143079500000281357e+00 -1.244103819266989319e+00
7.132497160000282221e+00 -1.244240455264864709e+00
7.121914820000283086e+00 -1.244378432741813256e+00
7.111332480000283951e+00 -1.244514947060412435e+00
7.100750140000284816e+00 -1.244653828578665467e+00
7.090167800000285681e+00 -1.244792156498179203e+00
7.079585460000286545e+00 -1.244930909409627251e+00
7.069003120000287410e+00 -1.245070078838283134e+00
7.058420780000288275e+00 -1.245208500585452960e+00
7.047838440000289140e+00 -1.245348487109385172e+00
7.037256100000290004e+00 -1.245488899349681322e+00
7.026673760000290869e+00 -1.245629737660904013e+00
7.016091420000291734e+00 -1.245771014544180488e+00
7.005509080000292599e+00 -1.245912718789706997e+00
6.994926740000293464e+00 -1.246054862958163589e+00
6.984344400000294328e+00 -1.246197447828883087e+00
6.973762060000295193e+00 -1.246340465129221142e+00
6.963179720000296058e+00 -1.246483920660609090e+00
6.952597380000296923e+00 -1.246627834157534087e+00
6.942015040000297788e+00 -1.246772186946078165e+00
6.931432700000298652e+00 -1.246916983228855802e+00
6.920850360000299517e+00 -1.247062235886539749e+00
6.910268020000300382e+00 -1.247207933424426818e+00
6.899685680000301247e+00 -1.247354088783929837e+00
6.889103340000302111e+00 -1.247500702716992427e+00
6.878521000000302976e+00 -1.247647774002054399e+00
6.867938660000303841e+00 -1.247795294560212653e+00
6.857356320000304706e+00 -1.247943291263460042e+00
6.846773980000305571e+00 -1.248091745453974166e+00
6.836191640000306435e+00 -1.248240661311237121e+00
6.825609300000307300e+00 -1.248390052106569614e+00
6.815026960000308165e+00 -1.248539906044086489e+00
6.804444620000309030e+00 -1.248690236456752700e+00
6.793862280000309894e+00 -1.248841044067820816e+00
6.783279940000310759e+00 -1.248992320674009671e+00
6.772697600000311624e+00 -1.249144072318623122e+00
6.762115260000312489e+00 -1.249296319037587422e+00
6.751532920000313354e+00 -1.249449042179989533e+00
6.740950580000314218e+00 -1.249602245898834285e+00
6.730368240000315083e+00 -1.249755943865334729e+00
6.719785900000315948e+00 -1.249910123964344644e+00
6.709203560000316813e+00 -1.250064799929931025e+00
6.698621220000317678e+00 -1.250219972327536455e+00
6.688038880000318542e+00 -1.250375633344844140e+00
6.677456540000319407e+00 -1.250531788778738385e+00
6.666874200000320272e+00 -1.250688458942902370e+00
6.656291860000321137e+00 -1.250845625182752219e+00
6.645709520000322001e+00 -1.251003291618268509e+00
6.635127180000322866e+00 -1.251161472329688662e+00
6.624544840000323731e+00 -1.251320154861672362e+00
6.613962500000324596e+00 -1.251479345246753194e+00
6.603380160000325461e+00 -1.251639059219102901e+00
6.592797820000326325e+00 -1.251799282256740975e+00
6.582215480000327190e+00 -1.251960030959152981e+00
6.571633140000328055e+00 -1.252121292670233199e+00
6.561050800000328920e+00 -1.252283081761108585e+00
6.550468460000329785e+00 -1.252445398871516291e+00
6.539886120000330649e+00 -1.252608235765106715e+00
6.529303780000331514e+00 -1.252771602350139180e+00
6.518721440000332379e+00 -1.252935516364692248e+00
6.508139100000333244e+00 -1.253099954000318927e+00
6.497556760000334108e+00 -1.253264923601442149e+00
6.486974420000334973e+00 -1.253430439893924664e+00
6.476392080000335838e+00 -1.253596489842144779e+00
6.465809740000336703e+00 -1.253763088233549094e+00
6.455227400000337568e+00 -1.253930235661983250e+00
6.444645060000338432e+00 -1.254097923844883944e+00
6.434062720000339297e+00 -1.254266159327186436e+00
6.423480380000340162e+00 -1.254434962700782252e+00
6.412898040000341027e+00 -1.254604315182691110e+00
6.402315700000341891e+00 -1.254774211619989144e+00
6.391733360000342756e+00 -1.254944684914429009e+00
6.381151020000343621e+00 -1.255115712994001376e+00
6.370568680000344486e+00 -1.255287311061712208e+00
6.359986340000345351e+00 -1.255459479644041254e+00
6.349404000000346215e+00 -1.255632210412024552e+00
6.338821660000347080e+00 -1.255805510027761640e+00
6.328239320000347945e+00 -1.255979399207368230e+00
6.317656980000348810e+00 -1.256153859108884330e+00
6.307074640000349675e+00 -1.256328893665924706e+00
6.296492300000350539e+00 -1.256504518439137907e+00
6.285909960000351404e+00 -1.256680719539353008e+00
6.275327620000352269e+00 -1.256857512583694270e+00
6.264745280000353134e+00 -1.257034898027692638e+00
6.254162940000353998e+00 -1.257212867442223603e+00
6.243580600000354863e+00 -1.257391427616630697e+00
6.232998260000355728e+00 -1.257570599400991584e+00
6.222415920000356593e+00 -1.257750363838999963e+00
6.211833580000357458e+00 -1.257930724783051124e+00
6.201251240000358322e+00 -1.258111698205334195e+00
6.190668900000359187e+00 -1.258293269735742737e+00
6.180086560000360052e+00 -1.258475455398697651e+00
6.169504220000360917e+00 -1.258658264546242078e+00
6.158921880000361782e+00 -1.258841670402801149e+00
6.148339540000362646e+00 -1.259025689373536538e+00
6.137757200000363511e+00 -1.259210342158730400e+00
6.127174860000364376e+00 -1.259395609648590764e+00
6.116592520000365241e+00 -1.259581495597460021e+00
6.106010180000366105e+00 -1.259768016378685296e+00
6.095427840000366970e+00 -1.259955157098564982e+00
6.084845500000367835e+00 -1.260142934176925467e+00
6.074263160000368700e+00 -1.260331348223648007e+00
6.063680820000369565e+00 -1.260520389458095636e+00
6.053098480000370429e+00 -1.260710077902207349e+00
6.042516140000371294e+00 -1.260900398351050722e+00
6.031933800000372159e+00 -1.261091367437048749e+00
6.021351460000373024e+00 -1.261282984344599623e+00
6.010769120000373889e+00 -1.261475242165840172e+00
6.000186780000374753e+00 -1.261668150114015008e+00
5.989604440000375618e+00 -1.261861720003428555e+00
5.979022100000376483e+00 -1.262055941708804419e+00
5.968439760000377348e+00 -1.262250815686782435e+00
5.957857420000378212e+00 -1.262446358900750853e+00
5.947275080000379077e+00 -1.262642555545712586e+00
5.936692740000379942e+00 -1.262839422618961427e+00
5.926110400000380807e+00 -1.263036960185702995e+00
5.915528060000381672e+00 -1.263235159106347094e+00
5.904945720000382536e+00 -1.263434026514789643e+00
5.894363380000383401e+00 -1.263633583622168821e+00
5.883781040000384266e+00 -1.263833810695791593e+00
5.873198700000385131e+00 -1.264034711147782541e+00
5.862616360000385995e+00 -1.264236302289441616e+00
5.852034020000386860e+00 -1.264438567660139956e+00
5.841451680000387725e+00 -1.264641524594461997e+00
5.830869340000388590e+00 -1.264845171942770685e+00
5.820287000000389455e+00 -1.265049512550009858e+00
5.809704660000390319e+00 -1.265254542489726797e+00
5.799122320000391184e+00 -1.265460273191116425e+00
5.788539980000392049e+00 -1.265666694289313998e+00
5.777957640000392914e+00 -1.265873809025509944e+00
5.767375300000393779e+00 -1.266081635028116992e+00
5.756792960000394643e+00 -1.266290155122620664e+00
5.746210620000395508e+00 -1.266499386948040762e+00
5.735628280000396373e+00 -1.266709330235557873e+00
5.725045940000397238e+00 -1.266919975104223273e+00
5.714463600000398102e+00 -1.267131328766371912e+00
5.703881260000398967e+00 -1.267343412518840751e+00
5.693298920000399832e+00 -1.267556205834549754e+00
5.682716580000400697e+00 -1.267769711757775752e+00
5.672134240000401562e+00 -1.267983949468748150e+00
5.661551900000402426e+00 -1.268198898531014640e+00
5.650969560000403291e+00 -1.268414579355019223e+00
5.640387220000404156e+00 -1.268630989574280443e+00
5.629804880000405021e+00 -1.268848118130752933e+00
5.619222540000405886e+00 -1.269065974145956899e+00
5.608640200000406750e+00 -1.269284578280735598e+00
5.598057860000407615e+00 -1.269503909476188408e+00
5.587475520000408480e+00 -1.269723970558557236e+00
5.576893180000409345e+00 -1.269944779656766887e+00
5.566310840000410209e+00 -1.270166317964690705e+00
5.555728500000411074e+00 -1.270388613285965418e+00
5.545146160000411939e+00 -1.270611636521520538e+00
5.534563820000412804e+00 -1.270835403724454693e+00
5.523981480000413669e+00 -1.271059927728396932e+00
5.513399140000414533e+00 -1.271285189222249645e+00
5.502816800000415398e+00 -1.271511206400758098e+00
5.492234460000416263e+00 -1.271737978435224736e+00
5.481652120000417128e+00 -1.271965493974688721e+00
5.471069780000417992e+00 -1.272193762932851691e+00
5.460487440000418857e+00 -1.272422809067798255e+00
5.449905100000419722e+00 -1.272652596915923473e+00
5.439322760000420587e+00 -1.272883136978236740e+00
5.428740420000421452e+00 -1.273114447612641698e+00
5.418158080000422316e+00 -1.273346508538203414e+00
5.407575740000423181e+00 -1.273579338055060406e+00
5.396993400000424046e+00 -1.273812935077629716e+00
5.386411060000424911e+00 -1.274047287480656987e+00
5.375828720000425776e+00 -1.274282402296488703e+00
5.365246380000426640e+00 -1.274518300656969583e+00
5.354664040000427505e+00 -1.274754959652644626e+00
5.344081700000428370e+00 -1.274992381451293788e+00
5.333499360000429235e+00 -1.275230584462909045e+00
5.322917020000430099e+00 -1.275469547354377120e+00
5.312334680000430964e+00 -1.275709288450654899e+00
5.301752340000431829e+00 -1.275949806392075114e+00
5.291170000000432694e+00 -1.276191088142924146e+00
5.280587660000433559e+00 -1.276433140593365323e+00
5.270005320000434423e+00 -1.276675984737949632e+00
5.259422980000435288e+00 -1.276919596705171411e+00
5.248840640000436153e+00 -1.277163978373750508e+00
5.238258300000437018e+00 -1.277409148115839388e+00
5.227675960000437883e+00 -1.277655083458357987e+00
5.217093620000438747e+00 -1.277901802656629116e+00
5.206511280000439612e+00 -1.278149304062498937e+00
5.195928940000440477e+00 -1.278397573575190682e+00
5.185346600000441342e+00 -1.278646617895264903e+00
5.174764260000442206e+00 -1.278896457833389677e+00
5.164181920000443071e+00 -1.279147068393731379e+00
5.153599580000443936e+00 -1.279398451152723215e+00
5.143017240000444801e+00 -1.279650624338718012e+00
5.132434900000445666e+00 -1.279903564244474046e+00
5.121852560000446530e+00 -1.280157288944324012e+00
5.111270220000447395e+00 -1.280411809320842087e+00
5.100687880000448260e+00 -1.280667083618490798e+00
5.090105540000449125e+00 -1.280923132663902786e+00
5.079523200000449989e+00 -1.281179976244586349e+00
5.068940860000450854e+00 -1.281437588054687549e+00
5.058358520000451719e+00 -1.281695969357301346e+00
5.047776180000452584e+00 -1.281955138111317005e+00
5.037193840000453449e+00 -1.282215069272767405e+00
5.026611500000454313e+00 -1.282475792087303335e+00
5.016029160000455178e+00 -1.282737270604221491e+00
5.005446820000456043e+00 -1.282999520207179334e+00
4.994864480000456908e+00 -1.283262552963966074e+00
4.984282140000457773e+00 -1.283526343039339768e+00
4.973699800000458637e+00 -1.283790907954321270e+00
4.963117460000459502e+00 -1.284056245273813568e+00
4.952535120000460367e+00 -1.284322337308128503e+00
4.941952780000461232e+00 -1.284589192791261603e+00
4.931370440000462096e+00 -1.284856823459784803e+00
4.920788100000462961e+00 -1.285125208875103509e+00
4.910205760000463826e+00 -1.285394347009258809e+00
4.899623420000464691e+00 -1.285664255092676456e+00
4.889041080000465556e+00 -1.285934905768526093e+00
4.878458740000466420e+00 -1.286206315984787851e+00
4.867876400000467285e+00 -1.286478482977432947e+00
4.857294060000468150e+00 -1.286751387227933030e+00
4.846711720000469015e+00 -1.287025034261572110e+00
4.836129380000469880e+00 -1.287299443736257487e+00
4.825547040000470744e+00 -1.287574584940199829e+00
4.814964700000471609e+00 -1.287850458277304710e+00
4.804382360000472474e+00 -1.288127080259249491e+00
4.793800020000473339e+00 -1.288404421864267402e+00
4.783217680000474203e+00 -1.288682499253137825e+00
4.772635340000475068e+00 -1.288961309311265291e+00
4.762053000000475933e+00 -1.289240843545305548e+00
4.751470660000476798e+00 -1.289521080661311103e+00
4.740888320000477663e+00 -1.289802052913894714e+00
4.730305980000478527e+00 -1.290083727337901776e+00
4.719723640000479392e+00 -1.290366103958216604e+00
4.709141300000480257e+00 -1.290649198317554092e+00
4.698558960000481122e+00 -1.290932979557252391e+00
4.687976620000481986e+00 -1.291217462786053538e+00
4.677394280000482851e+00 -1.291502644501739905e+00
4.666811940000483716e+00 -1.291788500556809494e+00
4.656229600000484581e+00 -1.292075035267578498e+00
4.645647260000485446e+00 -1.292362267090287009e+00
4.635064920000486310e+00 -1.292650168161808777e+00
4.624482580000487175e+00 -1.292938723259220879e+00
4.613900240000488040e+00 -1.293227953775253791e+00
4.603317900000488905e+00 -1.293517826806439563e+00
4.592735560000489770e+00 -1.293808356084865885e+00
4.582153220000490634e+00 -1.294099537909957798e+00
4.571570880000491499e+00 -1.294391344460086746e+00
4.560988540000492364e+00 -1.294683779942559454e+00
4.550406200000493229e+00 -1.294976861708862170e+00
4.539823860000494093e+00 -1.295270551050936803e+00
4.529241520000494958e+00 -1.295564847053320978e+00
4.518659180000495823e+00 -1.295859762316763808e+00
4.508076840000496688e+00 -1.296155261625543176e+00
4.497494500000497553e+00 -1.296451370942716785e+00
4.486912160000498417e+00 -1.296748043716182908e+00
4.476329820000499282e+00 -1.297045291430223291e+00
4.465747480000500147e+00 -1.297343120166288166e+00
4.455165140000501012e+00 -1.297641493284649172e+00
4.444582800000501877e+00 -1.297940421515393128e+00
4.434000460000502741e+00 -1.298239902311736138e+00
4.423418120000503606e+00 -1.298539895963886748e+00
4.412835780000504471e+00 -1.298840414761643913e+00
4.402253440000505336e+00 -1.299141475041182270e+00
4.391671100000506200e+00 -1.299443015118228573e+00
4.381088760000507065e+00 -1.299745043320152948e+00
4.370506420000507930e+00 -1.300047568635939399e+00
4.359924080000508795e+00 -1.300350551551445077e+00
4.349341740000509660e+00 -1.300654000143962596e+00
4.338759400000510524e+00 -1.300957911194728256e+00
4.328177060000511389e+00 -1.301262239979776636e+00
4.317594720000512254e+00 -1.301566991374287552e+00
4.307012380000513119e+00 -1.301872184506385199e+00
4.296430040000513984e+00 -1.302177762266621963e+00
4.285847700000514848e+00 -1.302483724182520231e+00
4.275265360000515713e+00 -1.302790076060078350e+00
4.264683020000516578e+00 -1.303096775019543241e+00
4.254100680000517443e+00 -1.303403825743086886e+00
4.243518340000518307e+00 -1.303711224062791274e+00
4.232936000000519172e+00 -1.304018919309537949e+00
4.222353660000520037e+00 -1.304326915399589337e+00
4.211771320000520902e+00 -1.304635227944060061e+00
4.201188980000521767e+00 -1.304943794322067419e+00
4.190606640000522631e+00 -1.305252612889899577e+00
4.180024300000523496e+00 -1.305561685389531101e+00
4.169441960000524361e+00 -1.305870964950966107e+00
4.158859620000525226e+00 -1.306180451931351127e+00
4.148277280000526090e+00 -1.306490140820327550e+00
4.137694940000526955e+00 -1.306799973870015119e+00
4.127112600000527820e+00 -1.307109951653753432e+00
4.116530260000528685e+00 -1.307420088938554770e+00
4.105947920000529550e+00 -1.307730314784190551e+00
4.095365580000530414e+00 -1.308040625903259757e+00
4.084783240000531279e+00 -1.308351018870915761e+00
4.074200900000532144e+00 -1.308661442038146383e+00
4.063618560000533009e+00 -1.308971890275104855e+00
4.053036220000533874e+00 -1.309282365472991261e+00
4.042453880000534738e+00 -1.309592780730241213e+00
4.031871540000535603e+00 -1.309903146103136296e+00
4.021289200000536468e+00 -1.310213471554771747e+00
4.010706860000537333e+00 -1.310523677144685983e+00
4.000124520000538197e+00 -1.310833757297940716e+00
3.989542180000539062e+00 -1.311143702045189929e+00
3.978959840000539927e+00 -1.311453453965329752e+00
3.968377500000540792e+00 -1.311763021863341150e+00
3.957795160000541657e+00 -1.312072327155719087e+00
3.947212820000542521e+00 -1.312381374008335655e+00
3.936630480000543386e+00 -1.312690141248438414e+00
3.926048140000544251e+00 -1.312998561364643102e+00
3.915465800000545116e+00 -1.313306629766299416e+00
3.904883460000545981e+00 -1.313614328846117285e+00
3.894301120000546845e+00 -1.313921575788865814e+00
3.883718780000547710e+00 -1.314228370789783495e+00
3.873136440000548575e+00 -1.314534686919294648e+00
3.862554100000549440e+00 -1.314840457410176633e+00
3.851971760000550304e+00 -1.315145661099234031e+00
3.841389420000551169e+00 -1.315450274338321623e+00
3.830807080000552034e+00 -1.315754228209542021e+00
3.820224740000552899e+00 -1.316057496189454001e+00
3.809642400000553764e+00 -1.316360062251964669e+00
3.799060060000554628e+00 -1.316661830168071701e+00
3.788477720000555493e+00 -1.316962789519507071e+00
3.777895380000556358e+00 -1.317262918767169388e+00
3.767313040000557223e+00 -1.317562124777022392e+00
3.756730700000558087e+00 -1.317860385514510124e+00
3.746148360000558952e+00 -1.318157665701259251e+00
3.735566020000559817e+00 -1.318453886997447144e+00
3.724983680000560682e+00 -1.318749010622643603e+00
3.714401340000561547e+00 -1.319043005282960035e+00
3.703819000000562411e+00 -1.319335801134131625e+00
3.693236660000563276e+00 -1.319627317421024459e+00
3.682654320000564141e+00 -1.319917565732606324e+00
3.672071980000565006e+00 -1.320206417160604939e+00
3.661489640000565871e+00 -1.320493849507567097e+00
3.650907300000566735e+00 -1.320779813105809941e+00
3.640324960000567600e+00 -1.321064218241507771e+00
3.629742620000568465e+00 -1.321347011003136895e+00
3.619160280000569330e+00 -1.321628150593323170e+00
3.608577940000570194e+00 -1.321907541915918749e+00
3.597995600000571059e+00 -1.322185125139095252e+00
3.587413260000571924e+00 -1.322460853492164468e+00
3.576830920000572789e+00 -1.322734614380668638e+00
3.566248580000573654e+00 -1.323006365185549704e+00
3.555666240000574518e+00 -1.323276038573933056e+00
3.545083900000575383e+00 -1.323543531175924937e+00
3.534501560000576248e+00 -1.323808770547812097e+00
3.523919220000577113e+00 -1.324071706296312101e+00
3.513336880000577978e+00 -1.324332222048970387e+00
3.502754540000578842e+00 -1.324590243761825770e+00
3.492172200000579707e+00 -1.324845710076105743e+00
3.481589860000580572e+00 -1.325098485859952380e+00
3.471007520000581437e+00 -1.325348517620319466e+00
3.460425180000582301e+00 -1.325595716513059186e+00
3.449842840000583166e+00 -1.325839962885374312e+00
3.439260500000584031e+00 -1.326081178025215301e+00
3.428678160000584896e+00 -1.326319249208981255e+00
3.418095820000585761e+00 -1.326554088455967673e+00
3.407513480000586625e+00 -1.326785600648323404e+00
3.396931140000587490e+00 -1.327013655821738913e+00
3.386348800000588355e+00 -1.327238144553372745e+00
3.375766460000589220e+00 -1.327458999212022706e+00
3.365184120000590084e+00 -1.327676054679530537e+00
3.354601780000590949e+00 -1.327889222325713936e+00
3.344019440000591814e+00 -1.328098398212669951e+00
3.333437100000592679e+00 -1.328303405475809829e+00
3.322854760000593544e+00 -1.328504170919781568e+00
3.312272420000594408e+00 -1.328700563091252507e+00
3.301690080000595273e+00 -1.328892430942311798e+00
3.291107740000596138e+00 -1.329079635037610174e+00
3.280525400000597003e+00 -1.329262091334570073e+00
3.269943060000597868e+00 -1.329439602206271775e+00
3.259360720000598732e+00 -1.329612046540804116e+00
3.248778380000599597e+00 -1.329779314961902381e+00
3.238196040000600462e+00 -1.329941186744012738e+00
3.227613700000601327e+00 -1.330097570601057377e+00
3.217031360000602191e+00 -1.330248300710091147e+00
3.206449020000603056e+00 -1.330393201350826837e+00
3.195866680000603921e+00 -1.330532097291657001e+00
3.185284340000604786e+00 -1.330664884644008561e+00
3.174702000000605651e+00 -1.330791326608363967e+00
3.164119660000606515e+00 -1.330911278254459429e+00
3.153537320000607380e+00 -1.331024594684997453e+00
3.142954980000608245e+00 -1.331131020834110501e+00
3.132372640000609110e+00 -1.331230441550323551e+00
3.121790300000609975e+00 -1.331322650150710274e+00
3.111207960000610839e+00 -1.331407442170795541e+00
3.100625620000611704e+00 -1.331484599872087449e+00
3.090043280000612569e+00 -1.331554000463655907e+00
3.079460940000613434e+00 -1.331615349435390172e+00
3.068878600000614298e+00 -1.331668477241595649e+00
3.058296260000615163e+00 -1.331713210529941405e+00
3.047713920000616028e+00 -1.331749234285370953e+00
3.037131580000616893e+00 -1.331776417630657239e+00
3.026549240000617758e+00 -1.331794501829711930e+00
3.015966900000618622e+00 -1.331803248935626849e+00
3.005384560000619487e+00 -1.331802390795063351e+00
2.994802220000620352e+00 -1.331791752628802339e+00
2.984219880000621217e+00 -1.331771054789764763e+00
2.973637540000622081e+00 -1.331740023852283406e+00
2.963055200000622946e+00 -1.331698466630431232e+00
2.952472860000623811e+00 -1.331646013970920750e+00
2.941890520000624676e+00 -1.331582501800058216e+00
2.931308180000625541e+00 -1.331507614507926540e+00
2.920725840000626405e+00 -1.331421074951780303e+00
2.910143500000627270e+00 -1.331322573015509825e+00
2.899561160000628135e+00 -1.331211843756559432e+00
2.888978820000629000e+00 -1.331088608270761142e+00
2.878396480000629865e+00 -1.330952538704680777e+00
2.867814140000630729e+00 -1.330803333153016466e+00
2.857231800000631594e+00 -1.330640625332609517e+00
2.846649460000632459e+00 -1.330464206845392905e+00
2.836067120000633324e+00 -1.330273636254095893e+00
2.825484780000634188e+00 -1.330068645525400939e+00
2.814902440000635053e+00 -1.329848860607743655e+00
2.804320100000635918e+00 -1.329613894620209180e+00
2.793737760000636783e+00 -1.329363485590790761e+00
2.783155420000637648e+00 -1.329097207887234733e+00
2.772573080000638512e+00 -1.328814708335383177e+00
2.761990740000639377e+00 -1.328515541169026593e+00
2.751408400000640242e+00 -1.328199463348959997e+00
2.740826060000641107e+00 -1.327865909468266992e+00
2.730243720000641972e+00 -1.327514554728817187e+00
2.719661380000642836e+00 -1.327145064932704344e+00
2.709079040000643701e+00 -1.326756845169809518e+00
2.698496700000644566e+00 -1.326349620705415289e+00
2.687914360000645431e+00 -1.325922873554994386e+00
2.677332020000646295e+00 -1.325476188289833823e+00
2.666749680000647160e+00 -1.325009022611355558e+00
2.656167340000648025e+00 -1.324521064885169075e+00
2.645585000000648890e+00 -1.324011680012535663e+00
2.635002660000649755e+00 -1.323480418416085547e+00
2.624420320000650619e+00 -1.322926900983149023e+00
2.613837980000651484e+00 -1.322350430629197771e+00
2.603255640000652349e+00 -1.321750655444237976e+00
2.592673300000653214e+00 -1.321126944417375215e+00
2.582090960000654078e+00 -1.320478805329798000e+00
2.571508620000654943e+00 -1.319805577537684016e+00
2.560926280000655808e+00 -1.319106856279489648e+00
2.550343940000656673e+00 -1.318381941153199621e+00
2.539761600000657538e+00 -1.317630277756594470e+00
2.529179260000658402e+00 -1.316851294176667242e+00
2.518596920000659267e+00 -1.316044248402850503e+00
2.508014580000660132e+00 -1.315208684177373133e+00
2.497432240000660997e+00 -1.314343831240377014e+00
2.486849900000661862e+00 -1.313449101764114557e+00
2.476267560000662726e+00 -1.312523689216682943e+00
2.465685220000663591e+00 -1.311567050327798967e+00
2.455102880000664456e+00 -1.310578467006722425e+00
2.444520540000665321e+00 -1.309557142501446947e+00
2.433938200000666185e+00 -1.308502398559409308e+00
2.423355860000667050e+00 -1.307413360952165204e+00
2.412773520000667915e+00 -1.306289456430665741e+00
2.402191180000668780e+00 -1.305129743149527011e+00
2.391608840000669645e+00 -1.303933514427191298e+00
2.381026500000670509e+00 -1.302699770950726199e+00
2.370444160000671374e+00 -1.301427877004690759e+00
2.359861820000672239e+00 -1.300116930190480691e+00
2.349279480000673104e+00 -1.298765949147260512e+00
2.338697140000673969e+00 -1.297374149809082944e+00
2.328114800000674833e+00 -1.295940429774852909e+00
2.317532460000675698e+00 -1.294464072505914887e+00
2.306950120000676563e+00 -1.292943986237690579e+00
2.296367780000677428e+00 -1.291379259356969289e+00
2.285785440000678292e+00 -1.289768688185116030e+00
2.275203100000679157e+00 -1.288111408715566952e+00
2.264620760000680022e+00 -1.286406490847392003e+00
2.254038420000680887e+00 -1.284652649269877100e+00
2.243456080000681752e+00 -1.282848939661026311e+00
2.232873740000682616e+00 -1.280994018565111414e+00
2.222291400000683481e+00 -1.279086998190850810e+00
2.211709060000684346e+00 -1.277126572294991824e+00
2.201126720000685211e+00 -1.275111568672300688e+00
2.190544380000686076e+00 -1.273040782481902777e+00
2.179962040000686940e+00 -1.270912827629605779e+00
2.169379700000687805e+00 -1.268726714098818320e+00
2.158797360000688670e+00 -1.266480885706752435e+00
2.148215020000689535e+00 -1.264174216105265591e+00
2.137632680000690399e+00 -1.261805086496973205e+00
2.127050340000691264e+00 -1.259372411378406387e+00
2.116468000000692129e+00 -1.256874645830716286e+00
2.105885660000692994e+00 -1.254310378302150086e+00
2.095303320000693859e+00 -1.251678162794876759e+00
2.084720980000694723e+00 -1.248976368113775326e+00
2.074138640000695588e+00 -1.246203811361503044e+00
2.063556300000696453e+00 -1.243358644305534666e+00
2.052973960000697318e+00 -1.240439561277608904e+00
2.042391620000698182e+00 -1.237444650447125039e+00
2.031809280000699047e+00 -1.234372657530128592e+00
2.021226940000699912e+00 -1.231221780301900548e+00
2.010644600000700777e+00 -1.227990401375987695e+00
2.000062260000701642e+00 -1.224676878006284220e+00
1.989479920000702506e+00 -1.221279347349335076e+00
1.978897580000703371e+00 -1.217796503393048901e+00
1.968315240000704236e+00 -1.214226263268521233e+00
1.957732900000705101e+00 -1.210567241444278297e+00
1.947150560000705966e+00 -1.206817334356959037e+00
1.936568220000706830e+00 -1.202974966505278687e+00
1.925985880000707695e+00 -1.199038940263058794e+00
1.915403540000708560e+00 -1.195007150566466336e+00
1.904821200000709425e+00 -1.190878106608541653e+00
1.894238860000710289e+00 -1.186650059244122701e+00
1.883656520000711154e+00 -1.182321992806581124e+00
1.873074180000712019e+00 -1.177892092403037605e+00
1.862491840000712884e+00 -1.173359559363738702e+00
1.851909500000713749e+00 -1.168722831407870810e+00
1.841327160000714613e+00 -1.163981865364128065e+00
1.830744820000715478e+00 -1.159136256486659189e+00
1.820162480000716343e+00 -1.154186025817774741e+00
1.809580140000717208e+00 -1.149132943611721025e+00
1.798997800000718073e+00 -1.143979413852351801e+00
1.788415460000718937e+00 -1.138731954168417326e+00
1.777833120000719802e+00 -1.133403828652339573e+00
