1.058234000000000030e+01 -1.411231563576057502e+00
1.057175766000000117e+01 -1.411280088014023271e+00
1.056117532000000203e+01 -1.411328815307380635e+00
1.055059298000000290e+01 -1.411377576780589838e+00
1.054001064000000376e+01 -1.411426445615353797e+00
1.052942830000000463e+01 -1.411475418597136322e+00
1.051884596000000549e+01 -1.411524482022726623e+00
1.050826362000000636e+01 -1.411573647618934668e+00
1.049768128000000722e+01 -1.411622907573851116e+00
1.048709894000000808e+01 -1.411672270131986817e+00
1.047651660000000895e+01 -1.411721728229357709e+00
1.046593426000000981e+01 -1.411771289056377388e+00
1.045535192000001068e+01 -1.411820949779003520e+00
1.044476958000001154e+01 -1.411870705563755379e+00
1.043418724000001241e+01 -1.411920566694278234e+00
1.042360490000001327e+01 -1.411970523023464485e+00
1.041302256000001414e+01 -1.412020585133655581e+00
1.040244022000001500e+01 -1.412070747923434899e+00
1.039185788000001587e+01 -1.412121007727465072e+00
1.038127554000001673e+01 -1.412171369777968311e+00
1.037069320000001760e+01 -1.412221837221316667e+00
1.036011086000001846e+01 -1.412272407463470492e+00
1.034952852000001933e+01 -1.412323075451544119e+00
1.033894618000002019e+01 -1.412373851624046273e+00
1.032836384000002106e+01 -1.412424725650156310e+00
1.031778150000002192e+01 -1.412475704206105132e+00
1.030719916000002279e+01 -1.412526794926550533e+00
1.029661682000002365e+01 -1.412577980316429338e+00
1.028603448000002452e+01 -1.412629275812689267e+00
1.027545214000002538e+01 -1.412680670700274144e+00
1.026486980000002625e+01 -1.412732175868300022e+00
1.025428746000002711e+01 -1.412783782114717779e+00
1.024370512000002797e+01 -1.412835497678312180e+00
1.023312278000002884e+01 -1.412887315186152737e+00
1.022254044000002970e+01 -1.412939244282852558e+00
1.021195810000003057e+01 -1.412991279557008317e+00
1.020137576000003143e+01 -1.413043417168227345e+00
1.019079342000003230e+01 -1.413095667649328258e+00
1.018021108000003316e+01 -1.413148020281715267e+00
1.016962874000003403e+01 -1.413200486322987448e+00
1.015904640000003489e+01 -1.413253056358988013e+00
1.014846406000003576e+01 -1.413305738683862778e+00
1.013788172000003662e+01 -1.413358526627769285e+00
1.012729938000003749e+01 -1.413411427613372906e+00
1.011671704000003835e+01 -1.413464438930427614e+00
1.010613470000003922e+01 -1.413517555218347210e+00
1.009555236000004008e+01 -1.413570787541452489e+00
1.008497002000004095e+01 -1.413624125001094578e+00
1.007438768000004181e+01 -1.413677579059471778e+00
1.006380534000004268e+01 -1.413731140109768303e+00
1.005322300000004354e+01 -1.413784816318780724e+00
1.004264066000004441e+01 -1.413838601856661104e+00
1.003205832000004527e+01 -1.413892503017811109e+00
1.002147598000004614e+01 -1.413946517766783595e+00
1.001089364000004700e+01 -1.414000640645930007e+00
1.000031130000004786e+01 -1.414054882801245583e+00
9.989728960000048730e+00 -1.414109233107488706e+00
9.979146620000049595e+00 -1.414163703330187039e+00
9.968564280000050459e+00 -1.414218283676669463e+00
9.957981940000051324e+00 -1.414272982626234798e+00
9.947399600000052189e+00 -1.414327793519549514e+00
9.936817260000053054e+00 -1.414382723802647845e+00
9.926234920000053918e+00 -1.414437770891040280e+00
9.915652580000054783e+00 -1.414492929148215117e+00
9.905070240000055648e+00 -1.414548210111710613e+00
9.894487900000056513e+00 -1.414603602406138583e+00
9.883905560000057378e+00 -1.414659118042298935e+00
9.873323220000058242e+00 -1.414714751424317685e+00
9.862740880000059107e+00 -1.414770497806766780e+00
9.852158540000059972e+00 -1.414826364313588103e+00
9.841576200000060837e+00 -1.414882353246085245e+00
9.830993860000061701e+00 -1.414938462404092823e+00
9.820411520000062566e+00 -1.414994686094514176e+00
9.809829180000063431e+00 -1.415051036003993401e+00
9.799246840000064296e+00 -1.415107500507062355e+00
9.788664500000065161e+00 -1.415164087495844658e+00
9.778082160000066025e+00 -1.415220804725705994e+00
9.767499820000066890e+00 -1.415277633390871870e+00
9.756917480000067755e+00 -1.415334590696907702e+00
9.746335140000068620e+00 -1.415391664430186047e+00
9.735752800000069485e+00 -1.415448867037373271e+00
9.725170460000070349e+00 -1.415506188345224681e+00
9.714588120000071214e+00 -1.415563637073317782e+00
9.704005780000072079e+00 -1.415621205577366926e+00
9.693423440000072944e+00 -1.415678904192405607e+00
9.682841100000073808e+00 -1.415736727868111000e+00
9.672258760000074673e+00 -1.415794671071229249e+00
9.661676420000075538e+00 -1.415852746414931751e+00
9.651094080000076403e+00 -1.415910941762958730e+00
9.640511740000077268e+00 -1.415969269812786591e+00
9.629929400000078132e+00 -1.416027720112088772e+00
9.619347060000078997e+00 -1.416086301521568558e+00
9.608764720000079862e+00 -1.416145007376357512e+00
9.598182380000080727e+00 -1.416203845164980102e+00
9.587600040000081592e+00 -1.416262812565855400e+00
9.577017700000082456e+00 -1.416321903402960825e+00
9.566435360000083321e+00 -1.416381130134662270e+00
9.555853020000084186e+00 -1.416440480455181783e+00
9.545270680000085051e+00 -1.416499967463512144e+00
9.534688340000085915e+00 -1.416559580437441568e+00
9.524106000000086780e+00 -1.416619328348967644e+00
9.513523660000087645e+00 -1.416679204549950333e+00
9.502941320000088510e+00 -1.416739216537564738e+00
9.492358980000089375e+00 -1.416799362070668256e+00
9.481776640000090239e+00 -1.416859634809061630e+00
9.471194300000091104e+00 -1.416920047491990298e+00
9.460611960000091969e+00 -1.416980587530577873e+00
9.450029620000092834e+00 -1.417041268359358286e+00
9.439447280000093699e+00 -1.417102079023391248e+00
9.428864940000094563e+00 -1.417163028618571685e+00
9.418282600000095428e+00 -1.417224110499618384e+00
9.407700260000096293e+00 -1.417285332173271906e+00
9.397117920000097158e+00 -1.417346691486393695e+00
9.386535580000098022e+00 -1.417408181927769517e+00
9.375953240000098887e+00 -1.417469816527093363e+00
9.365370900000099752e+00 -1.417531582401969414e+00
9.354788560000100617e+00 -1.417593493336787080e+00
9.344206220000101482e+00 -1.417655542538048152e+00
9.333623880000102346e+00 -1.417717725993567157e+00
9.323041540000103211e+00 -1.417780050415973214e+00
9.312459200000104076e+00 -1.417842518551160280e+00
9.301876860000104941e+00 -1.417905128776734358e+00
9.291294520000105805e+00 -1.417967874202187950e+00
9.280712180000106670e+00 -1.418030768125294383e+00
9.270129840000107535e+00 -1.418093797435904246e+00
9.259547500000108400e+00 -1.418156971501374430e+00
9.248965160000109265e+00 -1.418220298124790890e+00
9.238382820000110129e+00 -1.418283757022110958e+00
9.227800480000110994e+00 -1.418347367565282235e+00
9.217218140000111859e+00 -1.418411115597306926e+00
9.206635800000112724e+00 -1.418475015609183432e+00
9.196053460000113589e+00 -1.418539056188560465e+00
9.185471120000114453e+00 -1.418603246630031567e+00
9.174888780000115318e+00 -1.418667579017748315e+00
9.164306440000116183e+00 -1.418732065074968629e+00
9.153724100000117048e+00 -1.418796698029193504e+00
9.143141760000117912e+00 -1.418861473462158962e+00
9.132559420000118777e+00 -1.418926404524805562e+00
9.121977080000119642e+00 -1.418991477497061116e+00
9.111394740000120507e+00 -1.419056707375785376e+00
9.100812400000121372e+00 -1.419122082152588060e+00
9.090230060000122236e+00 -1.419187611415622996e+00
9.079647720000123101e+00 -1.419253288584321204e+00
9.069065380000123966e+00 -1.419319121157617491e+00
9.058483040000124831e+00 -1.419385107346475161e+00
9.047900700000125696e+00 -1.419451239981541324e+00
9.037318360000126560e+00 -1.419517533206867244e+00
9.026736020000127425e+00 -1.419583973011590450e+00
9.016153680000128290e+00 -1.419650574551637234e+00
9.005571340000129155e+00 -1.419717325656417506e+00
8.994989000000130019e+00 -1.419784235770625624e+00
8.984406660000130884e+00 -1.419851299497504327e+00
8.973824320000131749e+00 -1.419918522449272524e+00
8.963241980000132614e+00 -1.419985904373439967e+00
8.952659640000133479e+00 -1.420053437567601939e+00
8.942077300000134343e+00 -1.420121136211140334e+00
8.931494960000135208e+00 -1.420188986279143251e+00
8.920912620000136073e+00 -1.420257003243807548e+00
8.910330280000136938e+00 -1.420325174561930748e+00
8.899747940000137802e+00 -1.420393510258537439e+00
8.889165600000138667e+00 -1.420462003676992158e+00
8.878583260000139532e+00 -1.420530662320106607e+00
8.868000920000140397e+00 -1.420599484683942260e+00
8.857418580000141262e+00 -1.420668463146573801e+00
8.846836240000142126e+00 -1.420737612554516360e+00
8.836253900000142991e+00 -1.420806918205893998e+00
8.825671560000143856e+00 -1.420876396116078189e+00
8.815089220000144721e+00 -1.420946038548779544e+00
8.804506880000145586e+00 -1.421015840151312215e+00
8.793924540000146450e+00 -1.421085810289738127e+00
8.783342200000147315e+00 -1.421155950772717391e+00
8.772759860000148180e+00 -1.421226260100391992e+00
8.762177520000149045e+00 -1.421296731214251263e+00
8.751595180000149909e+00 -1.421367377758514516e+00
8.741012840000150774e+00 -1.421438187049891777e+00
8.730430500000151639e+00 -1.421509172811354693e+00
8.719848160000152504e+00 -1.421580329414505961e+00
8.709265820000153369e+00 -1.421651650585163740e+00
8.698683480000154233e+00 -1.421723150314322615e+00
8.688101140000155098e+00 -1.421794815785171417e+00
8.677518800000155963e+00 -1.421866660942562977e+00
8.666936460000156828e+00 -1.421938674972309080e+00
8.656354120000157693e+00 -1.422010866678532715e+00
8.645771780000158557e+00 -1.422083228325782267e+00
8.635189440000159422e+00 -1.422155772353990155e+00
8.624607100000160287e+00 -1.422228492540517308e+00
8.614024760000161152e+00 -1.422301383007398723e+00
8.603442420000162016e+00 -1.422374457894341804e+00
8.592860080000162881e+00 -1.422447704111541755e+00
8.582277740000163746e+00 -1.422521135876660514e+00
8.571695400000164611e+00 -1.422594742276841018e+00
8.561113060000165476e+00 -1.422668532155845877e+00
8.550530720000166340e+00 -1.422742499367312785e+00
8.539948380000167205e+00 -1.422816652048086272e+00
8.529366040000168070e+00 -1.422890988092496922e+00
8.518783700000168935e+00 -1.422965500207951761e+00
8.508201360000169799e+00 -1.423040202860856418e+00
8.497619020000170664e+00 -1.423115082673725773e+00
8.487036680000171529e+00 -1.423190154200744129e+00
8.476454340000172394e+00 -1.423265406338949379e+00
8.465872000000173259e+00 -1.423340848029896355e+00
8.455289660000174123e+00 -1.423416473160779461e+00
8.444707320000174988e+00 -1.423492289661927979e+00
8.434124980000175853e+00 -1.423568296279268841e+00
8.423542640000176718e+00 -1.423644484735472782e+00
8.412960300000177583e+00 -1.423720870119653981e+00
8.402377960000178447e+00 -1.423797438764533574e+00
8.391795620000179312e+00 -1.423874205569706008e+00
8.381213280000180177e+00 -1.423951159232646813e+00
8.370630940000181042e+00 -1.424028308796531528e+00
8.360048600000181906e+00 -1.424105648185935769e+00
8.349466260000182771e+00 -1.424183185367220661e+00
8.338883920000183636e+00 -1.424260919209648701e+00
8.328301580000184501e+00 -1.424338841190299521e+00
8.317719240000185366e+00 -1.424416966777757754e+00
8.307136900000186230e+00 -1.424495282007079311e+00
8.296554560000187095e+00 -1.424573797483108972e+00
8.285972220000187960e+00 -1.424652550999308875e+00
8.275389880000188825e+00 -1.424731451817252914e+00
8.264807540000189690e+00 -1.424810524589686045e+00
8.254225200000190554e+00 -1.424889875487726831e+00
8.243642860000191419e+00 -1.424969392249295863e+00
8.233060520000192284e+00 -1.425049127011069450e+00
8.222478180000193149e+00 -1.425129115753805964e+00
8.211895840000194013e+00 -1.425209272268928240e+00
8.201313500000194878e+00 -1.425289506694264574e+00
8.190731160000195743e+00 -1.425370043447288237e+00
8.180148820000196608e+00 -1.425450770578876813e+00
8.169566480000197473e+00 -1.425531744561826963e+00
8.158984140000198337e+00 -1.425612900332830835e+00
8.148401800000199202e+00 -1.425694252640554049e+00
8.137819460000200067e+00 -1.425775820065216859e+00
8.127237120000200932e+00 -1.425857621499023953e+00
8.116654780000201796e+00 -1.425939638124524400e+00
8.106072440000202661e+00 -1.426021844866154575e+00
8.095490100000203526e+00 -1.426104339594052917e+00
8.074325420000205256e+00 -1.426269776877210127e+00
8.063743080000206120e+00 -1.426352793109256556e+00
8.053160740000206985e+00 -1.426436060015861873e+00
8.042578400000207850e+00 -1.426519550851681473e+00
8.031996060000208715e+00 -1.426603267291270072e+00
8.021413720000209580e+00 -1.426687203006454130e+00
8.010831380000210444e+00 -1.426771381891464019e+00
8.000249040000211309e+00 -1.426855764744686894e+00
7.989666700000212174e+00 -1.426940376787567466e+00
7.979084360000213039e+00 -1.427025176253713834e+00
7.968502020000213903e+00 -1.427110222703693143e+00
7.957919680000214768e+00 -1.427195439447324965e+00
7.947337340000215633e+00 -1.427280937484983081e+00
7.936755000000216498e+00 -1.427366687591336447e+00
7.926172660000217363e+00 -1.427452631815759432e+00
7.915590320000218227e+00 -1.427538801710488192e+00
7.905007980000219092e+00 -1.427625166304320015e+00
7.894425640000219957e+00 -1.427711811176899381e+00
7.852096280000223416e+00 -1.428060576713096275e+00
7.841513940000224281e+00 -1.428148413515783588e+00
7.830931600000225146e+00 -1.428236402790274973e+00
7.820349260000226010e+00 -1.428324702076231523e+00
7.809766920000226875e+00 -1.428413178953603868e+00
7.799184580000227740e+00 -1.428501866910097284e+00
7.788602240000228605e+00 -1.428590894156158919e+00
7.778019900000229470e+00 -1.428680052865200611e+00
7.767437560000230334e+00 -1.428769505787785832e+00
7.756855220000231199e+00 -1.428859237650665914e+00
7.746272880000232064e+00 -1.428949130055338745e+00
7.735690540000232929e+00 -1.429039374041773280e+00
7.725108200000233794e+00 -1.429129636758009303e+00
7.714525860000234658e+00 -1.429220378216246257e+00
7.703943520000235523e+00 -1.429311336315334913e+00
7.693361180000236388e+00 -1.429402498191967741e+00
7.682778840000237253e+00 -1.429493921921414223e+00
7.672196500000238117e+00 -1.429585566716522038e+00
7.661614160000238982e+00 -1.429677332644399890e+00
7.651031820000239847e+00 -1.429769635888670010e+00
7.640449480000240712e+00 -1.429862052232927949e+00
7.629867140000241577e+00 -1.429954709223166809e+00
7.619284800000242441e+00 -1.430047622233676208e+00
7.608702460000243306e+00 -1.430140764769688655e+00
7.598120120000244171e+00 -1.430234180583235482e+00
7.587537780000245036e+00 -1.430327870728147044e+00
7.576955440000245900e+00 -1.430421931471738350e+00
7.566373100000246765e+00 -1.430516190926181652e+00
7.555790760000247630e+00 -1.430610614589222340e+00
7.545208420000248495e+00 -1.430705357675587486e+00
7.534626080000249360e+00 -1.430800321429256616e+00
7.524043740000250224e+00 -1.430895439074088227e+00
7.513461400000251089e+00 -1.430990996918251490e+00
7.502879060000251954e+00 -1.431086897862200003e+00
7.492296720000252819e+00 -1.431182948643988651e+00
7.481714380000253684e+00 -1.431279181384082833e+00
7.471132040000254548e+00 -1.431375795088024150e+00
7.460549700000255413e+00 -1.431472750016756557e+00
7.449967360000256278e+00 -1.431569913138215799e+00
7.439385020000257143e+00 -1.431667197309716366e+00
7.428802680000258007e+00 -1.431764941275264880e+00
7.418220340000258872e+00 -1.431862804135699996e+00
7.407638000000259737e+00 -1.431961017589791663e+00
7.397055660000260602e+00 -1.432059763936931240e+00
7.386473320000261467e+00 -1.432158478514540700e+00
7.375890980000262331e+00 -1.432257502764012536e+00
7.365308640000263196e+00 -1.432357022084055131e+00
7.354726300000264061e+00 -1.432456680266255944e+00
7.344143960000264926e+00 -1.432556378780455386e+00
7.333561620000265791e+00 -1.432656824317984245e+00
7.322979280000266655e+00 -1.432757259594775956e+00
7.312396940000267520e+00 -1.432858015301891719e+00
7.301814600000268385e+00 -1.432959215146523135e+00
7.291232260000269250e+00 -1.433060352171828811e+00
7.280649920000270114e+00 -1.433162245823489389e+00
7.270067580000270979e+00 -1.433264192041136420e+00
7.259485240000271844e+00 -1.433366133622850924e+00
7.248902900000272709e+00 -1.433468699443071426e+00
7.238320560000273574e+00 -1.433571580033676351e+00
7.227738220000274438e+00 -1.433674693616749263e+00
7.217155880000275303e+00 -1.433778150563305154e+00
7.206573540000276168e+00 -1.433882147191036571e+00
7.195991200000277033e+00 -1.433986220821191093e+00
7.185408860000277897e+00 -1.434090549358687738e+00
7.174826520000278762e+00 -1.434195205363618442e+00
7.164244180000279627e+00 -1.434299717067410107e+00
7.153661840000280492e+00 -1.434405507820442516e+00
7.143079500000281357e+00 -1.434511135395932335e+00
7.132497160000282221e+00 -1.434617024843891642e+00
7.121914820000283086e+00 -1.434722728616526943e+00
7.111332480000283951e+00 -1.434829671861631351e+00
7.100750140000284816e+00 -1.434936060996476748e+00
7.090167800000285681e+00 -1.435043148804961977e+00
7.079585460000286545e+00 -1.435150573927535200e+00
7.069003120000287410e+00 -1.435258319287092243e+00
7.058420780000288275e+00 -1.435366945465987198e+00
7.047838440000289140e+00 -1.435475371577140447e+00
7.037256100000290004e+00 -1.435584106348891442e+00
7.026673760000290869e+00 -1.435693179730868518e+00
7.016091420000291734e+00 -1.435802577062272212e+00
7.005509080000292599e+00 -1.435912299699801720e+00
6.994926740000293464e+00 -1.436022353031212617e+00
6.984344400000294328e+00 -1.436132697986264528e+00
6.973762060000295193e+00 -1.436243459031943726e+00
6.963179720000296058e+00 -1.436354492854357012e+00
6.952597380000296923e+00 -1.436465972613039321e+00
6.942015040000297788e+00 -1.436577615286472209e+00
6.931432700000298652e+00 -1.436689655224956841e+00
6.920850360000299517e+00 -1.436802067212827883e+00
6.910268020000300382e+00 -1.436914805852328003e+00
6.899685680000301247e+00 -1.437027888631251527e+00
6.889103340000302111e+00 -1.437141209780659290e+00
6.878521000000302976e+00 -1.437255100507175420e+00
6.867938660000303841e+00 -1.437369194387806637e+00
6.857356320000304706e+00 -1.437483682852122246e+00
6.846773980000305571e+00 -1.437598545083396351e+00
6.836191640000306435e+00 -1.437713684872258035e+00
6.825609300000307300e+00 -1.437829222778539640e+00
6.815026960000308165e+00 -1.437945104540542918e+00
6.804444620000309030e+00 -1.438061354711970941e+00
6.793862280000309894e+00 -1.438177899881748711e+00
6.783279940000310759e+00 -1.438294893814790809e+00
6.772697600000311624e+00 -1.438412204727151700e+00
6.762115260000312489e+00 -1.438529955610415634e+00
6.751532920000313354e+00 -1.438648017864808448e+00
6.740950580000314218e+00 -1.438766369785114740e+00
6.730368240000315083e+00 -1.438885298066109542e+00
6.719785900000315948e+00 -1.439004407801235397e+00
6.709203560000316813e+00 -1.439123964589275051e+00
6.698621220000317678e+00 -1.439243890459189323e+00
6.688038880000318542e+00 -1.439364189072779299e+00
6.677456540000319407e+00 -1.439484850798153914e+00
6.666874200000320272e+00 -1.439605895073137631e+00
6.656291860000321137e+00 -1.439727368389920770e+00
6.645709520000322001e+00 -1.439849187780692708e+00
6.635127180000322866e+00 -1.439971406599251047e+00
6.624544840000323731e+00 -1.440094002903755666e+00
6.613962500000324596e+00 -1.440216961961691799e+00
6.603380160000325461e+00 -1.440340368172200902e+00
6.592797820000326325e+00 -1.440464187374443927e+00
6.582215480000327190e+00 -1.440588361939486362e+00
6.571633140000328055e+00 -1.440712938749797001e+00
6.561050800000328920e+00 -1.440837917107668176e+00
6.550468460000329785e+00 -1.440963304052756078e+00
6.539886120000330649e+00 -1.441089117664145824e+00
6.529303780000331514e+00 -1.441215264647017769e+00
6.518721440000332379e+00 -1.441341855329222765e+00
6.508139100000333244e+00 -1.441468872748277175e+00
6.497556760000334108e+00 -1.441596286336874533e+00
6.486974420000334973e+00 -1.441724127177434145e+00
6.476392080000335838e+00 -1.441852373620937655e+00
6.465809740000336703e+00 -1.441981049841218443e+00
6.455227400000337568e+00 -1.442110180207278658e+00
6.444645060000338432e+00 -1.442239727222412116e+00
6.434062720000339297e+00 -1.442369612550595370e+00
6.423480380000340162e+00 -1.442499973629318477e+00
6.412898040000341027e+00 -1.442630839491046757e+00
6.402315700000341891e+00 -1.442762016645590339e+00
6.391733360000342756e+00 -1.442893694269363536e+00
6.381151020000343621e+00 -1.443025763794275829e+00
6.370568680000344486e+00 -1.443158306653887113e+00
6.359986340000345351e+00 -1.443291253642443372e+00
6.349404000000346215e+00 -1.443424676793053418e+00
6.338821660000347080e+00 -1.443558555105461050e+00
6.328239320000347945e+00 -1.443692868306560850e+00
6.317656980000348810e+00 -1.443827642630594044e+00
6.307074640000349675e+00 -1.443962854391284356e+00
6.296492300000350539e+00 -1.444098533756376312e+00
6.285909960000351404e+00 -1.444234657595299121e+00
6.275327620000352269e+00 -1.444371253283187162e+00
6.264745280000353134e+00 -1.444508293745052185e+00
6.254162940000353998e+00 -1.444645801576540878e+00
6.243580600000354863e+00 -1.444783755259342106e+00
6.232998260000355728e+00 -1.444922180330324490e+00
6.222415920000356593e+00 -1.445061196363017331e+00
6.211833580000357458e+00 -1.445200578836367988e+00
6.201251240000358322e+00 -1.445340465845547318e+00
6.190668900000359187e+00 -1.445480809442287740e+00
6.180086560000360052e+00 -1.445621650244482304e+00
6.169504220000360917e+00 -1.445762981039408368e+00
6.158921880000361782e+00 -1.445904781547164841e+00
6.148339540000362646e+00 -1.446047074210490946e+00
6.137757200000363511e+00 -1.446189862309017027e+00
6.127174860000364376e+00 -1.446333161057668404e+00
6.116592520000365241e+00 -1.446476935806146891e+00
6.106010180000366105e+00 -1.446621224986917920e+00
6.095427840000366970e+00 -1.446766003286842128e+00
6.084845500000367835e+00 -1.446911299774074955e+00
6.074263160000368700e+00 -1.447057111069597557e+00
6.063680820000369565e+00 -1.447203402243665726e+00
6.053098480000370429e+00 -1.447350239906937119e+00
6.042516140000371294e+00 -1.447497569376118287e+00
6.031933800000372159e+00 -1.447645434743975557e+00
6.021351460000373024e+00 -1.447793796415731027e+00
6.010769120000373889e+00 -1.447942668773025909e+00
6.000186780000374753e+00 -1.448092154605375548e+00
5.989604440000375618e+00 -1.448242121421511541e+00
5.979022100000376483e+00 -1.448392609233449146e+00
5.968439760000377348e+00 -1.448543645801662061e+00
5.957857420000378212e+00 -1.448695217090904430e+00
5.947275080000379077e+00 -1.448847323854117963e+00
5.936692740000379942e+00 -1.448999985988328909e+00
5.926110400000380807e+00 -1.449153172805390355e+00
5.915528060000381672e+00 -1.449306900590997094e+00
5.904945720000382536e+00 -1.449461190213155781e+00
5.894363380000383401e+00 -1.449616023740593729e+00
5.883781040000384266e+00 -1.449771549184667663e+00
5.873198700000385131e+00 -1.449927521043988143e+00
5.862616360000385995e+00 -1.450084080204957271e+00
5.852034020000386860e+00 -1.450241170603670859e+00
5.841451680000387725e+00 -1.450398882802590217e+00
5.830869340000388590e+00 -1.450557121108183800e+00
5.820287000000389455e+00 -1.450715941699865397e+00
5.809704660000390319e+00 -1.450875333157827463e+00
5.799122320000391184e+00 -1.451035301767083174e+00
5.788539980000392049e+00 -1.451195985769086150e+00
5.777957640000392914e+00 -1.451357136270603254e+00
5.767375300000393779e+00 -1.451518890676614770e+00
5.756792960000394643e+00 -1.451681274341493078e+00
5.746210620000395508e+00 -1.451844219842711281e+00
5.735628280000396373e+00 -1.452007785527231309e+00
5.725045940000397238e+00 -1.452171869057059306e+00
5.714463600000398102e+00 -1.452336727255044035e+00
5.703881260000398967e+00 -1.452502099476181252e+00
5.693298920000399832e+00 -1.452668103837186919e+00
5.682716580000400697e+00 -1.452834710196882151e+00
5.672134240000401562e+00 -1.453001956827136842e+00
5.661551900000402426e+00 -1.453169839912433314e+00
5.650969560000403291e+00 -1.453338255824733194e+00
5.640387220000404156e+00 -1.453507462437543474e+00
5.629804880000405021e+00 -1.453677194178971899e+00
5.619222540000405886e+00 -1.453847461946771835e+00
5.608640200000406750e+00 -1.454018557379080034e+00
5.598057860000407615e+00 -1.454190214460136854e+00
5.587475520000408480e+00 -1.454362504813797807e+00
5.576893180000409345e+00 -1.454535471501686272e+00
5.566310840000410209e+00 -1.454709070691321493e+00
5.555728500000411074e+00 -1.454883329001816827e+00
5.545146160000411939e+00 -1.455058268172687130e+00
5.534563820000412804e+00 -1.455233844774405094e+00
5.523981480000413669e+00 -1.455410092575077252e+00
5.513399140000414533e+00 -1.455587007260024102e+00
5.502816800000415398e+00 -1.455764581983108652e+00
5.492234460000416263e+00 -1.455942847169031218e+00
5.481652120000417128e+00 -1.456121772555908578e+00
5.471069780000417992e+00 -1.456301403771555369e+00
5.460487440000418857e+00 -1.456481690149320718e+00
5.449905100000419722e+00 -1.456662710484599499e+00
5.439322760000420587e+00 -1.456844364909866796e+00
5.428740420000421452e+00 -1.457026778192805239e+00
5.418158080000422316e+00 -1.457209816100152544e+00
5.407575740000423181e+00 -1.457393610298096664e+00
5.396993400000424046e+00 -1.457578109129246569e+00
5.386411060000424911e+00 -1.457763269163148800e+00
5.375828720000425776e+00 -1.457949185961648464e+00
5.365246380000426640e+00 -1.458135828535128464e+00
5.354664040000427505e+00 -1.458323141295202019e+00
5.344081700000428370e+00 -1.458511227694907042e+00
5.333499360000429235e+00 -1.458700011544685538e+00
5.322917020000430099e+00 -1.458889529772073201e+00
5.312334680000430964e+00 -1.459079795079724295e+00
5.301752340000431829e+00 -1.459270791136178858e+00
5.291170000000432694e+00 -1.459462499994696127e+00
5.280587660000433559e+00 -1.459654993823472191e+00
5.270005320000434423e+00 -1.459848276508356690e+00
5.259422980000435288e+00 -1.460042165602523090e+00
5.248840640000436153e+00 -1.460237031203761360e+00
5.238258300000437018e+00 -1.460432404971924170e+00
5.227675960000437883e+00 -1.460628769096234958e+00
5.217093620000438747e+00 -1.460825759169593674e+00
5.206511280000439612e+00 -1.461023537272510886e+00
5.195928940000440477e+00 -1.461222251470943645e+00
5.185346600000441342e+00 -1.461421382905398803e+00
5.174764260000442206e+00 -1.461621692174529308e+00
5.164181920000443071e+00 -1.461822599611271922e+00
5.153599580000443936e+00 -1.462024374916214287e+00
5.143017240000444801e+00 -1.462226866426657779e+00
5.132434900000445666e+00 -1.462430188764399119e+00
5.121852560000446530e+00 -1.462634323089492483e+00
5.111270220000447395e+00 -1.462839278439797663e+00
5.100687880000448260e+00 -1.463045010646817357e+00
5.090105540000449125e+00 -1.463251587674275545e+00
5.079523200000449989e+00 -1.463458976523414501e+00
5.068940860000450854e+00 -1.463667191029571324e+00
5.058358520000451719e+00 -1.463876238120058737e+00
5.047776180000452584e+00 -1.464086118726602326e+00
5.037193840000453449e+00 -1.464296823512516443e+00
5.026611500000454313e+00 -1.464508410080537448e+00
5.016029160000455178e+00 -1.464720787151795101e+00
5.005446820000456043e+00 -1.464934056601078005e+00
4.994864480000456908e+00 -1.465148153320126045e+00
4.984282140000457773e+00 -1.465363135906655678e+00
4.973699800000458637e+00 -1.465578932316119687e+00
4.963117460000459502e+00 -1.465795675307831836e+00
4.952535120000460367e+00 -1.466013184004862246e+00
4.941952780000461232e+00 -1.466231679813102318e+00
4.931370440000462096e+00 -1.466450958233205926e+00
4.920788100000462961e+00 -1.466671197223562206e+00
4.910205760000463826e+00 -1.466892295198475749e+00
4.899623420000464691e+00 -1.467114243310694288e+00
4.889041080000465556e+00 -1.467337194052464877e+00
4.878458740000466420e+00 -1.467560868081748016e+00
4.867876400000467285e+00 -1.467785714592936053e+00
4.857294060000468150e+00 -1.468011127692176565e+00
4.846711720000469015e+00 -1.468237761978006262e+00
4.836129380000469880e+00 -1.468465152309604616e+00
4.825547040000470744e+00 -1.468693524389629523e+00
4.814964700000471609e+00 -1.468922804374941826e+00
4.804382360000472474e+00 -1.469153041697597306e+00
4.793800020000473339e+00 -1.469384196996561753e+00
4.783217680000474203e+00 -1.469616211441293396e+00
4.772635340000475068e+00 -1.469849251714695049e+00
4.762053000000475933e+00 -1.470083214565750085e+00
4.751470660000476798e+00 -1.470318133658713888e+00
4.740888320000477663e+00 -1.470554018629813608e+00
4.730305980000478527e+00 -1.470790857862027234e+00
4.719723640000479392e+00 -1.471028650489000666e+00
4.709141300000480257e+00 -1.471267431124301917e+00
4.698558960000481122e+00 -1.471507160573971573e+00
4.687976620000481986e+00 -1.471747836280455468e+00
4.677394280000482851e+00 -1.471989584632157344e+00
4.666811940000483716e+00 -1.472232262868264918e+00
4.656229600000484581e+00 -1.472475925334340907e+00
4.645647260000485446e+00 -1.472720586910905682e+00
4.635064920000486310e+00 -1.472966240771871771e+00
4.624482580000487175e+00 -1.473212870693956900e+00
4.613900240000488040e+00 -1.473460546563797102e+00
4.603317900000488905e+00 -1.473709188365969425e+00
4.592735560000489770e+00 -1.473958865538396834e+00
4.582153220000490634e+00 -1.474209555675607408e+00
4.571570880000491499e+00 -1.474461261326600159e+00
4.560988540000492364e+00 -1.474713963529563854e+00
4.550406200000493229e+00 -1.474967714017618059e+00
4.539823860000494093e+00 -1.475222501303763867e+00
4.529241520000494958e+00 -1.475478299619954692e+00
4.518659180000495823e+00 -1.475735138615482889e+00
4.508076840000496688e+00 -1.475993012568872054e+00
4.497494500000497553e+00 -1.476251961389165146e+00
4.486912160000498417e+00 -1.476511898988490445e+00
4.476329820000499282e+00 -1.476772898701126380e+00
4.465747480000500147e+00 -1.477034974038355042e+00
4.455165140000501012e+00 -1.477298080278148351e+00
4.444582800000501877e+00 -1.477562255265980395e+00
4.434000460000502741e+00 -1.477827487390691585e+00
4.423418120000503606e+00 -1.478093776048822194e+00
4.412835780000504471e+00 -1.478361120714232868e+00
4.402253440000505336e+00 -1.478629556186938920e+00
4.391671100000506200e+00 -1.478899052775713319e+00
4.381088760000507065e+00 -1.479169601713624216e+00
4.370506420000507930e+00 -1.479441245206577937e+00
4.359924080000508795e+00 -1.479713959149379532e+00
4.349341740000509660e+00 -1.479987752243121957e+00
4.338759400000510524e+00 -1.480262625897688089e+00
4.328177060000511389e+00 -1.480538570869463166e+00
4.317594720000512254e+00 -1.480815601248090640e+00
4.307012380000513119e+00 -1.481093727213615319e+00
4.296430040000513984e+00 -1.481372930556333900e+00
4.285847700000514848e+00 -1.481653211010337312e+00
4.275265360000515713e+00 -1.481934609012387050e+00
4.264683020000516578e+00 -1.482217052086912012e+00
4.254100680000517443e+00 -1.482500614334139044e+00
4.243518340000518307e+00 -1.482785279470214546e+00
4.232936000000519172e+00 -1.483070998492182602e+00
4.222353660000520037e+00 -1.483357820729721777e+00
4.211771320000520902e+00 -1.483645761436467758e+00
4.201188980000521767e+00 -1.483934758652075914e+00
4.190606640000522631e+00 -1.484224858338198949e+00
4.180024300000523496e+00 -1.484516051059076913e+00
4.169441960000524361e+00 -1.484808341466428816e+00
4.158859620000525226e+00 -1.485101681918759908e+00
4.148277280000526090e+00 -1.485396165803941182e+00
4.137694940000526955e+00 -1.485691685278964336e+00
4.127112600000527820e+00 -1.485988305774434748e+00
4.116530260000528685e+00 -1.486286022842962407e+00
4.105947920000529550e+00 -1.486584806207374765e+00
4.095365580000530414e+00 -1.486884662918882105e+00
4.084783240000531279e+00 -1.487185617723970399e+00
4.074200900000532144e+00 -1.487487616541511626e+00
4.063618560000533009e+00 -1.487790700332512595e+00
4.053036220000533874e+00 -1.488094859999540276e+00
4.042453880000534738e+00 -1.488400074377825177e+00
4.031871540000535603e+00 -1.488706310872535354e+00
4.021289200000536468e+00 -1.489013646706830007e+00
4.010706860000537333e+00 -1.489322026499690921e+00
4.000124520000538197e+00 -1.489631414827687905e+00
3.989542180000539062e+00 -1.489941880387608775e+00
3.978959840000539927e+00 -1.490253351712203411e+00
3.968377500000540792e+00 -1.490565886191643763e+00
3.957795160000541657e+00 -1.490879403885509547e+00
3.947212820000542521e+00 -1.491193938080027648e+00
3.936630480000543386e+00 -1.491509490861035792e+00
3.926048140000544251e+00 -1.491826006350115863e+00
3.915465800000545116e+00 -1.492143538916022916e+00
3.904883460000545981e+00 -1.492462062589628990e+00
3.894301120000546845e+00 -1.492781539957835912e+00
3.883718780000547710e+00 -1.493101971494613656e+00
3.873136440000548575e+00 -1.493423392045511777e+00
3.862554100000549440e+00 -1.493745733789317187e+00
3.851971760000550304e+00 -1.494068972871278378e+00
3.841389420000551169e+00 -1.494393193168652711e+00
3.830807080000552034e+00 -1.494718287744295271e+00
3.820224740000552899e+00 -1.495044278492398737e+00
3.809642400000553764e+00 -1.495371167057100159e+00
3.799060060000554628e+00 -1.495698908321187126e+00
3.788477720000555493e+00 -1.496027493103245565e+00
3.777895380000556358e+00 -1.496356962133307267e+00
3.767313040000557223e+00 -1.496687225554881762e+00
3.756730700000558087e+00 -1.497018287074644682e+00
3.746148360000558952e+00 -1.497350179862113162e+00
3.735566020000559817e+00 -1.497682807303312158e+00
3.724983680000560682e+00 -1.498016209561584100e+00
3.714401340000561547e+00 -1.498350372119571228e+00
3.703819000000562411e+00 -1.498685227002133358e+00
3.693236660000563276e+00 -1.499020781278312286e+00
3.682654320000564141e+00 -1.499357050123938606e+00
3.672071980000565006e+00 -1.499693947501665736e+00
3.661489640000565871e+00 -1.500031479039299009e+00
3.650907300000566735e+00 -1.500369662414156036e+00
3.640324960000567600e+00 -1.500708401222923927e+00
3.629742620000568465e+00 -1.501047719507421441e+00
3.619160280000569330e+00 -1.501387602371525354e+00
3.608577940000570194e+00 -1.501727965903839390e+00
3.597995600000571059e+00 -1.502068825809976582e+00
3.587413260000571924e+00 -1.502410183978733604e+00
3.576830920000572789e+00 -1.502751947724429771e+00
3.566248580000573654e+00 -1.503094053641443439e+00
3.555666240000574518e+00 -1.503436689808790083e+00
3.545083900000575383e+00 -1.503779568778923492e+00
3.534501560000576248e+00 -1.504122745951456119e+00
3.523919220000577113e+00 -1.504466297168195688e+00
3.513336880000577978e+00 -1.504810030788868325e+00
3.502754540000578842e+00 -1.505153974982072818e+00
3.492172200000579707e+00 -1.505498136619079830e+00
3.481589860000580572e+00 -1.505842404558125125e+00
3.471007520000581437e+00 -1.506186772976485511e+00
3.460425180000582301e+00 -1.506531216103021764e+00
3.449842840000583166e+00 -1.506875729349542947e+00
3.439260500000584031e+00 -1.507220209660876220e+00
3.428678160000584896e+00 -1.507564611541166499e+00
3.418095820000585761e+00 -1.507908911306257371e+00
3.407513480000586625e+00 -1.508253110931045970e+00
3.396931140000587490e+00 -1.508597087769941947e+00
3.386348800000588355e+00 -1.508940827230489612e+00
3.375766460000589220e+00 -1.509284334412187123e+00
3.365184120000590084e+00 -1.509627475204696978e+00
3.354601780000590949e+00 -1.509970232450053906e+00
3.344019440000591814e+00 -1.510312595005458336e+00
3.333437100000592679e+00 -1.510654470146356010e+00
3.322854760000593544e+00 -1.510995803734303866e+00
3.312272420000594408e+00 -1.511336599884473664e+00
3.301690080000595273e+00 -1.511676714639575314e+00
3.291107740000596138e+00 -1.512016159276063476e+00
3.280525400000597003e+00 -1.512354825773425171e+00
3.269943060000597868e+00 -1.512692679643531379e+00
3.259360720000598732e+00 -1.513029645741122309e+00
3.248778380000599597e+00 -1.513365728814238143e+00
3.238196040000600462e+00 -1.513700807061145737e+00
3.227613700000601327e+00 -1.514034760270078106e+00
3.217031360000602191e+00 -1.514367662248886637e+00
3.206449020000603056e+00 -1.514699346810686631e+00
3.195866680000603921e+00 -1.515029715697423951e+00
3.185284340000604786e+00 -1.515358843033179914e+00
3.174702000000605651e+00 -1.515686504332190765e+00
3.164119660000606515e+00 -1.516012686085907779e+00
3.153537320000607380e+00 -1.516337378746094755e+00
3.142954980000608245e+00 -1.516660390110905254e+00
3.132372640000609110e+00 -1.516981689523252408e+00
3.121790300000609975e+00 -1.517301204117779800e+00
3.111207960000610839e+00 -1.517618923097979966e+00
3.100625620000611704e+00 -1.517934613038808500e+00
3.090043280000612569e+00 -1.518248366305505748e+00
3.079460940000613434e+00 -1.518559921944235835e+00
3.068878600000614298e+00 -1.518869284803970432e+00
3.058296260000615163e+00 -1.519176425837821753e+00
3.047713920000616028e+00 -1.519481101009222401e+00
3.037131580000616893e+00 -1.519783335765233723e+00
3.026549240000617758e+00 -1.520083039064469288e+00
3.015966900000618622e+00 -1.520380052223761602e+00
3.005384560000619487e+00 -1.520674253751809868e+00
2.994802220000620352e+00 -1.520965685717752258e+00
2.984219880000621217e+00 -1.521254082646062100e+00
2.973637540000622081e+00 -1.521539423790462919e+00
2.963055200000622946e+00 -1.521821670877456567e+00
2.952472860000623811e+00 -1.522100547268152804e+00
2.941890520000624676e+00 -1.522376045497216390e+00
2.931308180000625541e+00 -1.522648121794539788e+00
2.920725840000626405e+00 -1.522916551619182046e+00
2.910143500000627270e+00 -1.523181198336874820e+00
2.899561160000628135e+00 -1.523442042298571941e+00
2.888978820000629000e+00 -1.523698912200909250e+00
2.878396480000629865e+00 -1.523951729835195446e+00
2.867814140000630729e+00 -1.524200294894396901e+00
2.857231800000631594e+00 -1.524444465721862763e+00
2.846649460000632459e+00 -1.524684274390988747e+00
2.836067120000633324e+00 -1.524919372209942114e+00
2.825484780000634188e+00 -1.525149774376043377e+00
2.814902440000635053e+00 -1.525375338773253597e+00
2.804320100000635918e+00 -1.525595798787480861e+00
2.793737760000636783e+00 -1.525811093075069902e+00
2.783155420000637648e+00 -1.526021147180868232e+00
2.772573080000638512e+00 -1.526225705231863072e+00
2.761990740000639377e+00 -1.526424587634922725e+00
2.751408400000640242e+00 -1.526617826594994121e+00
2.740826060000641107e+00 -1.526805049125141034e+00
2.730243720000641972e+00 -1.526986149903107659e+00
2.719661380000642836e+00 -1.527161094158904442e+00
2.709079040000643701e+00 -1.527329572252773326e+00
2.698496700000644566e+00 -1.527491370039764762e+00
2.687914360000645431e+00 -1.527646492208064144e+00
2.677332020000646295e+00 -1.527794647144327778e+00
2.666749680000647160e+00 -1.527935527136151883e+00
2.656167340000648025e+00 -1.528069268685676274e+00
2.645585000000648890e+00 -1.528195338684517735e+00
2.635002660000649755e+00 -1.528313706478267697e+00
2.624420320000650619e+00 -1.528424277418600097e+00
2.613837980000651484e+00 -1.528526553997337389e+00
2.603255640000652349e+00 -1.528620585930161369e+00
2.592673300000653214e+00 -1.528706107238212430e+00
2.582090960000654078e+00 -1.528782815294985609e+00
2.571508620000654943e+00 -1.528850455349037629e+00
2.560926280000655808e+00 -1.528909017948742788e+00
2.550343940000656673e+00 -1.528958003090408413e+00
2.539761600000657538e+00 -1.528997275394017308e+00
2.529179260000658402e+00 -1.529026765607520488e+00
2.518596920000659267e+00 -1.529045864244866326e+00
2.508014580000660132e+00 -1.529054592188159534e+00
2.497432240000660997e+00 -1.529052650978922845e+00
2.486849900000661862e+00 -1.529039695164965407e+00
2.476267560000662726e+00 -1.529015371631342823e+00
2.465685220000663591e+00 -1.528979616441062062e+00
2.455102880000664456e+00 -1.528932025437148567e+00
2.444520540000665321e+00 -1.528872234115858486e+00
2.433938200000666185e+00 -1.528800186116127335e+00
2.423355860000667050e+00 -1.528715138395369655e+00
2.412773520000667915e+00 -1.528617175533303341e+00
2.402191180000668780e+00 -1.528505847463249356e+00
2.391608840000669645e+00 -1.528380796445639067e+00
2.381026500000670509e+00 -1.528241588468202794e+00
2.370444160000671374e+00 -1.528088027262146875e+00
2.359861820000672239e+00 -1.527919697492982065e+00
2.349279480000673104e+00 -1.527736300222720667e+00
2.338697140000673969e+00 -1.527537384818166588e+00
2.328114800000674833e+00 -1.527322415387795784e+00
2.317532460000675698e+00 -1.527091400667975885e+00
2.306950120000676563e+00 -1.526843523539778591e+00
2.296367780000677428e+00 -1.526578644850124844e+00
2.285785440000678292e+00 -1.526296221614108273e+00
2.275203100000679157e+00 -1.525995714352627486e+00
2.264620760000680022e+00 -1.525676907351368294e+00
2.254038420000680887e+00 -1.525339266830670670e+00
2.243456080000681752e+00 -1.524982338293007000e+00
2.232873740000682616e+00 -1.524605437706266775e+00
2.222291400000683481e+00 -1.524208492304886420e+00
2.211709060000684346e+00 -1.523790589904894466e+00
2.201126720000685211e+00 -1.523351388977653098e+00
2.190544380000686076e+00 -1.522890539912959973e+00
2.179962040000686940e+00 -1.522407031854653647e+00
2.169379700000687805e+00 -1.521900813160510291e+00
2.158797360000688670e+00 -1.521371090162362050e+00
2.148215020000689535e+00 -1.520817313256483061e+00
2.137632680000690399e+00 -1.520238700776983309e+00
2.127050340000691264e+00 -1.519635052710789136e+00
2.116468000000692129e+00 -1.519005358276279249e+00
2.105885660000692994e+00 -1.518349104653095472e+00
2.095303320000693859e+00 -1.517665887461568053e+00
2.084720980000694723e+00 -1.516954446964519976e+00
2.074138640000695588e+00 -1.516214736489941872e+00
2.063556300000696453e+00 -1.515445742063507462e+00
2.052973960000697318e+00 -1.514646729874024267e+00
2.042391620000698182e+00 -1.513816762199221122e+00
2.031809280000699047e+00 -1.512955636120131730e+00
2.021226940000699912e+00 -1.512061946438045146e+00
2.010644600000700777e+00 -1.511135319167534741e+00
2.000062260000701642e+00 -1.510174925172787619e+00
1.989479920000702506e+00 -1.509179429786702498e+00
1.978897580000703371e+00 -1.508148543559961974e+00
1.968315240000704236e+00 -1.507081138226081807e+00
1.957732900000705101e+00 -1.505976318559625104e+00
1.947150560000705966e+00 -1.504832851282635220e+00
1.936568220000706830e+00 -1.503650212310711387e+00
1.925985880000707695e+00 -1.502427310478218203e+00
1.915403540000708560e+00 -1.501162977166750956e+00
1.904821200000709425e+00 -1.499856475418444690e+00
1.894238860000710289e+00 -1.498506093056968691e+00
1.883656520000711154e+00 -1.497111416364569569e+00
1.873074180000712019e+00 -1.495670957782330612e+00
1.862491840000712884e+00 -1.494183684039080529e+00
1.851909500000713749e+00 -1.492648093822881883e+00
1.841327160000714613e+00 -1.491063200676364442e+00
1.830744820000715478e+00 -1.489427863642935224e+00
1.820162480000716343e+00 -1.487740578430295502e+00
1.809580140000717208e+00 -1.486000007888659713e+00
1.798997800000718073e+00 -1.484204441662714702e+00
1.788415460000718937e+00 -1.482353257888080922e+00
1.777833120000719802e+00 -1.480444190670049620e+00
1.767250780000720667e+00 -1.478476210615408570e+00
1.756668440000721532e+00 -1.476447479886276115e+00
1.746086100000722396e+00 -1.474356178475775270e+00
1.735503760000723261e+00 -1.472201310569989596e+00
1.724921420000724126e+00 -1.469980698053546808e+00
1.714339080000724991e+00 -1.467692712133603195e+00
1.703756740000725856e+00 -1.465335073829456380e+00
1.693174400000726720e+00 -1.462906874774569488e+00
1.682592060000727585e+00 -1.460405081321156207e+00
1.672009720000728450e+00 -1.457828353863117599e+00
1.661427380000729315e+00 -1.455174736602472985e+00
1.650845040000730179e+00 -1.452441257085995252e+00
1.640262700000731044e+00 -1.449626734301154629e+00
1.629680360000731909e+00 -1.446728262597349657e+00
1.619098020000732774e+00 -1.443743781657525815e+00
1.608515680000733639e+00 -1.440670244805672073e+00
1.597933340000734503e+00 -1.437506214065075394e+00
1.587351000000735368e+00 -1.434248132491592553e+00
1.576768660000736233e+00 -1.430893515511793890e+00
1.566186320000737098e+00 -1.427440324602067490e+00
1.555603980000737963e+00 -1.423884478794757991e+00
1.545021640000738827e+00 -1.420224177275535293e+00
1.534439300000739692e+00 -1.416455666434322191e+00
1.523856960000740557e+00 -1.412576206291684899e+00
1.513274620000741422e+00 -1.408581629915202749e+00
1.502692280000742286e+00 -1.404470061254704749e+00
1.492109940000743151e+00 -1.400236577797888238e+00
1.481527600000744016e+00 -1.395878216832924679e+00
1.470945260000744881e+00 -1.391391502133492830e+00
1.460362920000745746e+00 -1.386771519866586422e+00
1.449780580000746610e+00 -1.382015519331047049e+00
1.439198240000747475e+00 -1.377118598773354963e+00
1.428615900000748340e+00 -1.372076861066677145e+00
1.418033560000749205e+00 -1.366884908204793803e+00
1.407451220000750070e+00 -1.361539325725259264e+00
1.396868880000750934e+00 -1.356035127447564381e+00
1.386286540000751799e+00 -1.350366736659439848e+00
1.375704200000752664e+00 -1.344529904900467532e+00
1.365121860000753529e+00 -1.338517917801662183e+00
1.354539520000754393e+00 -1.332326992021225287e+00
1.343957180000755258e+00 -1.325950312086364713e+00
1.333374840000756123e+00 -1.319382533723850282e+00
1.322792500000756988e+00 -1.312616841064143003e+00
1.312210160000757853e+00 -1.305646917888928060e+00
1.301627820000758717e+00 -1.298467384091851029e+00
1.291045480000759582e+00 -1.291069935903188970e+00
1.280463140000760447e+00 -1.283448503602167445e+00
1.269880800000761312e+00 -1.275594193316194946e+00
1.259298460000762176e+00 -1.267501363543479975e+00
1.248716120000763041e+00 -1.259160386042027513e+00
1.238133780000763906e+00 -1.250564017894502555e+00
1.227551440000764771e+00 -1.241702288628572459e+00
1.216969100000765636e+00 -1.232566707826379560e+00
1.206386760000766500e+00 -1.223149284998297448e+00
1.195804420000767365e+00 -1.213438773754789368e+00
1.185222080000768230e+00 -1.203425902849426299e+00
1.174639740000769095e+00 -1.193098372025917175e+00
1.164057400000769960e+00 -1.182447717443508184e+00
1.153475060000770824e+00 -1.171460392506451509e+00
1.142892720000771689e+00 -1.160125118152499413e+00
1.132310380000772554e+00 -1.148430153036567480e+00
1.121728040000773419e+00 -1.136360154249635990e+00
1.111145700000774283e+00 -1.123904387394911941e+00
1.100563360000775148e+00 -1.111046643143933421e+00
1.089981020000776013e+00 -1.097773352953416159e+00
1.079398680000776878e+00 -1.084066643469322688e+00
1.068816340000777743e+00 -1.069913675593121560e+00
1.058234000000778607e+00 -1.055294869666166813e+00
