1.058234000000000030e+01 -1.411231563576057502e+00
1.057175766000000117e+01 -1.411280088014023271e+00
1.056117532000000203e+01 -1.411328815307380635e+00
1.055059298000000290e+01 -1.411377576780589838e+00
1.054001064000000376e+01 -1.411426445615353797e+00
1.052942830000000463e+01 -1.411475418597136322e+00
1.051884596000000549e+01 -1.411524482022726623e+00
1.050826362000000636e+01 -1.411573647618934668e+00
1.049768128000000722e+01 -1.411622907573851116e+00
1.048709894000000808e+01 -1.411672270131986817e+00
1.047651660000000895e+01 -1.411721728229357709e+00
1.046593426000000981e+01 -1.411771289056377388e+00
1.045535192000001068e+01 -1.411820949779003520e+00
1.044476958000001154e+01 -1.411870705563755379e+00
1.043418724000001241e+01 -1.411920566694278234e+00
1.042360490000001327e+01 -1.411970523023464485e+00
1.041302256000001414e+01 -1.412020585133655581e+00
1.040244022000001500e+01 -1.412070747923434899e+00
1.039185788000001587e+01 -1.412121007727465072e+00
1.038127554000001673e+01 -1.412171369777968311e+00
1.037069320000001760e+01 -1.412221837221316667e+00
1.036011086000001846e+01 -1.412272407463470492e+00
1.034952852000001933e+01 -1.412323075451544119e+00
1.033894618000002019e+01 -1.412373851624046273e+00
1.032836384000002106e+01 -1.412424725650156310e+00
1.031778150000002192e+01 -1.412475704206105132e+00
1.030719916000002279e+01 -1.412526794926550533e+00
1.029661682000002365e+01 -1.412577980316429338e+00
1.028603448000002452e+01 -1.412629275812689267e+00
1.027545214000002538e+01 -1.412680670700274144e+00
1.026486980000002625e+01 -1.412732175868300022e+00
1.025428746000002711e+01 -1.412783782114717779e+00
1.024370512000002797e+01 -1.412835497678312180e+00
1.023312278000002884e+01 -1.412887315186152737e+00
1.022254044000002970e+01 -1.412939244282852558e+00
1.021195810000003057e+01 -1.412991279557008317e+00
1.020137576000003143e+01 -1.413043417168227345e+00
1.019079342000003230e+01 -1.413095667649328258e+00
1.018021108000003316e+01 -1.413148020281715267e+00
1.016962874000003403e+01 -1.413200486322987448e+00
1.015904640000003489e+01 -1.413253056358988013e+00
1.014846406000003576e+01 -1.413305738683862778e+00
1.013788172000003662e+01 -1.413358526627769285e+00
1.012729938000003749e+01 -1.413411427613372906e+00
1.011671704000003835e+01 -1.413464438930427614e+00
1.010613470000003922e+01 -1.413517555218347210e+00
1.009555236000004008e+01 -1.413570787541452489e+00
1.008497002000004095e+01 -1.413624125001094578e+00
1.007438768000004181e+01 -1.413677579059471778e+00
1.006380534000004268e+01 -1.413731140109768303e+00
1.005322300000004354e+01 -1.413784816318780724e+00
1.004264066000004441e+01 -1.413838601856661104e+00
1.003205832000004527e+01 -1.413892503017811109e+00
1.002147598000004614e+01 -1.413946517766783595e+00
1.001089364000004700e+01 -1.414000640645930007e+00
1.000031130000004786e+01 -1.414054882801245583e+00
9.989728960000048730e+00 -1.414109233107488706e+00
9.979146620000049595e+00 -1.414163703330187039e+00
9.968564280000050459e+00 -1.414218283676669463e+00
9.957981940000051324e+00 -1.414272982626234798e+00
9.947399600000052189e+00 -1.414327793519549514e+00
9.936817260000053054e+00 -1.414382723802647845e+00
9.926234920000053918e+00 -1.414437770891040280e+00
9.915652580000054783e+00 -1.414492929148215117e+00
9.905070240000055648e+00 -1.414548210111710613e+00
9.894487900000056513e+00 -1.414603602406138583e+00
9.883905560000057378e+00 -1.414659118042298935e+00
9.873323220000058242e+00 -1.414714751424317685e+00
9.862740880000059107e+00 -1.414770497806766780e+00
9.852158540000059972e+00 -1.414826364313588103e+00
9.841576200000060837e+00 -1.414882353246085245e+00
9.830993860000061701e+00 -1.414938462404092823e+00
9.820411520000062566e+00 -1.414994686094514176e+00
9.809829180000063431e+00 -1.415051036003993401e+00
9.799246840000064296e+00 -1.415107500507062355e+00
9.788664500000065161e+00 -1.415164087495844658e+00
9.778082160000066025e+00 -1.415220804725705994e+00
9.767499820000066890e+00 -1.415277633390871870e+00
9.756917480000067755e+00 -1.415334590696907702e+00
9.746335140000068620e+00 -1.415391664430186047e+00
9.735752800000069485e+00 -1.415448867037373271e+00
9.725170460000070349e+00 -1.415506188345224681e+00
9.714588120000071214e+00 -1.415563637073317782e+00
9.704005780000072079e+00 -1.415621205577366926e+00
9.693423440000072944e+00 -1.415678904192405607e+00
9.682841100000073808e+00 -1.415736727868111000e+00
9.672258760000074673e+00 -1.415794671071229249e+00
9.661676420000075538e+00 -1.415852746414931751e+00
9.651094080000076403e+00 -1.415910941762958730e+00
9.640511740000077268e+00 -1.415969269812786591e+00
9.629929400000078132e+00 -1.416027720112088772e+00
9.619347060000078997e+00 -1.416086301521568558e+00
9.608764720000079862e+00 -1.416145007376357512e+00
9.598182380000080727e+00 -1.416203845164980102e+00
9.587600040000081592e+00 -1.416262812565855400e+00
9.577017700000082456e+00 -1.416321903402960825e+00
9.566435360000083321e+00 -1.416381130134662270e+00
9.555853020000084186e+00 -1.416440480455181783e+00
9.545270680000085051e+00 -1.416499967463512144e+00
9.534688340000085915e+00 -1.416559580437441568e+00
9.524106000000086780e+00 -1.416619328348967644e+00
9.513523660000087645e+00 -1.416679204549950333e+00
9.502941320000088510e+00 -1.416739216537564738e+00
9.492358980000089375e+00 -1.416799362070668256e+00
9.481776640000090239e+00 -1.416859634809061630e+00
9.471194300000091104e+00 -1.416920047491990298e+00
9.460611960000091969e+00 -1.416980587530577873e+00
9.450029620000092834e+00 -1.417041268359358286e+00
9.439447280000093699e+00 -1.417102079023391248e+00
9.428864940000094563e+00 -1.417163028618571685e+00
9.418282600000095428e+00 -1.417224110499618384e+00
9.407700260000096293e+00 -1.417285332173271906e+00
9.397117920000097158e+00 -1.417346691486393695e+00
9.386535580000098022e+00 -1.417408181927769517e+00
9.375953240000098887e+00 -1.417469816527093363e+00
9.365370900000099752e+00 -1.417531582401969414e+00
9.354788560000100617e+00 -1.417593493336787080e+00
9.344206220000101482e+00 -1.417655542538048152e+00
9.333623880000102346e+00 -1.417717725993567157e+00
9.323041540000103211e+00 -1.417780050415973214e+00
9.312459200000104076e+00 -1.417842518551160280e+00
9.301876860000104941e+00 -1.417905128776734358e+00
9.291294520000105805e+00 -1.417967874202187950e+00
9.280712180000106670e+00 -1.418030768125294383e+00
9.270129840000107535e+00 -1.418093797435904246e+00
9.259547500000108400e+00 -1.418156971501374430e+00
9.248965160000109265e+00 -1.418220298124790890e+00
9.238382820000110129e+00 -1.418283757022110958e+00
9.227800480000110994e+00 -1.418347367565282235e+00
9.217218140000111859e+00 -1.418411115597306926e+00
9.206635800000112724e+00 -1.418475015609183432e+00
9.196053460000113589e+00 -1.418539056188560465e+00
9.185471120000114453e+00 -1.418603246630031567e+00
9.174888780000115318e+00 -1.418667579017748315e+00
9.164306440000116183e+00 -1.418732065074968629e+00
9.153724100000117048e+00 -1.418796698029193504e+00
9.143141760000117912e+00 -1.418861473462158962e+00
9.132559420000118777e+00 -1.418926404524805562e+00
9.121977080000119642e+00 -1.418991477497061116e+00
9.111394740000120507e+00 -1.419056707375785376e+00
9.100812400000121372e+00 -1.419122082152588060e+00
9.090230060000122236e+00 -1.419187611415622996e+00
9.079647720000123101e+00 -1.419253288584321204e+00
9.069065380000123966e+00 -1.419319121157617491e+00
9.058483040000124831e+00 -1.419385107346475161e+00
9.047900700000125696e+00 -1.419451239981541324e+00
9.037318360000126560e+00 -1.419517533206867244e+00
9.026736020000127425e+00 -1.419583973011590450e+00
9.016153680000128290e+00 -1.419650574551637234e+00
9.005571340000129155e+00 -1.419717325656417506e+00
8.994989000000130019e+00 -1.419784235770625624e+00
8.984406660000130884e+00 -1.419851299497504327e+00
8.973824320000131749e+00 -1.419918522449272524e+00
8.963241980000132614e+00 -1.419985904373439967e+00
8.952659640000133479e+00 -1.420053437567601939e+00
8.942077300000134343e+00 -1.420121136211140334e+00
8.931494960000135208e+00 -1.420188986279143251e+00
8.920912620000136073e+00 -1.420257003243807548e+00
8.910330280000136938e+00 -1.420325174561930748e+00
8.899747940000137802e+00 -1.420393510258537439e+00
8.889165600000138667e+00 -1.420462003676992158e+00
8.878583260000139532e+00 -1.420530662320106607e+00
8.868000920000140397e+00 -1.420599484683942260e+00
8.857418580000141262e+00 -1.420668463146573801e+00
8.846836240000142126e+00 -1.420737612554516360e+00
8.836253900000142991e+00 -1.420806918205893998e+00
8.825671560000143856e+00 -1.420876396116078189e+00
8.815089220000144721e+00 -1.420946038548779544e+00
8.804506880000145586e+00 -1.421015840151312215e+00
8.793924540000146450e+00 -1.421085810289738127e+00
8.783342200000147315e+00 -1.421155950772717391e+00
8.772759860000148180e+00 -1.421226260100391992e+00
8.762177520000149045e+00 -1.421296731214251263e+00
8.751595180000149909e+00 -1.421367377758514516e+00
8.741012840000150774e+00 -1.421438187049891777e+00
8.730430500000151639e+00 -1.421509172811354693e+00
8.719848160000152504e+00 -1.421580329414505961e+00
8.709265820000153369e+00 -1.421651650585163740e+00
8.698683480000154233e+00 -1.421723150314322615e+00
8.688101140000155098e+00 -1.421794815785171417e+00
8.677518800000155963e+00 -1.421866660942562977e+00
8.666936460000156828e+00 -1.421938674972309080e+00
8.656354120000157693e+00 -1.422010866678532715e+00
8.645771780000158557e+00 -1.422083228325782267e+00
8.635189440000159422e+00 -1.422155772353990155e+00
8.624607100000160287e+00 -1.422228492540517308e+00
8.614024760000161152e+00 -1.422301383007398723e+00
8.603442420000162016e+00 -1.422374457894341804e+00
8.592860080000162881e+00 -1.422447704111541755e+00
8.582277740000163746e+00 -1.422521135876660514e+00
8.571695400000164611e+00 -1.422594742276841018e+00
8.561113060000165476e+00 -1.422668532155845877e+00
8.550530720000166340e+00 -1.422742499367312785e+00
8.539948380000167205e+00 -1.422816652048086272e+00
8.529366040000168070e+00 -1.422890988092496922e+00
8.518783700000168935e+00 -1.422965500207951761e+00
8.508201360000169799e+00 -1.423040202860856418e+00
8.497619020000170664e+00 -1.423115082673725773e+00
8.487036680000171529e+00 -1.423190154200744129e+00
8.476454340000172394e+00 -1.423265406338949379e+00
8.465872000000173259e+00 -1.423340848029896355e+00
8.455289660000174123e+00 -1.423416473160779461e+00
8.444707320000174988e+00 -1.423492289661927979e+00
8.434124980000175853e+00 -1.423568296279268841e+00
8.423542640000176718e+00 -1.423644484735472782e+00
8.412960300000177583e+00 -1.423720870119653981e+00
8.402377960000178447e+00 -1.423797438764533574e+00
8.391795620000179312e+00 -1.423874205569706008e+00
8.381213280000180177e+00 -1.423951159232646813e+00
8.370630940000181042e+00 -1.424028308796531528e+00
8.360048600000181906e+00 -1.424105648185935769e+00
8.349466260000182771e+00 -1.424183185367220661e+00
8.338883920000183636e+00 -1.424260919209648701e+00
8.328301580000184501e+00 -1.424338841190299521e+00
8.317719240000185366e+00 -1.424416966777757754e+00
8.307136900000186230e+00 -1.424495282007079311e+00
8.296554560000187095e+00 -1.424573797483108972e+00
8.285972220000187960e+00 -1.424652550999308875e+00
8.275389880000188825e+00 -1.424731451817252914e+00
8.264807540000189690e+00 -1.424810524589686045e+00
8.254225200000190554e+00 -1.424889875487726831e+00
8.243642860000191419e+00 -1.424969392249295863e+00
8.233060520000192284e+00 -1.425049127011069450e+00
8.222478180000193149e+00 -1.425129115753805964e+00
8.211895840000194013e+00 -1.425209272268928240e+00
8.201313500000194878e+00 -1.425289506694264574e+00
8.190731160000195743e+00 -1.425370043447288237e+00
8.180148820000196608e+00 -1.425450770578876813e+00
8.169566480000197473e+00 -1.425531744561826963e+00
8.158984140000198337e+00 -1.425612900332830835e+00
8.148401800000199202e+00 -1.425694252640554049e+00
8.137819460000200067e+00 -1.425775820065216859e+00
8.127237120000200932e+00 -1.425857621499023953e+00
8.116654780000201796e+00 -1.425939638124524400e+00
8.106072440000202661e+00 -1.426021844866154575e+00
8.095490100000203526e+00 -1.426104339594052917e+00
8.084907760000204391e+00 -1.426186893870684980e+00
8.074325420000205256e+00 -1.426269776877210127e+00
8.063743080000206120e+00 -1.426352793109256556e+00
8.053160740000206985e+00 -1.426436060015861873e+00
8.042578400000207850e+00 -1.426519550851681473e+00
8.031996060000208715e+00 -1.426603267291270072e+00
8.021413720000209580e+00 -1.426687203006454130e+00
8.010831380000210444e+00 -1.426771381891464019e+00
7.947337340000215633e+00 -1.427280937484983081e+00
7.936755000000216498e+00 -1.427366687591336447e+00
7.926172660000217363e+00 -1.427452651365111347e+00
7.915590320000218227e+00 -1.427538799532759084e+00
7.905007980000219092e+00 -1.427625166304320015e+00
7.852096280000223416e+00 -1.428060576713096275e+00
7.841513940000224281e+00 -1.428148413515783588e+00
7.830931600000225146e+00 -1.428236402790274973e+00
7.820349260000226010e+00 -1.428324702076231523e+00
6.666874200000320272e+00 -1.439605935509853163e+00
6.656291860000321137e+00 -1.439727324172654921e+00
6.645709520000322001e+00 -1.439849190498029508e+00
6.635127180000322866e+00 -1.439971410019900144e+00
6.624544840000323731e+00 -1.440094006543160443e+00
6.613962500000324596e+00 -1.440216995453848403e+00
6.603380160000325461e+00 -1.440340406333735501e+00
6.592797820000326325e+00 -1.440464184273515302e+00
6.582215480000327190e+00 -1.440588366927441744e+00
6.571633140000328055e+00 -1.440712936755198958e+00
6.561050800000328920e+00 -1.440837919256489075e+00
6.550468460000329785e+00 -1.440963291373433375e+00
6.539886120000330649e+00 -1.441089082486688211e+00
6.529303780000331514e+00 -1.441215265331705853e+00
6.518721440000332379e+00 -1.441341866573266461e+00
6.508139100000333244e+00 -1.441468880561102228e+00
6.497556760000334108e+00 -1.441596295733585276e+00
6.486974420000334973e+00 -1.441724137610949308e+00
6.476392080000335838e+00 -1.441852384368373485e+00
6.465809740000336703e+00 -1.441981061882193327e+00
6.455227400000337568e+00 -1.442110142519880123e+00
6.444645060000338432e+00 -1.442239654772051294e+00
6.434062720000339297e+00 -1.442369603570304193e+00
6.423480380000340162e+00 -1.442499981481744298e+00
6.412898040000341027e+00 -1.442630787666445258e+00
6.402315700000341891e+00 -1.442761998811748825e+00
6.391733360000342756e+00 -1.442893669724430339e+00
6.381151020000343621e+00 -1.443025764687054791e+00
6.370568680000344486e+00 -1.443158310310436843e+00
6.359986340000345351e+00 -1.443291290419927542e+00
6.349404000000346215e+00 -1.443424711737320454e+00
6.338821660000347080e+00 -1.443558587697824525e+00
6.328239320000347945e+00 -1.443692902642923936e+00
6.317656980000348810e+00 -1.443827677774156548e+00
6.307074640000349675e+00 -1.443962891096905343e+00
6.296492300000350539e+00 -1.444098573679649444e+00
6.285909960000351404e+00 -1.444234700169311214e+00
6.275327620000352269e+00 -1.444371299084451499e+00
6.264745280000353134e+00 -1.444508344577656533e+00
6.254162940000353998e+00 -1.444645859780574471e+00
6.243580600000354863e+00 -1.444783839062841801e+00
6.232998260000355728e+00 -1.444922287442313769e+00
6.222415920000356593e+00 -1.445061258031641094e+00
6.211833580000357458e+00 -1.445200648311868452e+00
6.201251240000358322e+00 -1.445340534233962471e+00
6.190668900000359187e+00 -1.445480890752621761e+00
6.180086560000360052e+00 -1.445621739897904767e+00
6.169504220000360917e+00 -1.445763070827182029e+00
6.158921880000361782e+00 -1.445904880214535559e+00
6.148339540000362646e+00 -1.446047178005656964e+00
6.137757200000363511e+00 -1.446189975828823471e+00
6.127174860000364376e+00 -1.446333279959483242e+00
6.116592520000365241e+00 -1.446477063254640205e+00
6.106010180000366105e+00 -1.446621360929100319e+00
6.095427840000366970e+00 -1.446766148604724522e+00
6.084845500000367835e+00 -1.446911454876528502e+00
6.074263160000368700e+00 -1.447057266963762467e+00
6.063680820000369565e+00 -1.447203593113573161e+00
6.053098480000370429e+00 -1.447350421253156050e+00
6.042516140000371294e+00 -1.447497776018534577e+00
6.031933800000372159e+00 -1.447645646496804162e+00
6.021351460000373024e+00 -1.447794000072115894e+00
6.010769120000373889e+00 -1.447942909185477856e+00
6.000186780000374753e+00 -1.448092405595533094e+00
5.989604440000375618e+00 -1.448242392513733767e+00
5.979022100000376483e+00 -1.448392919877611540e+00
5.968439760000377348e+00 -1.448543950998601115e+00
5.957857420000378212e+00 -1.448695558717483678e+00
5.947275080000379077e+00 -1.448847676355388803e+00
5.936692740000379942e+00 -1.449000367001155531e+00
5.926110400000380807e+00 -1.449153579388624768e+00
5.915528060000381672e+00 -1.449307387427051008e+00
5.904945720000382536e+00 -1.449461652970557068e+00
5.894363380000383401e+00 -1.449616588043807219e+00
5.883781040000384266e+00 -1.449772040042760057e+00
5.873198700000385131e+00 -1.449928083756418573e+00
5.862616360000385995e+00 -1.450084634834164499e+00
5.852034020000386860e+00 -1.450241824897719134e+00
5.841451680000387725e+00 -1.450399516294507807e+00
5.830869340000388590e+00 -1.450557841383983249e+00
5.820287000000389455e+00 -1.450716711891549382e+00
5.809704660000390319e+00 -1.450876171289015026e+00
5.799122320000391184e+00 -1.451036201764068556e+00
5.788539980000392049e+00 -1.451196887382480316e+00
5.777957640000392914e+00 -1.451358100018766750e+00
5.767375300000393779e+00 -1.451519960462624104e+00
5.756792960000394643e+00 -1.451682336388250061e+00
5.746210620000395508e+00 -1.451845401028888594e+00
5.735628280000396373e+00 -1.452008967740243905e+00
5.725045940000397238e+00 -1.452173294908707168e+00
5.714463600000398102e+00 -1.452338032342443297e+00
5.703881260000398967e+00 -1.452503541037048373e+00
5.693298920000399832e+00 -1.452669615046272122e+00
5.682716580000400697e+00 -1.452836307749210576e+00
5.672134240000401562e+00 -1.453003653096750947e+00
5.661551900000402426e+00 -1.453171606098283331e+00
5.650969560000403291e+00 -1.453340212605604309e+00
5.640387220000404156e+00 -1.453509431152786746e+00
5.629804880000405021e+00 -1.453679282377075443e+00
5.619222540000405886e+00 -1.453849765317631437e+00
5.608640200000406750e+00 -1.454020896943912344e+00
5.598057860000407615e+00 -1.454192711615942546e+00
5.587475520000408480e+00 -1.454365130264413608e+00
5.576893180000409345e+00 -1.454538226527319900e+00
5.566310840000410209e+00 -1.454711975426468795e+00
5.555728500000411074e+00 -1.454886377649923457e+00
5.545146160000411939e+00 -1.455061470561837211e+00
5.534563820000412804e+00 -1.455237192528372026e+00
5.523981480000413669e+00 -1.455413631431991872e+00
5.513399140000414533e+00 -1.455590686361512454e+00
5.502816800000415398e+00 -1.455768493219629534e+00
5.492234460000416263e+00 -1.455946905166570327e+00
5.481652120000417128e+00 -1.456126060072267192e+00
5.471069780000417992e+00 -1.456305850643501376e+00
5.460487440000418857e+00 -1.456486417564758939e+00
5.449905100000419722e+00 -1.456667592114222920e+00
5.439322760000420587e+00 -1.456849529584142156e+00
5.428740420000421452e+00 -1.457032110685703152e+00
5.418158080000422316e+00 -1.457215466433417816e+00
5.407575740000423181e+00 -1.457399490921017282e+00
5.396993400000424046e+00 -1.457584199799631497e+00
5.386411060000424911e+00 -1.457769722476591756e+00
5.375828720000425776e+00 -1.457955868331183069e+00
5.365246380000426640e+00 -1.458142758955391249e+00
5.354664040000427505e+00 -1.458330478071640179e+00
5.344081700000428370e+00 -1.458518775836865178e+00
5.333499360000429235e+00 -1.458707931353321552e+00
5.322917020000430099e+00 -1.458897773637921835e+00
5.312334680000430964e+00 -1.459088343035249258e+00
5.301752340000431829e+00 -1.459279711937118584e+00
5.291170000000432694e+00 -1.459471812835652305e+00
5.280587660000433559e+00 -1.459664622922986155e+00
5.270005320000434423e+00 -1.459858313346561909e+00
5.259422980000435288e+00 -1.460052598022277381e+00
5.248840640000436153e+00 -1.460247806552166239e+00
5.238258300000437018e+00 -1.460443753632307384e+00
5.227675960000437883e+00 -1.460640294981555343e+00
5.217093620000438747e+00 -1.460837896075128928e+00
5.206511280000439612e+00 -1.461036114367249450e+00
5.195928940000440477e+00 -1.461235228427274713e+00
5.185346600000441342e+00 -1.461435008101705568e+00
5.174764260000442206e+00 -1.461635646529060084e+00
5.164181920000443071e+00 -1.461837096179312123e+00
5.153599580000443936e+00 -1.462039334763094667e+00
5.143017240000444801e+00 -1.462242397177864861e+00
5.132434900000445666e+00 -1.462446252035129124e+00
5.121852560000446530e+00 -1.462650953804232490e+00
5.111270220000447395e+00 -1.462856459179757707e+00
5.100687880000448260e+00 -1.463062803168069026e+00
5.090105540000449125e+00 -1.463269971063473340e+00
5.079523200000449989e+00 -1.463477955409200337e+00
5.068940860000450854e+00 -1.463686850056299615e+00
5.058358520000451719e+00 -1.463896481393296867e+00
5.047776180000452584e+00 -1.464107097668413182e+00
5.037193840000453449e+00 -1.464318405745033136e+00
5.026611500000454313e+00 -1.464530765512537247e+00
5.016029160000455178e+00 -1.464743803583711701e+00
5.005446820000456043e+00 -1.464957847987099271e+00
4.994864480000456908e+00 -1.465172658838305386e+00
4.984282140000457773e+00 -1.465388457062387628e+00
4.973699800000458637e+00 -1.465605012022835663e+00
4.963117460000459502e+00 -1.465822577594077636e+00
4.952535120000460367e+00 -1.466040949332153565e+00
4.941952780000461232e+00 -1.466260230247629304e+00
4.931370440000462096e+00 -1.466480479603505138e+00
4.920788100000462961e+00 -1.466701527638045066e+00
4.910205760000463826e+00 -1.466923646034236306e+00
4.899623420000464691e+00 -1.467146409261480766e+00
4.889041080000465556e+00 -1.467370389616686532e+00
4.878458740000466420e+00 -1.467595129692846667e+00
4.867876400000467285e+00 -1.467820875648812251e+00
4.857294060000468150e+00 -1.468047509388216598e+00
4.846711720000469015e+00 -1.468275085749501496e+00
4.836129380000469880e+00 -1.468503624603476165e+00
4.825547040000470744e+00 -1.468733114856237920e+00
4.814964700000471609e+00 -1.468963555467952098e+00
4.804382360000472474e+00 -1.469194959132379186e+00
4.793800020000473339e+00 -1.469427333754383946e+00
4.783217680000474203e+00 -1.469660661208334940e+00
4.772635340000475068e+00 -1.469894996642302054e+00
4.762053000000475933e+00 -1.470130297474431247e+00
4.751470660000476798e+00 -1.470366555041520584e+00
4.740888320000477663e+00 -1.470603861491680542e+00
4.730305980000478527e+00 -1.470842134634364751e+00
4.719723640000479392e+00 -1.471081405041110068e+00
4.709141300000480257e+00 -1.471321695019984332e+00
4.698558960000481122e+00 -1.471563005864855445e+00
4.687976620000481986e+00 -1.471805305921499940e+00
4.677394280000482851e+00 -1.472048650260754599e+00
4.666811940000483716e+00 -1.472293019743246001e+00
4.656229600000484581e+00 -1.472538392819123576e+00
4.645647260000485446e+00 -1.472784862474527223e+00
4.635064920000486310e+00 -1.473032367204535564e+00
4.624482580000487175e+00 -1.473280893365643385e+00
4.613900240000488040e+00 -1.473530502904421002e+00
4.603317900000488905e+00 -1.473781143775201308e+00
4.592735560000489770e+00 -1.474032873414213407e+00
4.582153220000490634e+00 -1.474285727734692797e+00
4.571570880000491499e+00 -1.474539561360434181e+00
4.560988540000492364e+00 -1.474794492842038229e+00
4.550406200000493229e+00 -1.475050565435117811e+00
4.539823860000494093e+00 -1.475307698939230194e+00
4.529241520000494958e+00 -1.475565906049051579e+00
4.518659180000495823e+00 -1.475825260369219238e+00
4.508076840000496688e+00 -1.476085696176804518e+00
4.497494500000497553e+00 -1.476347274356678119e+00
4.486912160000498417e+00 -1.476609969196323702e+00
4.476329820000499282e+00 -1.476873787523845349e+00
4.465747480000500147e+00 -1.477138728537138901e+00
4.455165140000501012e+00 -1.477404796825775302e+00
4.444582800000501877e+00 -1.477672026892804968e+00
4.434000460000502741e+00 -1.477940404221925075e+00
4.423418120000503606e+00 -1.478209928380964433e+00
4.412835780000504471e+00 -1.478480620572335091e+00
4.402253440000505336e+00 -1.478752475037333314e+00
4.391671100000506200e+00 -1.479025530271715239e+00
4.381088760000507065e+00 -1.479299676071229364e+00
4.370506420000507930e+00 -1.479575074585682160e+00
4.359924080000508795e+00 -1.479851629194599560e+00
4.349341740000509660e+00 -1.480129403098030316e+00
4.338759400000510524e+00 -1.480408351566248282e+00
4.328177060000511389e+00 -1.480688514328228900e+00
4.317594720000512254e+00 -1.480969876930420259e+00
4.307012380000513119e+00 -1.481252482846652230e+00
4.296430040000513984e+00 -1.481536274784472251e+00
4.285847700000514848e+00 -1.481821287347128369e+00
4.275265360000515713e+00 -1.482107558656781121e+00
4.264683020000516578e+00 -1.482395036308950864e+00
4.254100680000517443e+00 -1.482683784520083536e+00
4.243518340000518307e+00 -1.482973766671300764e+00
4.232936000000519172e+00 -1.483264996770367272e+00
4.222353660000520037e+00 -1.483557477392166923e+00
4.211771320000520902e+00 -1.483851235454924922e+00
4.201188980000521767e+00 -1.484146252559733314e+00
4.190606640000522631e+00 -1.484442530890701661e+00
4.180024300000523496e+00 -1.484740105798774579e+00
4.169441960000524361e+00 -1.485038943348955920e+00
4.158859620000525226e+00 -1.485339075909838602e+00
4.148277280000526090e+00 -1.485640509358859607e+00
4.137694940000526955e+00 -1.485943211973679734e+00
4.127112600000527820e+00 -1.486247228786110375e+00
4.116530260000528685e+00 -1.486552595050513403e+00
4.105947920000529550e+00 -1.486859244426856019e+00
4.095365580000530414e+00 -1.487167177698799359e+00
4.084783240000531279e+00 -1.487476448424215114e+00
4.074200900000532144e+00 -1.487787034430194000e+00
4.063618560000533009e+00 -1.488098960359926393e+00
4.053036220000533874e+00 -1.488412234867751538e+00
4.042453880000534738e+00 -1.488726827668192199e+00
4.031871540000535603e+00 -1.489042750825802175e+00
4.021289200000536468e+00 -1.489360049810364073e+00
4.010706860000537333e+00 -1.489678676947321367e+00
4.000124520000538197e+00 -1.489998640414131437e+00
3.989542180000539062e+00 -1.490320013602969063e+00
3.978959840000539927e+00 -1.490642673802395013e+00
3.968377500000540792e+00 -1.490966777141171873e+00
3.957795160000541657e+00 -1.491292176358399724e+00
3.947212820000542521e+00 -1.491618962477314403e+00
3.936630480000543386e+00 -1.491947147346823765e+00
3.926048140000544251e+00 -1.492276649881759898e+00
3.915465800000545116e+00 -1.492607559775529946e+00
3.904883460000545981e+00 -1.492939866272202654e+00
3.894301120000546845e+00 -1.493273500099007167e+00
3.883718780000547710e+00 -1.493608561109148969e+00
3.873136440000548575e+00 -1.493945023034949360e+00
3.862554100000549440e+00 -1.494282839775254557e+00
3.851971760000550304e+00 -1.494622035971385987e+00
3.841389420000551169e+00 -1.494962651415684185e+00
3.830807080000552034e+00 -1.495304621608360085e+00
3.820224740000552899e+00 -1.495647988113335103e+00
3.809642400000553764e+00 -1.495992763415092019e+00
3.799060060000554628e+00 -1.496338903523307451e+00
3.788477720000555493e+00 -1.496686428039889494e+00
3.777895380000556358e+00 -1.497035369166239693e+00
3.767313040000557223e+00 -1.497385671673539864e+00
3.756730700000558087e+00 -1.497737350655703237e+00
3.746148360000558952e+00 -1.498090436580773899e+00
3.735566020000559817e+00 -1.498444886490843952e+00
3.724983680000560682e+00 -1.498800711866545843e+00
3.714401340000561547e+00 -1.499157931657286724e+00
3.703819000000562411e+00 -1.499516497497355827e+00
3.693236660000563276e+00 -1.499876436111378109e+00
3.682654320000564141e+00 -1.500237758365541962e+00
3.672071980000565006e+00 -1.500600418330127139e+00
3.661489640000565871e+00 -1.500964418611851370e+00
3.650907300000566735e+00 -1.501329805383666560e+00
3.640324960000567600e+00 -1.501696500278570046e+00
3.629742620000568465e+00 -1.502064535627457786e+00
3.619160280000569330e+00 -1.502433893853006186e+00
3.608577940000570194e+00 -1.502804563502760260e+00
3.597995600000571059e+00 -1.503176541551942469e+00
3.587413260000571924e+00 -1.503549845051375566e+00
3.576830920000572789e+00 -1.503924404056202313e+00
3.566248580000573654e+00 -1.504300248257183004e+00
3.555666240000574518e+00 -1.504677396425995406e+00
3.545083900000575383e+00 -1.505055756249771282e+00
3.534501560000576248e+00 -1.505435355054657753e+00
3.523919220000577113e+00 -1.505816199324009341e+00
3.513336880000577978e+00 -1.506198271659091592e+00
3.502754540000578842e+00 -1.506581509608470260e+00
3.492172200000579707e+00 -1.506965976771324822e+00
3.481589860000580572e+00 -1.507351563620739965e+00
3.471007520000581437e+00 -1.507738297310182940e+00
3.460425180000582301e+00 -1.508126199857257932e+00
3.449842840000583166e+00 -1.508515177377515615e+00
3.439260500000584031e+00 -1.508905266542590384e+00
3.428678160000584896e+00 -1.509296384869279528e+00
3.418095820000585761e+00 -1.509688548934904340e+00
3.407513480000586625e+00 -1.510081761569170400e+00
3.396931140000587490e+00 -1.510475930802360756e+00
3.386348800000588355e+00 -1.510871061291689132e+00
3.375766460000589220e+00 -1.511267170943714433e+00
3.365184120000590084e+00 -1.511664137567858779e+00
3.354601780000590949e+00 -1.512062000238657555e+00
3.344019440000591814e+00 -1.512460769617447909e+00
3.333437100000592679e+00 -1.512860217828402298e+00
3.322854760000593544e+00 -1.513260518659587772e+00
3.312272420000594408e+00 -1.513661608459060171e+00
3.301690080000595273e+00 -1.514063323329609245e+00
3.291107740000596138e+00 -1.514465727461274280e+00
3.280525400000597003e+00 -1.514868784869051632e+00
3.269943060000597868e+00 -1.515272352597256456e+00
3.259360720000598732e+00 -1.515676492502826100e+00
3.248778380000599597e+00 -1.516081165375486872e+00
3.238196040000600462e+00 -1.516486229208858560e+00
3.227613700000601327e+00 -1.516891722079727778e+00
3.217031360000602191e+00 -1.517297547296396543e+00
3.206449020000603056e+00 -1.517703625669498235e+00
3.195866680000603921e+00 -1.518109952411643704e+00
3.185284340000604786e+00 -1.518516497219223105e+00
3.174702000000605651e+00 -1.518923118345704149e+00
3.164119660000606515e+00 -1.519329818067452376e+00
3.153537320000607380e+00 -1.519736545372992742e+00
3.142954980000608245e+00 -1.520143140331845277e+00
3.132372640000609110e+00 -1.520549615413566702e+00
3.121790300000609975e+00 -1.520955931227679692e+00
3.111207960000610839e+00 -1.521361890809919348e+00
3.100625620000611704e+00 -1.521767492699369173e+00
3.090043280000612569e+00 -1.522172734498141722e+00
3.079460940000613434e+00 -1.522577396671180416e+00
3.068878600000614298e+00 -1.522981465393527856e+00
3.058296260000615163e+00 -1.523384915949766327e+00
3.047713920000616028e+00 -1.523787524444632835e+00
3.037131580000616893e+00 -1.524189291222709963e+00
3.026549240000617758e+00 -1.524590148208782470e+00
3.015966900000618622e+00 -1.524989922483003912e+00
3.005384560000619487e+00 -1.525388507002358063e+00
2.994802220000620352e+00 -1.525785913626697132e+00
2.984219880000621217e+00 -1.526181926817577139e+00
2.973637540000622081e+00 -1.526576471670902047e+00
2.963055200000622946e+00 -1.526969459579068378e+00
2.952472860000623811e+00 -1.527360716456242606e+00
2.941890520000624676e+00 -1.527750206349176798e+00
2.931308180000625541e+00 -1.528137804125940580e+00
2.920725840000626405e+00 -1.528523278064536139e+00
2.910143500000627270e+00 -1.528906567471860933e+00
2.899561160000628135e+00 -1.529287590413200837e+00
2.888978820000629000e+00 -1.529666053591722807e+00
2.878396480000629865e+00 -1.530042098777336657e+00
2.867814140000630729e+00 -1.530415304376072649e+00
2.857231800000631594e+00 -1.530785576435786055e+00
2.846649460000632459e+00 -1.531152951359755043e+00
2.836067120000633324e+00 -1.531517056726317438e+00
2.825484780000634188e+00 -1.531877801083126878e+00
2.814902440000635053e+00 -1.532235103446739410e+00
2.804320100000635918e+00 -1.532588591346779161e+00
2.793737760000636783e+00 -1.532938308499296465e+00
2.783155420000637648e+00 -1.533284028978027402e+00
2.772573080000638512e+00 -1.533625486871823096e+00
2.761990740000639377e+00 -1.533962498144457731e+00
2.751408400000640242e+00 -1.534295029128442067e+00
2.740826060000641107e+00 -1.534622703019044909e+00
2.730243720000641972e+00 -1.534945370397982511e+00
2.719661380000642836e+00 -1.535262940695654388e+00
2.709079040000643701e+00 -1.535574975719824709e+00
2.698496700000644566e+00 -1.535881437895030954e+00
2.687914360000645431e+00 -1.536182053961313354e+00
2.677332020000646295e+00 -1.536476629175437925e+00
2.666749680000647160e+00 -1.536764795437371101e+00
2.656167340000648025e+00 -1.537046546547222503e+00
2.645585000000648890e+00 -1.537321377467043337e+00
2.635002660000649755e+00 -1.537589155322625967e+00
2.624420320000650619e+00 -1.537849726760999403e+00
2.613837980000651484e+00 -1.538102575421611551e+00
2.603255640000652349e+00 -1.538347643879339310e+00
2.592673300000653214e+00 -1.538584626590060012e+00
2.582090960000654078e+00 -1.538813126493334238e+00
2.571508620000654943e+00 -1.539032832673371320e+00
2.560926280000655808e+00 -1.539243687158604823e+00
2.550343940000656673e+00 -1.539445088840967868e+00
2.539761600000657538e+00 -1.539636833549724804e+00
2.529179260000658402e+00 -1.539818727771286255e+00
2.518596920000659267e+00 -1.539990134184250570e+00
2.508014580000660132e+00 -1.540150972581000755e+00
2.497432240000660997e+00 -1.540300831909328760e+00
2.486849900000661862e+00 -1.540439278153861835e+00
2.476267560000662726e+00 -1.540565881040395269e+00
2.465685220000663591e+00 -1.540680470641920596e+00
2.455102880000664456e+00 -1.540782518796198097e+00
2.444520540000665321e+00 -1.540871561410475765e+00
2.433938200000666185e+00 -1.540947402675514777e+00
2.423355860000667050e+00 -1.541009268565739720e+00
2.412773520000667915e+00 -1.541057022305512447e+00
2.402191180000668780e+00 -1.541090161483011922e+00
2.391608840000669645e+00 -1.541108126325353211e+00
2.381026500000670509e+00 -1.541110465877785662e+00
2.370444160000671374e+00 -1.541096678080967619e+00
2.359861820000672239e+00 -1.541066288738003109e+00
2.349279480000673104e+00 -1.541018878911885048e+00
2.338697140000673969e+00 -1.540953773146813033e+00
2.328114800000674833e+00 -1.540870328927985700e+00
2.317532460000675698e+00 -1.540768337096409368e+00
2.306950120000676563e+00 -1.540646830759041741e+00
2.296367780000677428e+00 -1.540505461692509570e+00
2.285785440000678292e+00 -1.540343493515263784e+00
2.275203100000679157e+00 -1.540160212544203988e+00
2.264620760000680022e+00 -1.539955200924475909e+00
2.254038420000680887e+00 -1.539727719510635584e+00
2.243456080000681752e+00 -1.539476990373879639e+00
2.232873740000682616e+00 -1.539202180407401421e+00
2.222291400000683481e+00 -1.538902971345944559e+00
2.211709060000684346e+00 -1.538578147271449925e+00
2.201126720000685211e+00 -1.538227165487216830e+00
2.190544380000686076e+00 -1.537849342287830545e+00
2.179962040000686940e+00 -1.537443444432791129e+00
2.169379700000687805e+00 -1.537009058913009873e+00
2.158797360000688670e+00 -1.536545122895228710e+00
2.148215020000689535e+00 -1.536050743688551323e+00
2.137632680000690399e+00 -1.535524818607047814e+00
2.127050340000691264e+00 -1.534966827873890827e+00
2.116468000000692129e+00 -1.534375319217820444e+00
2.105885660000692994e+00 -1.533749542207355487e+00
2.095303320000693859e+00 -1.533088555731975777e+00
2.084720980000694723e+00 -1.532390825878055418e+00
2.074138640000695588e+00 -1.531655739990100518e+00
2.063556300000696453e+00 -1.530881951322125456e+00
2.052973960000697318e+00 -1.530068296902479918e+00
2.042391620000698182e+00 -1.529213387589770212e+00
2.031809280000699047e+00 -1.528316405114373611e+00
2.021226940000699912e+00 -1.527375675817687073e+00
2.010644600000700777e+00 -1.526390008799336506e+00
2.000062260000701642e+00 -1.525358260873981742e+00
1.989479920000702506e+00 -1.524278527970176711e+00
1.978897580000703371e+00 -1.523149902228253971e+00
1.968315240000704236e+00 -1.521970678563234536e+00
1.957732900000705101e+00 -1.520739375131680893e+00
1.947150560000705966e+00 -1.519454158404447419e+00
1.936568220000706830e+00 -1.518113792932816342e+00
1.925985880000707695e+00 -1.516716600858601049e+00
1.915403540000708560e+00 -1.515260633232524468e+00
1.904821200000709425e+00 -1.513744550455045745e+00
1.894238860000710289e+00 -1.512165926068298250e+00
1.883656520000711154e+00 -1.510523537060002974e+00
1.873074180000712019e+00 -1.508815163277398508e+00
1.862491840000712884e+00 -1.507038964802491554e+00
1.851909500000713749e+00 -1.505192701372443098e+00
1.841327160000714613e+00 -1.503274543813832409e+00
1.830744820000715478e+00 -1.501282491208364878e+00
1.820162480000716343e+00 -1.499214152171637338e+00
1.809580140000717208e+00 -1.497067441040687674e+00
1.798997800000718073e+00 -1.494839616892695622e+00
1.788415460000718937e+00 -1.492529134442749594e+00
1.777833120000719802e+00 -1.490132827217207856e+00
1.767250780000720667e+00 -1.487648772871280833e+00
1.756668440000721532e+00 -1.485074025677412424e+00
1.746086100000722396e+00 -1.482405897409983186e+00
1.735503760000723261e+00 -1.479642205683905143e+00
1.724921420000724126e+00 -1.476779793515416106e+00
1.714339080000724991e+00 -1.473816062415756356e+00
1.703756740000725856e+00 -1.470747608235584369e+00
1.693174400000726720e+00 -1.467572275985828512e+00
1.682592060000727585e+00 -1.464286279706792815e+00
1.672009720000728450e+00 -1.460886656473527223e+00
1.661427380000729315e+00 -1.457370619141796331e+00
1.650845040000730179e+00 -1.453734026630280507e+00
1.640262700000731044e+00 -1.449974324078771915e+00
1.629680360000731909e+00 -1.446087461868743596e+00
1.619098020000732774e+00 -1.442070183989715648e+00
1.608515680000733639e+00 -1.437918137587749445e+00
1.597933340000734503e+00 -1.433628582691932385e+00
1.587351000000735368e+00 -1.429196746339322033e+00
1.576768660000736233e+00 -1.424618723674268894e+00
1.566186320000737098e+00 -1.419891171031795629e+00
1.555603980000737963e+00 -1.415008716928453758e+00
1.545021640000738827e+00 -1.409968167565406105e+00
1.534439300000739692e+00 -1.404764289949912648e+00
1.523856960000740557e+00 -1.399392970001599457e+00
1.513274620000741422e+00 -1.393848616616097269e+00
1.502692280000742286e+00 -1.388127654859706128e+00
1.492109940000743151e+00 -1.382224080958782020e+00
1.481527600000744016e+00 -1.376133088458014075e+00
1.470945260000744881e+00 -1.369849788001987312e+00
1.460362920000745746e+00 -1.363367654662557715e+00
1.449780580000746610e+00 -1.356682472356135039e+00
1.439198240000747475e+00 -1.349787508887204890e+00
1.428615900000748340e+00 -1.342677473698945079e+00
1.418033560000749205e+00 -1.335345120950954811e+00
1.407451220000750070e+00 -1.327785411254333914e+00
1.396868880000750934e+00 -1.319991743843352383e+00
1.386286540000751799e+00 -1.311956718677300460e+00
1.375704200000752664e+00 -1.303674289026163446e+00
1.365121860000753529e+00 -1.295136064268305409e+00
1.354539520000754393e+00 -1.286336532967858437e+00
1.343957180000755258e+00 -1.277266787988180052e+00
1.333374840000756123e+00 -1.267920175434058105e+00
1.322792500000756988e+00 -1.258287565026615873e+00
1.312210160000757853e+00 -1.248360834163557920e+00
1.301627820000758717e+00 -1.238132970467243243e+00
1.291045480000759582e+00 -1.227593676604203932e+00
1.280463140000760447e+00 -1.216735220034170339e+00
1.269880800000761312e+00 -1.205546589079366626e+00
1.259298460000762176e+00 -1.194020321427952780e+00
1.248716120000763041e+00 -1.182145077212376938e+00
1.238133780000763906e+00 -1.169911765424698435e+00
1.227551440000764771e+00 -1.157308352259493134e+00
1.216969100000765636e+00 -1.144324828447498055e+00
1.206386760000766500e+00 -1.130951786084094079e+00
1.195804420000767365e+00 -1.117175689765180335e+00
1.185222080000768230e+00 -1.102985946030074604e+00
1.174639740000769095e+00 -1.088368695075689008e+00
1.164057400000769960e+00 -1.073313615468207916e+00
1.153475060000770824e+00 -1.057806260265844456e+00
1.142892720000771689e+00 -1.041833524654930176e+00
1.132310380000772554e+00 -1.025382432575451475e+00
1.121728040000773419e+00 -1.008436532673634867e+00
1.111145700000774283e+00 -9.909839928579858848e-01
1.100563360000775148e+00 -9.730071586588853183e-01
1.089981020000776013e+00 -9.544920510372245648e-01
1.079398680000776878e+00 -9.354195271355091323e-01
1.068816340000777743e+00 -9.157758628091240416e-01
1.058234000000778607e+00 -8.955410497672458003e-01
