1.058234000000000030e+01 -1.124565899366146260e+00
1.057175766000000117e+01 -1.124641828089838924e+00
1.056117532000000203e+01 -1.124717917158398084e+00
1.055059298000000290e+01 -1.124794158415623135e+00
1.054001064000000376e+01 -1.124870550283936455e+00
1.052942830000000463e+01 -1.124947104286819322e+00
1.051884596000000549e+01 -1.125023807426610345e+00
1.050826362000000636e+01 -1.125100671259418261e+00
1.049768128000000722e+01 -1.125177690529969077e+00
1.048709894000000808e+01 -1.125254868093650717e+00
1.047651660000000895e+01 -1.125332199944893974e+00
1.046593426000000981e+01 -1.125409696129114678e+00
1.045535192000001068e+01 -1.125487348981527802e+00
1.044476958000001154e+01 -1.125565156696219926e+00
1.043418724000001241e+01 -1.125643131120555474e+00
1.042360490000001327e+01 -1.125721258816822390e+00
1.041302256000001414e+01 -1.125799551666381015e+00
1.040244022000001500e+01 -1.125878008670240904e+00
1.039185788000001587e+01 -1.125956620058758073e+00
1.038127554000001673e+01 -1.126035394143200197e+00
1.037069320000001760e+01 -1.126114337061979276e+00
1.036011086000001846e+01 -1.126193441115115546e+00
1.034952852000001933e+01 -1.126272704442316641e+00
1.033894618000002019e+01 -1.126352139116272966e+00
1.032836384000002106e+01 -1.126431731463638286e+00
1.031778150000002192e+01 -1.126511489584177683e+00
1.030719916000002279e+01 -1.126591424151849097e+00
1.029661682000002365e+01 -1.126671513889322185e+00
1.028603448000002452e+01 -1.126751777624845241e+00
1.027545214000002538e+01 -1.126832201551528190e+00
1.026486980000002625e+01 -1.126912797905668562e+00
1.025428746000002711e+01 -1.126993561294418189e+00
1.024370512000002797e+01 -1.127074494481475453e+00
1.023312278000002884e+01 -1.127155593092647123e+00
1.022254044000002970e+01 -1.127236868956741578e+00
1.021195810000003057e+01 -1.127318312705012371e+00
1.020137576000003143e+01 -1.127399922963002288e+00
1.019079342000003230e+01 -1.127481712096993549e+00
1.018021108000003316e+01 -1.127563666089899996e+00
1.016962874000003403e+01 -1.127645797414790207e+00
1.015904640000003489e+01 -1.127728100623019092e+00
1.014846406000003576e+01 -1.127810578441325706e+00
1.013788172000003662e+01 -1.127893227103199170e+00
1.012729938000003749e+01 -1.127976056895466206e+00
1.011671704000003835e+01 -1.128059060025343063e+00
1.010613470000003922e+01 -1.128142234488486162e+00
1.009555236000004008e+01 -1.128225592964040125e+00
1.008497002000004095e+01 -1.128309121148051375e+00
1.007438768000004181e+01 -1.128392831757430104e+00
1.006380534000004268e+01 -1.128476719286665375e+00
1.005322300000004354e+01 -1.128560786799606586e+00
1.004264066000004441e+01 -1.128645029853974302e+00
1.003205832000004527e+01 -1.128729459183318129e+00
1.002147598000004614e+01 -1.128814066957487983e+00
1.001089364000004700e+01 -1.128898851113668389e+00
1.000031130000004786e+01 -1.128983824580985118e+00
9.989728960000048730e+00 -1.129068972797131476e+00
9.979146620000049595e+00 -1.129154308730113465e+00
9.968564280000050459e+00 -1.129239826816424763e+00
9.957981940000051324e+00 -1.129325529706882714e+00
9.947399600000052189e+00 -1.129411413782431151e+00
9.936817260000053054e+00 -1.129497489478983319e+00
9.926234920000053918e+00 -1.129583748928204123e+00
9.915652580000054783e+00 -1.129670190007753039e+00
9.905070240000055648e+00 -1.129756825904330464e+00
9.894487900000056513e+00 -1.129843641790221342e+00
9.883905560000057378e+00 -1.129930650892317257e+00
9.873323220000058242e+00 -1.130017851799317574e+00
9.862740880000059107e+00 -1.130105234488712584e+00
9.852158540000059972e+00 -1.130192808053540166e+00
9.841576200000060837e+00 -1.130280578796627466e+00
9.830993860000061701e+00 -1.130368538811012513e+00
9.820411520000062566e+00 -1.130456685913499015e+00
9.809829180000063431e+00 -1.130545033556237033e+00
9.799246840000064296e+00 -1.130633566639102527e+00
9.788664500000065161e+00 -1.130722294402292771e+00
9.778082160000066025e+00 -1.130811228181369366e+00
9.767499820000066890e+00 -1.130900345012695096e+00
9.756917480000067755e+00 -1.130989665661767729e+00
9.746335140000068620e+00 -1.131079174873898197e+00
9.735752800000069485e+00 -1.131168886294372733e+00
9.725170460000070349e+00 -1.131258794206040807e+00
9.714588120000071214e+00 -1.131348901158950149e+00
9.704005780000072079e+00 -1.131439202948846701e+00
9.693423440000072944e+00 -1.131529713004618909e+00
9.682841100000073808e+00 -1.131620420152914308e+00
9.672258760000074673e+00 -1.131711323320670148e+00
9.661676420000075538e+00 -1.131802436389425237e+00
9.651094080000076403e+00 -1.131893743820396647e+00
9.640511740000077268e+00 -1.131985259538642152e+00
9.629929400000078132e+00 -1.132076977764739034e+00
9.619347060000078997e+00 -1.132168901008165474e+00
9.608764720000079862e+00 -1.132261025938768872e+00
9.598182380000080727e+00 -1.132353363284432035e+00
9.587600040000081592e+00 -1.132445905036331357e+00
9.577017700000082456e+00 -1.132538648850308860e+00
9.566435360000083321e+00 -1.132631608895100062e+00
9.555853020000084186e+00 -1.132724769339944926e+00
9.545270680000085051e+00 -1.132818144398438420e+00
9.534688340000085915e+00 -1.132911728227841142e+00
9.524106000000086780e+00 -1.133005523296248818e+00
9.513523660000087645e+00 -1.133099526361673215e+00
9.502941320000088510e+00 -1.133193748241004606e+00
9.492358980000089375e+00 -1.133288180884433061e+00
9.481776640000090239e+00 -1.133382821882582103e+00
9.471194300000091104e+00 -1.133477685700508442e+00
9.460611960000091969e+00 -1.133572756207397614e+00
9.450029620000092834e+00 -1.133668047914686117e+00
9.439447280000093699e+00 -1.133763554914917870e+00
9.428864940000094563e+00 -1.133859279634305217e+00
9.418282600000095428e+00 -1.133955218922215957e+00
9.407700260000096293e+00 -1.134051383687895598e+00
9.397117920000097158e+00 -1.134147765839921274e+00
9.386535580000098022e+00 -1.134244362902395720e+00
9.375953240000098887e+00 -1.134341189646256298e+00
9.365370900000099752e+00 -1.134438229632233064e+00
9.354788560000100617e+00 -1.134535497679230787e+00
9.344206220000101482e+00 -1.134632992775506555e+00
9.333623880000102346e+00 -1.134730702891214138e+00
9.323041540000103211e+00 -1.134828638914163967e+00
9.312459200000104076e+00 -1.134926807357698575e+00
9.301876860000104941e+00 -1.135025200088081831e+00
9.291294520000105805e+00 -1.135123814561614930e+00
9.280712180000106670e+00 -1.135222665865108560e+00
9.270129840000107535e+00 -1.135321737242168672e+00
9.259547500000108400e+00 -1.135421039288074141e+00
9.248965160000109265e+00 -1.135520584132825084e+00
9.238382820000110129e+00 -1.135620346851539564e+00
9.227800480000110994e+00 -1.135720350501263187e+00
9.217218140000111859e+00 -1.135820578145432247e+00
9.206635800000112724e+00 -1.135921045101359050e+00
9.196053460000113589e+00 -1.136021745290557883e+00
9.185471120000114453e+00 -1.136122681029120951e+00
9.174888780000115318e+00 -1.136223848331504360e+00
9.164306440000116183e+00 -1.136325261612957771e+00
9.153724100000117048e+00 -1.136426909419160580e+00
9.143141760000117912e+00 -1.136528790182820270e+00
9.132559420000118777e+00 -1.136630919503025972e+00
9.121977080000119642e+00 -1.136733280111908773e+00
9.111394740000120507e+00 -1.136835887660782696e+00
9.100812400000121372e+00 -1.136938736001961159e+00
9.090230060000122236e+00 -1.137041827407439865e+00
9.079647720000123101e+00 -1.137145159080579004e+00
9.069065380000123966e+00 -1.137248742288619496e+00
9.058483040000124831e+00 -1.137352568787132867e+00
9.047900700000125696e+00 -1.137456635853034248e+00
9.037318360000126560e+00 -1.137560959428845830e+00
9.026736020000127425e+00 -1.137665521905866672e+00
9.016153680000128290e+00 -1.137770339280681497e+00
9.005571340000129155e+00 -1.137875405335081247e+00
8.994989000000130019e+00 -1.137980722824954549e+00
8.984406660000130884e+00 -1.138086288006844082e+00
8.973824320000131749e+00 -1.138192112784542021e+00
8.963241980000132614e+00 -1.138298188869268923e+00
8.952659640000133479e+00 -1.138404513465336221e+00
8.942077300000134343e+00 -1.138511102870485514e+00
8.931494960000135208e+00 -1.138617939125102785e+00
8.920912620000136073e+00 -1.138725038582879989e+00
8.910330280000136938e+00 -1.138832394953859461e+00
8.899747940000137802e+00 -1.138940010419849713e+00
8.889165600000138667e+00 -1.139047882405726630e+00
8.878583260000139532e+00 -1.139156022402821877e+00
8.868000920000140397e+00 -1.139264422077368000e+00
8.857418580000141262e+00 -1.139373078559823060e+00
8.846836240000142126e+00 -1.139482008515157352e+00
8.836253900000142991e+00 -1.139591193622837562e+00
8.825671560000143856e+00 -1.139700650605853127e+00
8.815089220000144721e+00 -1.139810377924161955e+00
8.804506880000145586e+00 -1.139920363244669277e+00
8.793924540000146450e+00 -1.140030618578779187e+00
8.783342200000147315e+00 -1.140141150713695373e+00
8.772759860000148180e+00 -1.140251951270180975e+00
8.762177520000149045e+00 -1.140363017303403392e+00
8.751595180000149909e+00 -1.140474365858517691e+00
8.741012840000150774e+00 -1.140585978243295662e+00
8.730430500000151639e+00 -1.140697871562917909e+00
8.719848160000152504e+00 -1.140810044269030987e+00
8.709265820000153369e+00 -1.140922483784090558e+00
8.698683480000154233e+00 -1.141035211022658702e+00
8.688101140000155098e+00 -1.141148207081239763e+00
8.677518800000155963e+00 -1.141261489283163844e+00
8.666936460000156828e+00 -1.141375051149271735e+00
8.656354120000157693e+00 -1.141488894742819671e+00
8.645771780000158557e+00 -1.141603016364286516e+00
8.635189440000159422e+00 -1.141717432722446635e+00
8.624607100000160287e+00 -1.141832129864789103e+00
8.614024760000161152e+00 -1.141947106759050312e+00
8.603442420000162016e+00 -1.142062381068627896e+00
8.592860080000162881e+00 -1.142177933500961640e+00
8.582277740000163746e+00 -1.142293781782974582e+00
8.571695400000164611e+00 -1.142409919359074211e+00
8.561113060000165476e+00 -1.142526348245362477e+00
8.550530720000166340e+00 -1.142643066307299726e+00
8.539948380000167205e+00 -1.142760085481808074e+00
8.529366040000168070e+00 -1.142877397271434115e+00
8.518783700000168935e+00 -1.142994998532714579e+00
8.508201360000169799e+00 -1.143112907344834950e+00
8.497619020000170664e+00 -1.143231104014369004e+00
8.487036680000171529e+00 -1.143349606686372866e+00
8.476454340000172394e+00 -1.143468408727607688e+00
8.465872000000173259e+00 -1.143587512106520654e+00
8.455289660000174123e+00 -1.143706914824635934e+00
8.444707320000174988e+00 -1.143826628956477798e+00
8.434124980000175853e+00 -1.143946645957568675e+00
8.423542640000176718e+00 -1.144066962604419757e+00
8.412960300000177583e+00 -1.144187597407017254e+00
8.402377960000178447e+00 -1.144308530259025458e+00
8.391795620000179312e+00 -1.144429779738821651e+00
8.381213280000180177e+00 -1.144551339134362244e+00
8.370630940000181042e+00 -1.144673210365948712e+00
8.360048600000181906e+00 -1.144795391577071220e+00
8.349466260000182771e+00 -1.144917894985924445e+00
8.338883920000183636e+00 -1.145040712000681360e+00
8.328301580000184501e+00 -1.145163839316373888e+00
8.317719240000185366e+00 -1.145287295889884982e+00
8.307136900000186230e+00 -1.145411061189158586e+00
8.296554560000187095e+00 -1.145535154242073750e+00
8.285972220000187960e+00 -1.145659574156676408e+00
8.275389880000188825e+00 -1.145784305789009583e+00
8.264807540000189690e+00 -1.145909358654231491e+00
8.254225200000190554e+00 -1.146034755233238833e+00
8.243642860000191419e+00 -1.146160471555756066e+00
8.233060520000192284e+00 -1.146286509344397464e+00
8.222478180000193149e+00 -1.146412888019569642e+00
8.211895840000194013e+00 -1.146539586610442640e+00
8.201313500000194878e+00 -1.146666620886868548e+00
8.190731160000195743e+00 -1.146794000445397810e+00
8.180148820000196608e+00 -1.146921700044816639e+00
8.169566480000197473e+00 -1.147049747230302286e+00
8.158984140000198337e+00 -1.147178120781441102e+00
8.148401800000199202e+00 -1.147306840459052513e+00
8.137819460000200067e+00 -1.147435901775444744e+00
8.127237120000200932e+00 -1.147565299232071068e+00
8.116654780000201796e+00 -1.147695036805804536e+00
8.106072440000202661e+00 -1.147825130240567093e+00
8.095490100000203526e+00 -1.147955565261876920e+00
8.084907760000204391e+00 -1.148086340204475198e+00
8.074325420000205256e+00 -1.148217475245237873e+00
8.063743080000206120e+00 -1.148348948702971661e+00
8.053160740000206985e+00 -1.148480764107791430e+00
8.042578400000207850e+00 -1.148612949070673572e+00
8.031996060000208715e+00 -1.148745483513077925e+00
8.021413720000209580e+00 -1.148878372120516911e+00
8.010831380000210444e+00 -1.149011625325499608e+00
8.000249040000211309e+00 -1.149145234762175338e+00
7.989666700000212174e+00 -1.149279196691755489e+00
7.979084360000213039e+00 -1.149413530341926837e+00
7.968502020000213903e+00 -1.149548217927272464e+00
7.957919680000214768e+00 -1.149683275842186436e+00
7.947337340000215633e+00 -1.149818700135053273e+00
7.936755000000216498e+00 -1.149954487463936692e+00
7.926172660000217363e+00 -1.150090642318694290e+00
7.915590320000218227e+00 -1.150227175026322879e+00
7.905007980000219092e+00 -1.150364076941260638e+00
7.894425640000219957e+00 -1.150501344574136109e+00
7.883843300000220822e+00 -1.150638999139303120e+00
7.873260960000221687e+00 -1.150777017988829698e+00
7.862678620000222551e+00 -1.150915422421733725e+00
7.852096280000223416e+00 -1.151054206759167364e+00
7.841513940000224281e+00 -1.151193368161259389e+00
7.830931600000225146e+00 -1.151332909712772246e+00
7.820349260000226010e+00 -1.151472844423616859e+00
7.809766920000226875e+00 -1.151613162066764451e+00
7.799184580000227740e+00 -1.151753859314724071e+00
7.788602240000228605e+00 -1.151894957932141139e+00
7.778019900000229470e+00 -1.152036434764160067e+00
7.767437560000230334e+00 -1.152178311663702104e+00
7.756855220000231199e+00 -1.152320587063822677e+00
7.746272880000232064e+00 -1.152463245477103104e+00
7.735690540000232929e+00 -1.152606302586010489e+00
7.725108200000233794e+00 -1.152749767960070448e+00
7.714525860000234658e+00 -1.152893630756188115e+00
7.703943520000235523e+00 -1.153037887745047119e+00
7.693361180000236388e+00 -1.153182561263713213e+00
7.682778840000237253e+00 -1.153327627634101571e+00
7.672196500000238117e+00 -1.153473102758823643e+00
7.661614160000238982e+00 -1.153619004655195290e+00
7.651031820000239847e+00 -1.153765297920945399e+00
7.640449480000240712e+00 -1.153912016466864809e+00
7.629867140000241577e+00 -1.154059136316706535e+00
7.619284800000242441e+00 -1.154206680228176296e+00
7.608702460000243306e+00 -1.154354642089977290e+00
7.598120120000244171e+00 -1.154503019555776833e+00
7.587537780000245036e+00 -1.154651813684361539e+00
7.576955440000245900e+00 -1.154801044817946876e+00
7.566373100000246765e+00 -1.154950695088531987e+00
7.555790760000247630e+00 -1.155100763738069691e+00
7.545208420000248495e+00 -1.155251274038626486e+00
7.534626080000249360e+00 -1.155402201462784273e+00
7.524043740000250224e+00 -1.155553569379936585e+00
7.513461400000251089e+00 -1.155705371570550755e+00
7.502879060000251954e+00 -1.155857605691781753e+00
7.492296720000252819e+00 -1.156010274355208090e+00
7.481714380000253684e+00 -1.156163393050474664e+00
7.471132040000254548e+00 -1.156316949843323227e+00
7.460549700000255413e+00 -1.156470941590000523e+00
7.449967360000256278e+00 -1.156625392194188251e+00
7.439385020000257143e+00 -1.156780276558414977e+00
7.428802680000258007e+00 -1.156935618689531653e+00
7.418220340000258872e+00 -1.157091412278326903e+00
7.407638000000259737e+00 -1.157247654921143010e+00
7.397055660000260602e+00 -1.157404349371270902e+00
7.386473320000261467e+00 -1.157561511613047101e+00
7.375890980000262331e+00 -1.157719129389536805e+00
7.365308640000263196e+00 -1.157877199551090808e+00
7.354726300000264061e+00 -1.158035746660467602e+00
7.344143960000264926e+00 -1.158194745029527795e+00
7.333561620000265791e+00 -1.158354219328254997e+00
7.322979280000266655e+00 -1.158514163172149836e+00
7.312396940000267520e+00 -1.158674574049860961e+00
7.301814600000268385e+00 -1.158835454920482455e+00
7.291232260000269250e+00 -1.158996822231883161e+00
7.280649920000270114e+00 -1.159158663431355318e+00
7.270067580000270979e+00 -1.159320975352147176e+00
7.259485240000271844e+00 -1.159483783241502586e+00
7.248902900000272709e+00 -1.159647060802875496e+00
7.238320560000273574e+00 -1.159810833391864859e+00
7.227738220000274438e+00 -1.159975100559654582e+00
7.217155880000275303e+00 -1.160139842705944835e+00
7.206573540000276168e+00 -1.160305078948973279e+00
7.195991200000277033e+00 -1.160470821226234239e+00
7.185408860000277897e+00 -1.160637056701986136e+00
7.174826520000278762e+00 -1.160803782190660050e+00
7.164244180000279627e+00 -1.160971023648897926e+00
7.153661840000280492e+00 -1.161138754151781249e+00
7.143079500000281357e+00 -1.161306992121517556e+00
7.132497160000282221e+00 -1.161475759019519272e+00
7.121914820000283086e+00 -1.161645013988012343e+00
7.111332480000283951e+00 -1.161814796488985779e+00
7.100750140000284816e+00 -1.161985079214955530e+00
7.090167800000285681e+00 -1.162155888659713643e+00
7.079585460000286545e+00 -1.162327218291946185e+00
7.069003120000287410e+00 -1.162499065161708423e+00
7.058420780000288275e+00 -1.162671431333871963e+00
7.047838440000289140e+00 -1.162844339323673371e+00
7.037256100000290004e+00 -1.163017770918702620e+00
7.026673760000290869e+00 -1.163191724540940220e+00
7.016091420000291734e+00 -1.163366227313971990e+00
7.005509080000292599e+00 -1.163541251272246724e+00
6.994926740000293464e+00 -1.163716823660500443e+00
6.984344400000294328e+00 -1.163892937904634106e+00
6.973762060000295193e+00 -1.164069590837291779e+00
6.963179720000296058e+00 -1.164246786526197175e+00
6.952597380000296923e+00 -1.164424542985583066e+00
6.942015040000297788e+00 -1.164602846673065795e+00
6.931432700000298652e+00 -1.164781694328564043e+00
6.920850360000299517e+00 -1.164961113862469588e+00
6.910268020000300382e+00 -1.165141076611530657e+00
6.899685680000301247e+00 -1.165321610611502523e+00
6.889103340000302111e+00 -1.165502709246200475e+00
6.878521000000302976e+00 -1.165684370327344288e+00
6.867938660000303841e+00 -1.165866595875797662e+00
6.857356320000304706e+00 -1.166049405569916653e+00
6.846773980000305571e+00 -1.166232785581592157e+00
6.836191640000306435e+00 -1.166416732618509533e+00
6.825609300000307300e+00 -1.166601275407807226e+00
6.815026960000308165e+00 -1.166786384560302592e+00
6.804444620000309030e+00 -1.166972088933131424e+00
6.793862280000309894e+00 -1.167158381871347128e+00
6.783279940000310759e+00 -1.167345259702641247e+00
6.772697600000311624e+00 -1.167532727295837791e+00
6.762115260000312489e+00 -1.167720803577866562e+00
6.751532920000313354e+00 -1.167909474422378358e+00
6.740950580000314218e+00 -1.168098736503623059e+00
6.730368240000315083e+00 -1.168288619396531169e+00
6.719785900000315948e+00 -1.168479092955421184e+00
6.709203560000316813e+00 -1.168670186889370965e+00
6.698621220000317678e+00 -1.168861899854541253e+00
6.688038880000318542e+00 -1.169054211848715275e+00
6.677456540000319407e+00 -1.169247144221726931e+00
6.666874200000320272e+00 -1.169440711030605318e+00
6.656291860000321137e+00 -1.169634897833980336e+00
6.645709520000322001e+00 -1.169829701272238731e+00
6.635127180000322866e+00 -1.170025151798826490e+00
6.624544840000323731e+00 -1.170221218478783909e+00
6.613962500000324596e+00 -1.170417923102494928e+00
6.603380160000325461e+00 -1.170615290761575444e+00
6.592797820000326325e+00 -1.170813274536897097e+00
6.582215480000327190e+00 -1.171011920533822082e+00
6.571633140000328055e+00 -1.171211197363815737e+00
6.561050800000328920e+00 -1.171411136121623286e+00
6.550468460000329785e+00 -1.171611730063354617e+00
6.539886120000330649e+00 -1.171812974729927515e+00
6.529303780000331514e+00 -1.172014874183120225e+00
6.518721440000332379e+00 -1.172217455971276134e+00
6.508139100000333244e+00 -1.172420696315247479e+00
6.497556760000334108e+00 -1.172624595213496601e+00
6.486974420000334973e+00 -1.172829184546502646e+00
6.476392080000335838e+00 -1.173034432079932410e+00
6.465809740000336703e+00 -1.173240369837687869e+00
6.455227400000337568e+00 -1.173446991044473364e+00
6.444645060000338432e+00 -1.173654290880465467e+00
6.434062720000339297e+00 -1.173862275881322859e+00
6.423480380000340162e+00 -1.174070966748113731e+00
6.412898040000341027e+00 -1.174280348129177920e+00
6.402315700000341891e+00 -1.174490403181575715e+00
6.391733360000342756e+00 -1.174701190699667830e+00
6.381151020000343621e+00 -1.174912664949999908e+00
6.370568680000344486e+00 -1.175124858911274828e+00
6.359986340000345351e+00 -1.175337765775434029e+00
6.349404000000346215e+00 -1.175551380323673234e+00
6.338821660000347080e+00 -1.175765709608656673e+00
6.328239320000347945e+00 -1.175980774869640033e+00
6.317656980000348810e+00 -1.176196560337864128e+00
6.307074640000349675e+00 -1.176413062528324449e+00
6.296492300000350539e+00 -1.176630315255237758e+00
6.285909960000351404e+00 -1.176848284465189964e+00
6.275327620000352269e+00 -1.177067004120014637e+00
6.264745280000353134e+00 -1.177286467381863933e+00
6.254162940000353998e+00 -1.177506668593443218e+00
6.243580600000354863e+00 -1.177727615347916146e+00
6.232998260000355728e+00 -1.177949329443582993e+00
6.222415920000356593e+00 -1.178171794655669569e+00
6.211833580000357458e+00 -1.178395007464225097e+00
6.201251240000358322e+00 -1.178619002689898387e+00
6.190668900000359187e+00 -1.178843745301068502e+00
6.180086560000360052e+00 -1.179069270266884129e+00
6.169504220000360917e+00 -1.179295578144442969e+00
6.158921880000361782e+00 -1.179522642246440212e+00
6.148339540000362646e+00 -1.179750489553151205e+00
6.137757200000363511e+00 -1.179979136734961020e+00
6.127174860000364376e+00 -1.180208567062401626e+00
6.116592520000365241e+00 -1.180438776981017179e+00
6.106010180000366105e+00 -1.180669802340248653e+00
6.095427840000366970e+00 -1.180901607078828519e+00
6.084845500000367835e+00 -1.181134227194023278e+00
6.074263160000368700e+00 -1.181367661556038007e+00
6.063680820000369565e+00 -1.181601886190303041e+00
6.053098480000370429e+00 -1.181836945076216727e+00
6.042516140000371294e+00 -1.182072801556642183e+00
6.031933800000372159e+00 -1.182309492207848312e+00
6.021351460000373024e+00 -1.182547010122477094e+00
6.010769120000373889e+00 -1.182785348288811544e+00
6.000186780000374753e+00 -1.183024513469541406e+00
5.989604440000375618e+00 -1.183264535882303514e+00
5.979022100000376483e+00 -1.183505390991183681e+00
5.968439760000377348e+00 -1.183747077493149114e+00
5.957857420000378212e+00 -1.183989632873302167e+00
5.947275080000379077e+00 -1.184233019356690342e+00
5.936692740000379942e+00 -1.184477274572126149e+00
5.926110400000380807e+00 -1.184722391591871649e+00
5.915528060000381672e+00 -1.184968362756930960e+00
5.904945720000382536e+00 -1.185215197741659399e+00
5.894363380000383401e+00 -1.185462920486229921e+00
5.883781040000384266e+00 -1.185711512688228941e+00
5.873198700000385131e+00 -1.185960970716188223e+00
5.862616360000385995e+00 -1.186211333122144662e+00
5.852034020000386860e+00 -1.186462560951227374e+00
5.841451680000387725e+00 -1.186714692894090817e+00
5.830869340000388590e+00 -1.186967720486944433e+00
5.820287000000389455e+00 -1.187221638284511549e+00
5.809704660000390319e+00 -1.187476457238391570e+00
5.799122320000391184e+00 -1.187732197794260092e+00
5.788539980000392049e+00 -1.187988842958890512e+00
5.777957640000392914e+00 -1.188246389080310328e+00
5.767375300000393779e+00 -1.188504875781966508e+00
5.756792960000394643e+00 -1.188764262862785692e+00
5.746210620000395508e+00 -1.189024590077292443e+00
5.735628280000396373e+00 -1.189285850476754280e+00
5.725045940000397238e+00 -1.189548034855235858e+00
5.714463600000398102e+00 -1.189811154160657747e+00
5.703881260000398967e+00 -1.190075233642831520e+00
5.693298920000399832e+00 -1.190340253391647618e+00
5.682716580000400697e+00 -1.190606209745237232e+00
5.672134240000401562e+00 -1.190873152386261680e+00
5.661551900000402426e+00 -1.191141022345973965e+00
5.650969560000403291e+00 -1.191409878126059807e+00
5.640387220000404156e+00 -1.191679700870985847e+00
5.629804880000405021e+00 -1.191950471317748450e+00
5.619222540000405886e+00 -1.192222218907104114e+00
5.608640200000406750e+00 -1.192494963629286753e+00
5.598057860000407615e+00 -1.192768684618129349e+00
5.587475520000408480e+00 -1.193043378220405737e+00
5.576893180000409345e+00 -1.193319086193437073e+00
5.566310840000410209e+00 -1.193595765634044792e+00
5.555728500000411074e+00 -1.193873476124674315e+00
5.545146160000411939e+00 -1.194152163551737367e+00
5.534563820000412804e+00 -1.194431852042145747e+00
5.523981480000413669e+00 -1.194712575494675466e+00
5.513399140000414533e+00 -1.194994290202175735e+00
5.502816800000415398e+00 -1.195277038600955244e+00
5.492234460000416263e+00 -1.195560813806499922e+00
5.481652120000417128e+00 -1.195845604009152519e+00
5.471069780000417992e+00 -1.196131419449532274e+00
5.460487440000418857e+00 -1.196418297019389065e+00
5.449905100000419722e+00 -1.196706201730461494e+00
5.439322760000420587e+00 -1.196995134943043215e+00
5.428740420000421452e+00 -1.197285140022177119e+00
5.418158080000422316e+00 -1.197576171750752483e+00
5.407575740000423181e+00 -1.197868273573059250e+00
5.396993400000424046e+00 -1.198161438677781909e+00
5.386411060000424911e+00 -1.198455653984731750e+00
5.375828720000425776e+00 -1.198750932890691345e+00
5.365246380000426640e+00 -1.199047303170923673e+00
5.354664040000427505e+00 -1.199344740878289350e+00
5.344081700000428370e+00 -1.199643242500151308e+00
5.333499360000429235e+00 -1.199942852390542880e+00
5.322917020000430099e+00 -1.200243523742132279e+00
5.312334680000430964e+00 -1.200545300963018480e+00
5.301752340000431829e+00 -1.200848177357459745e+00
5.291170000000432694e+00 -1.201152138403656311e+00
5.280587660000433559e+00 -1.201457198233125467e+00
5.270005320000434423e+00 -1.201763385381496185e+00
5.259422980000435288e+00 -1.202070674397591299e+00
5.248840640000436153e+00 -1.202379061896318380e+00
5.238258300000437018e+00 -1.202688593169169096e+00
5.227675960000437883e+00 -1.202999219732605374e+00
5.217093620000438747e+00 -1.203310986902247359e+00
5.206511280000439612e+00 -1.203623888149023102e+00
5.195928940000440477e+00 -1.203937907315420386e+00
5.185346600000441342e+00 -1.204253059288112437e+00
5.174764260000442206e+00 -1.204569373386522368e+00
5.164181920000443071e+00 -1.204886822451125106e+00
5.153599580000443936e+00 -1.205205403281160104e+00
5.143017240000444801e+00 -1.205525162036520603e+00
5.132434900000445666e+00 -1.205846048468212972e+00
5.121852560000446530e+00 -1.206168108724025911e+00
5.111270220000447395e+00 -1.206491345344930410e+00
5.100687880000448260e+00 -1.206815716930242477e+00
5.090105540000449125e+00 -1.207141259411269596e+00
5.079523200000449989e+00 -1.207467997188791164e+00
5.068940860000450854e+00 -1.207795901160867880e+00
5.058358520000451719e+00 -1.208124968379429953e+00
5.047776180000452584e+00 -1.208455245782974030e+00
5.037193840000453449e+00 -1.208786681261805551e+00
5.026611500000454313e+00 -1.209119344049028655e+00
5.016029160000455178e+00 -1.209453166682868730e+00
5.005446820000456043e+00 -1.209788179325539836e+00
4.994864480000456908e+00 -1.210124419025925935e+00
4.984282140000457773e+00 -1.210461832596577025e+00
4.973699800000458637e+00 -1.210800467274506964e+00
4.963117460000459502e+00 -1.211140317269766564e+00
4.952535120000460367e+00 -1.211481361154109537e+00
4.941952780000461232e+00 -1.211823613882140105e+00
4.931370440000462096e+00 -1.212167112703187444e+00
4.920788100000462961e+00 -1.212511819109729938e+00
4.910205760000463826e+00 -1.212857732652373288e+00
4.899623420000464691e+00 -1.213204901236422995e+00
4.889041080000465556e+00 -1.213553269648080857e+00
4.878458740000466420e+00 -1.213902885647134555e+00
4.867876400000467285e+00 -1.214253743882713454e+00
4.857294060000468150e+00 -1.214605820334721864e+00
4.846711720000469015e+00 -1.214959132705899503e+00
4.836129380000469880e+00 -1.215313713251540140e+00
4.825547040000470744e+00 -1.215669526580693605e+00
4.814964700000471609e+00 -1.216026570770987192e+00
4.804382360000472474e+00 -1.216384894137745754e+00
4.793800020000473339e+00 -1.216744439315160742e+00
4.783217680000474203e+00 -1.217105254399558856e+00
4.772635340000475068e+00 -1.217467334573813620e+00
4.762053000000475933e+00 -1.217830656742156181e+00
4.751470660000476798e+00 -1.218195231646516774e+00
4.740888320000477663e+00 -1.218561096235204699e+00
4.730305980000478527e+00 -1.218928212003985712e+00
4.719723640000479392e+00 -1.219296577595765152e+00
4.709141300000480257e+00 -1.219666241512820104e+00
4.698558960000481122e+00 -1.220037144089308745e+00
4.687976620000481986e+00 -1.220409333518798878e+00
4.677394280000482851e+00 -1.220782805611809518e+00
4.666811940000483716e+00 -1.221157529977212608e+00
4.656229600000484581e+00 -1.221533525865093450e+00
4.645647260000485446e+00 -1.221910827154129908e+00
4.635064920000486310e+00 -1.222289391767783062e+00
4.624482580000487175e+00 -1.222669218986183415e+00
4.613900240000488040e+00 -1.223050357219821471e+00
4.603317900000488905e+00 -1.223432744320854137e+00
4.592735560000489770e+00 -1.223816428272927581e+00
4.582153220000490634e+00 -1.224201409890724346e+00
4.571570880000491499e+00 -1.224587641976898844e+00
4.560988540000492364e+00 -1.224975157341349430e+00
4.550406200000493229e+00 -1.225363986287174578e+00
4.539823860000494093e+00 -1.225754082592304339e+00
4.529241520000494958e+00 -1.226145446278399831e+00
4.518659180000495823e+00 -1.226538125279271974e+00
4.508076840000496688e+00 -1.226932054736352251e+00
4.497494500000497553e+00 -1.227327310697305496e+00
4.486912160000498417e+00 -1.227723808259328031e+00
4.476329820000499282e+00 -1.228121583130316941e+00
4.465747480000500147e+00 -1.228520671171641654e+00
4.455165140000501012e+00 -1.228921005897035013e+00
4.444582800000501877e+00 -1.229322634138142023e+00
4.434000460000502741e+00 -1.229725550808502765e+00
4.423418120000503606e+00 -1.230129722663661385e+00
4.412835780000504471e+00 -1.230535162074789746e+00
4.402253440000505336e+00 -1.230941911807882150e+00
4.391671100000506200e+00 -1.231349908414090422e+00
4.381088760000507065e+00 -1.231759157866830545e+00
4.370506420000507930e+00 -1.232169706376713858e+00
4.359924080000508795e+00 -1.232581484254657411e+00
4.349341740000509660e+00 -1.232994536877930480e+00
4.338759400000510524e+00 -1.233408859731833118e+00
4.328177060000511389e+00 -1.233824414420900517e+00
4.317594720000512254e+00 -1.234241215817198922e+00
4.307012380000513119e+00 -1.234659293334501751e+00
4.296430040000513984e+00 -1.235078596067485712e+00
4.285847700000514848e+00 -1.235499122869325062e+00
4.275265360000515713e+00 -1.235920917983832412e+00
4.264683020000516578e+00 -1.236343908079823972e+00
4.254100680000517443e+00 -1.236768136333664447e+00
4.243518340000518307e+00 -1.237193598699170005e+00
4.232936000000519172e+00 -1.237620250682544887e+00
4.222353660000520037e+00 -1.238048106502899426e+00
4.211771320000520902e+00 -1.238477194903919054e+00
4.201188980000521767e+00 -1.238907458488250013e+00
4.190606640000522631e+00 -1.239338896457863104e+00
4.180024300000523496e+00 -1.239771550193253136e+00
4.169441960000524361e+00 -1.240205342151381007e+00
4.158859620000525226e+00 -1.240640312355781427e+00
4.148277280000526090e+00 -1.241076457019259838e+00
4.137694940000526955e+00 -1.241513724392774964e+00
4.127112600000527820e+00 -1.241952127447307541e+00
4.116530260000528685e+00 -1.242391693662283192e+00
4.105947920000529550e+00 -1.242832357899087192e+00
4.095365580000530414e+00 -1.243274119426037938e+00
4.084783240000531279e+00 -1.243717015620888988e+00
4.074200900000532144e+00 -1.244160963992972491e+00
4.063618560000533009e+00 -1.244606000206013974e+00
4.053036220000533874e+00 -1.245052130547132929e+00
4.042453880000534738e+00 -1.245499269745905302e+00
4.031871540000535603e+00 -1.245947447908074102e+00
4.021289200000536468e+00 -1.246396685923612413e+00
4.010706860000537333e+00 -1.246846909396935432e+00
4.000124520000538197e+00 -1.247298117215951851e+00
3.989542180000539062e+00 -1.247750341315565503e+00
3.978959840000539927e+00 -1.248203493314472778e+00
3.968377500000540792e+00 -1.248657636094822054e+00
3.957795160000541657e+00 -1.249112668987714114e+00
3.947212820000542521e+00 -1.249568611066706136e+00
3.936630480000543386e+00 -1.250025483550817995e+00
3.926048140000544251e+00 -1.250483185261271002e+00
3.915465800000545116e+00 -1.250941759006688470e+00
3.904883460000545981e+00 -1.251401191456650297e+00
3.894301120000546845e+00 -1.251861405138493089e+00
3.883718780000547710e+00 -1.252322406726771087e+00
3.873136440000548575e+00 -1.252784212613962112e+00
3.862554100000549440e+00 -1.253246733627046305e+00
3.851971760000550304e+00 -1.253709965504805179e+00
3.841389420000551169e+00 -1.254173927957456192e+00
3.830807080000552034e+00 -1.254638520942033875e+00
3.820224740000552899e+00 -1.255103761129521933e+00
3.809642400000553764e+00 -1.255569641391792279e+00
3.799060060000554628e+00 -1.256036070415388339e+00
3.788477720000555493e+00 -1.256503053930993152e+00
3.777895380000556358e+00 -1.256970589350138168e+00
3.767313040000557223e+00 -1.257438586123988733e+00
3.756730700000558087e+00 -1.257907032913889278e+00
3.746148360000558952e+00 -1.258375938458840881e+00
3.735566020000559817e+00 -1.258845193137146268e+00
3.724983680000560682e+00 -1.259314801923161475e+00
3.714401340000561547e+00 -1.259784755471153872e+00
3.703819000000562411e+00 -1.260254950166728838e+00
3.693236660000563276e+00 -1.260725367075869574e+00
3.682654320000564141e+00 -1.261196019120271128e+00
3.672071980000565006e+00 -1.261666781094621825e+00
3.661489640000565871e+00 -1.262137643231564077e+00
3.650907300000566735e+00 -1.262608600194858877e+00
3.640324960000567600e+00 -1.263079530697633013e+00
3.629742620000568465e+00 -1.263550424765572444e+00
3.619160280000569330e+00 -1.264021282628450926e+00
3.608577940000570194e+00 -1.264491930169884482e+00
3.597995600000571059e+00 -1.264962380970100275e+00
3.587413260000571924e+00 -1.265432661877021747e+00
3.576830920000572789e+00 -1.265902580507690889e+00
3.566248580000573654e+00 -1.266372136446592744e+00
3.555666240000574518e+00 -1.266841306506127696e+00
3.545083900000575383e+00 -1.267309955197728266e+00
3.534501560000576248e+00 -1.267778053653978221e+00
3.523919220000577113e+00 -1.268245576648736384e+00
3.513336880000577978e+00 -1.268712381681895929e+00
3.502754540000578842e+00 -1.269178414087704709e+00
3.492172200000579707e+00 -1.269643704459462397e+00
3.481589860000580572e+00 -1.270108036186583522e+00
3.471007520000581437e+00 -1.270571400112616711e+00
3.460425180000582301e+00 -1.271033750647128091e+00
3.449842840000583166e+00 -1.271494935051697972e+00
3.439260500000584031e+00 -1.271954953484949247e+00
3.428678160000584896e+00 -1.272413611147148904e+00
3.418095820000585761e+00 -1.272870900958553486e+00
3.407513480000586625e+00 -1.273326752282947227e+00
3.396931140000587490e+00 -1.273781001271787838e+00
3.386348800000588355e+00 -1.274233579909644476e+00
3.375766460000589220e+00 -1.274684446488910883e+00
3.365184120000590084e+00 -1.275133412371398656e+00
3.354601780000590949e+00 -1.275580419146124855e+00
3.344019440000591814e+00 -1.276025400044461078e+00
3.333437100000592679e+00 -1.276468149939717023e+00
3.322854760000593544e+00 -1.276908622612462851e+00
3.312272420000594408e+00 -1.277346726435691693e+00
3.301690080000595273e+00 -1.277782274393541639e+00
3.291107740000596138e+00 -1.278215165585846469e+00
3.280525400000597003e+00 -1.278645343626616082e+00
3.269943060000597868e+00 -1.279072581536462527e+00
3.259360720000598732e+00 -1.279496789814013713e+00
3.248778380000599597e+00 -1.279917891268955277e+00
3.238196040000600462e+00 -1.280335633139662477e+00
3.227613700000601327e+00 -1.280749952115017187e+00
3.217031360000602191e+00 -1.281160718161770795e+00
3.206449020000603056e+00 -1.281567716406684765e+00
3.195866680000603921e+00 -1.281970805691565962e+00
3.185284340000604786e+00 -1.282369910572144001e+00
3.174702000000605651e+00 -1.282764757433761060e+00
3.164119660000606515e+00 -1.283155230753099119e+00
3.153537320000607380e+00 -1.283541216302887866e+00
3.142954980000608245e+00 -1.283922418309665137e+00
3.132372640000609110e+00 -1.284298749830841135e+00
3.121790300000609975e+00 -1.284670034012104001e+00
3.111207960000610839e+00 -1.285036022586866222e+00
3.100625620000611704e+00 -1.285396525406032442e+00
3.090043280000612569e+00 -1.285751432937005001e+00
3.079460940000613434e+00 -1.286100448010568220e+00
3.068878600000614298e+00 -1.286443397687127677e+00
3.058296260000615163e+00 -1.286780106131764523e+00
3.047713920000616028e+00 -1.287110253623191314e+00
3.037131580000616893e+00 -1.287433716486982682e+00
3.026549240000617758e+00 -1.287750259759203875e+00
3.015966900000618622e+00 -1.288059595186243911e+00
3.005384560000619487e+00 -1.288361473224872267e+00
2.994802220000620352e+00 -1.288655748347153684e+00
2.984219880000621217e+00 -1.288942076128461345e+00
2.973637540000622081e+00 -1.289220219626810326e+00
2.963055200000622946e+00 -1.289489961285146480e+00
2.952472860000623811e+00 -1.289750912665851290e+00
2.941890520000624676e+00 -1.290002919531234582e+00
2.931308180000625541e+00 -1.290245675489550159e+00
2.920725840000626405e+00 -1.290478844317396234e+00
2.910143500000627270e+00 -1.290702140540766374e+00
2.899561160000628135e+00 -1.290915263631055687e+00
2.888978820000629000e+00 -1.291117921908116362e+00
2.878396480000629865e+00 -1.291309800227091298e+00
2.867814140000630729e+00 -1.291490531607184744e+00
2.857231800000631594e+00 -1.291659748262842689e+00
2.846649460000632459e+00 -1.291817242147385247e+00
2.836067120000633324e+00 -1.291962533520624401e+00
2.825484780000634188e+00 -1.292095321666016483e+00
2.814902440000635053e+00 -1.292215240026004075e+00
2.804320100000635918e+00 -1.292321821091559464e+00
2.793737760000636783e+00 -1.292414811653761486e+00
2.783155420000637648e+00 -1.292493771857004647e+00
2.772573080000638512e+00 -1.292558270409935872e+00
2.761990740000639377e+00 -1.292607842433738830e+00
2.751408400000640242e+00 -1.292642219610103949e+00
2.740826060000641107e+00 -1.292660831525147547e+00
2.730243720000641972e+00 -1.292663278755854739e+00
2.719661380000642836e+00 -1.292649152202142826e+00
2.709079040000643701e+00 -1.292617843247734655e+00
2.698496700000644566e+00 -1.292569045308875619e+00
2.687914360000645431e+00 -1.292502205362508594e+00
2.677332020000646295e+00 -1.292416813743714421e+00
2.666749680000647160e+00 -1.292312287317628927e+00
2.656167340000648025e+00 -1.292188294539319715e+00
2.645585000000648890e+00 -1.292044116905566975e+00
2.635002660000649755e+00 -1.291879261491803099e+00
2.624420320000650619e+00 -1.291693267993689886e+00
2.613837980000651484e+00 -1.291485357064375838e+00
2.603255640000652349e+00 -1.291255148988059265e+00
2.592673300000653214e+00 -1.291001952551186882e+00
2.582090960000654078e+00 -1.290725162008353299e+00
2.571508620000654943e+00 -1.290424049804365314e+00
2.560926280000655808e+00 -1.290098210008858493e+00
2.550343940000656673e+00 -1.289746725335476185e+00
2.539761600000657538e+00 -1.289369032677673665e+00
2.529179260000658402e+00 -1.288964556502395276e+00
2.518596920000659267e+00 -1.288532322023726806e+00
2.508014580000660132e+00 -1.288071862801998257e+00
2.497432240000660997e+00 -1.287582318807092285e+00
2.486849900000661862e+00 -1.287062966371088191e+00
2.476267560000662726e+00 -1.286512901642298257e+00
2.465685220000663591e+00 -1.285931530663827482e+00
2.455102880000664456e+00 -1.285317974838953159e+00
2.444520540000665321e+00 -1.284671302658008774e+00
2.433938200000666185e+00 -1.283990874500583024e+00
2.423355860000667050e+00 -1.283275512152825648e+00
2.412773520000667915e+00 -1.282524622923040036e+00
2.402191180000668780e+00 -1.281737141494354137e+00
2.391608840000669645e+00 -1.280912200476729712e+00
2.381026500000670509e+00 -1.280048736863035108e+00
2.370444160000671374e+00 -1.279145834475246657e+00
2.359861820000672239e+00 -1.278202605804647396e+00
2.349279480000673104e+00 -1.277217894528981379e+00
2.338697140000673969e+00 -1.276190741220154967e+00
2.328114800000674833e+00 -1.275119891182594056e+00
2.317532460000675698e+00 -1.274004593005356067e+00
2.306950120000676563e+00 -1.272843377037788715e+00
2.296367780000677428e+00 -1.271635361396718178e+00
2.285785440000678292e+00 -1.270379157350140620e+00
2.275203100000679157e+00 -1.269073644631189435e+00
2.264620760000680022e+00 -1.267717804616213195e+00
2.254038420000680887e+00 -1.266310169141320552e+00
2.243456080000681752e+00 -1.264849590901355292e+00
2.232873740000682616e+00 -1.263334534524190644e+00
2.222291400000683481e+00 -1.261764055669651441e+00
2.211709060000684346e+00 -1.260136409722588668e+00
2.201126720000685211e+00 -1.258450375581209979e+00
2.190544380000686076e+00 -1.256704703956299074e+00
2.179962040000686940e+00 -1.254897550455378763e+00
2.169379700000687805e+00 -1.253027852144149801e+00
2.158797360000688670e+00 -1.251093825835011497e+00
2.148215020000689535e+00 -1.249094110621901565e+00
2.137632680000690399e+00 -1.247026848244604968e+00
2.127050340000691264e+00 -1.244890870119215620e+00
2.116468000000692129e+00 -1.242684122894039067e+00
2.105885660000692994e+00 -1.240405118107444249e+00
2.095303320000693859e+00 -1.238052334911035723e+00
2.084720980000694723e+00 -1.235623608406533069e+00
2.074138640000695588e+00 -1.233117641226356476e+00
2.063556300000696453e+00 -1.230532294063872989e+00
2.052973960000697318e+00 -1.227865973366540242e+00
2.042391620000698182e+00 -1.225116455022026818e+00
2.031809280000699047e+00 -1.222282316770427091e+00
2.021226940000699912e+00 -1.219361198535529489e+00
2.010644600000700777e+00 -1.216351293209015916e+00
2.000062260000701642e+00 -1.213250756007415054e+00
1.989479920000702506e+00 -1.210057106918085879e+00
1.978897580000703371e+00 -1.206768782585155186e+00
1.968315240000704236e+00 -1.203383246940088469e+00
1.957732900000705101e+00 -1.199898658745909730e+00
1.947150560000705966e+00 -1.196312386714669884e+00
1.936568220000706830e+00 -1.192622392256845743e+00
1.925985880000707695e+00 -1.188826815962170436e+00
1.915403540000708560e+00 -1.184922828559927144e+00
1.904821200000709425e+00 -1.180908399152077237e+00
1.894238860000710289e+00 -1.176780684036025981e+00
1.883656520000711154e+00 -1.172537826685718265e+00
1.873074180000712019e+00 -1.168176833672060821e+00
1.862491840000712884e+00 -1.163695583489506191e+00
1.851909500000713749e+00 -1.159090941486739634e+00
1.841327160000714613e+00 -1.154360776252672638e+00
1.830744820000715478e+00 -1.149502459977256974e+00
1.820162480000716343e+00 -1.144512829055331249e+00
1.809580140000717208e+00 -1.139389571744204188e+00
1.798997800000718073e+00 -1.134129256768984018e+00
1.788415460000718937e+00 -1.128729660233448229e+00
1.777833120000719802e+00 -1.123187327481641962e+00
1.767250780000720667e+00 -1.117499643634320972e+00
1.756668440000721532e+00 -1.111663026034932722e+00
1.746086100000722396e+00 -1.105674478201137623e+00
1.735503760000723261e+00 -1.099531292830800755e+00
1.724921420000724126e+00 -1.093229481684197868e+00
1.714339080000724991e+00 -1.086766270916966759e+00
1.703756740000725856e+00 -1.080137481591372461e+00
1.693174400000726720e+00 -1.073340386599623830e+00
1.682592060000727585e+00 -1.066370748806061197e+00
1.672009720000728450e+00 -1.059225088643196422e+00
1.661427380000729315e+00 -1.051899833237966320e+00
1.650845040000730179e+00 -1.044390431910769967e+00
1.640262700000731044e+00 -1.036693775030349762e+00
1.629680360000731909e+00 -1.028804899367325110e+00
1.619098020000732774e+00 -1.020720338932563198e+00
1.608515680000733639e+00 -1.012434860694286787e+00
1.597933340000734503e+00 -1.003944967071561445e+00
1.587351000000735368e+00 -9.952453834951104916e-01
1.576768660000736233e+00 -9.863312427542141325e-01
1.566186320000737098e+00 -9.771987630485874377e-01
1.555603980000737963e+00 -9.678418225436759004e-01
1.545021640000738827e+00 -9.582563516624014177e-01
1.534439300000739692e+00 -9.484360310833117591e-01
1.523856960000740557e+00 -9.383763653924201975e-01
1.513274620000741422e+00 -9.280706375499732097e-01
1.502692280000742286e+00 -9.175142247255030359e-01
1.492109940000743151e+00 -9.067003731957331558e-01
1.481527600000744016e+00 -8.956232332266282903e-01
1.470945260000744881e+00 -8.842767514341084434e-01
1.460362920000745746e+00 -8.726535492914910819e-01
1.449780580000746610e+00 -8.607481899695226257e-01
1.439198240000747475e+00 -8.485524076967523310e-01
1.428615900000748340e+00 -8.360602353032992040e-01
1.418033560000749205e+00 -8.232628777663424380e-01
1.407451220000750070e+00 -8.101536040321686283e-01
1.396868880000750934e+00 -7.967250445086044852e-01
1.386286540000751799e+00 -7.829678987187749239e-01
1.375704200000752664e+00 -7.688745257659979071e-01
1.365121860000753529e+00 -7.544352292738150112e-01
1.354539520000754393e+00 -7.396425889022140154e-01
1.343957180000755258e+00 -7.244856446754780466e-01
1.333374840000756123e+00 -7.089563098449440659e-01
1.322792500000756988e+00 -6.930433084329614690e-01
1.312210160000757853e+00 -6.767361987196809370e-01
1.301627820000758717e+00 -6.600262961511778048e-01
1.291045480000759582e+00 -6.429004465643255450e-01
1.280463140000760447e+00 -6.253490068106180022e-01
1.269880800000761312e+00 -6.073581804280244745e-01
1.259298460000762176e+00 -5.889176329369605334e-01
1.248716120000763041e+00 -5.700135676405728713e-01
1.238133780000763906e+00 -5.506338653301516839e-01
1.227551440000764771e+00 -5.307623851083824729e-01
1.216969100000765636e+00 -5.103874616200907433e-01
1.206386760000766500e+00 -4.894951158094366650e-01
1.195804420000767365e+00 -4.680677470137021845e-01
1.185222080000768230e+00 -4.460918273146212698e-01
1.174639740000769095e+00 -4.235484003826467947e-01
1.164057400000769960e+00 -4.004226354947443278e-01
1.153475060000770824e+00 -3.766954549078922465e-01
1.142892720000771689e+00 -3.523485422337329087e-01
1.132310380000772554e+00 -3.273626838493028934e-01
1.121728040000773419e+00 -3.017161192274024351e-01
1.111145700000774283e+00 -2.753899032294243043e-01
1.100563360000775148e+00 -2.483582167268899576e-01
1.089981020000776013e+00 -2.205998174954366120e-01
1.079398680000776878e+00 -1.920855561214658280e-01
1.068816340000777743e+00 -1.627899608444633994e-01
1.058234000000778607e+00 -1.326808534858551214e-01
