1.058234000000000030e+01 -1.214377112186519225e+00
1.057175766000000117e+01 -1.214438496754735031e+00
1.056117532000000203e+01 -1.214500010638129845e+00
1.055059298000000290e+01 -1.214561647619007312e+00
1.054001064000000376e+01 -1.214623408268671101e+00
1.052942830000000463e+01 -1.214685297528357522e+00
1.051884596000000549e+01 -1.214747310226875987e+00
1.050826362000000636e+01 -1.214809451320725930e+00
1.049768128000000722e+01 -1.214871717702405096e+00
1.048709894000000808e+01 -1.214934114196106751e+00
1.047651660000000895e+01 -1.214996634958370292e+00
1.046593426000000981e+01 -1.215059288182588793e+00
1.045535192000001068e+01 -1.215122068175458647e+00
1.044476958000001154e+01 -1.215184975315708460e+00
1.043418724000001241e+01 -1.215248014750321959e+00
1.042360490000001327e+01 -1.215311181005329644e+00
1.041302256000001414e+01 -1.215374479243561678e+00
1.040244022000001500e+01 -1.215437912188617853e+00
1.039185788000001587e+01 -1.215501470138175444e+00
1.038127554000001673e+01 -1.215565158789949196e+00
1.037069320000001760e+01 -1.215628983532711427e+00
1.036011086000001846e+01 -1.215692938671723233e+00
1.034952852000001933e+01 -1.215757024568217437e+00
1.033894618000002019e+01 -1.215821246472863715e+00
1.032836384000002106e+01 -1.215885598817004754e+00
1.031778150000002192e+01 -1.215950084351459459e+00
1.030719916000002279e+01 -1.216014710337753435e+00
1.029661682000002365e+01 -1.216079465484179556e+00
1.028603448000002452e+01 -1.216144358762479172e+00
1.027545214000002538e+01 -1.216209384550369643e+00
1.026486980000002625e+01 -1.216274548174171688e+00
1.025428746000002711e+01 -1.216339846482394460e+00
1.024370512000002797e+01 -1.216405284295392297e+00
1.023312278000002884e+01 -1.216470856484691998e+00
1.022254044000002970e+01 -1.216536569413414703e+00
1.021195810000003057e+01 -1.216602419294485982e+00
1.020137576000003143e+01 -1.216668405825981791e+00
1.019079342000003230e+01 -1.216734534424503078e+00
1.018021108000003316e+01 -1.216800799370239883e+00
1.016962874000003403e+01 -1.216867206098838583e+00
1.015904640000003489e+01 -1.216933751441267253e+00
1.014846406000003576e+01 -1.217000440216828405e+00
1.013788172000003662e+01 -1.217067266693442118e+00
1.012729938000003749e+01 -1.217134239176779209e+00
1.011671704000003835e+01 -1.217201351969507295e+00
1.010613470000003922e+01 -1.217268605387241687e+00
1.009555236000004008e+01 -1.217336004960718698e+00
1.008497002000004095e+01 -1.217403544868235210e+00
1.007438768000004181e+01 -1.217471230658268677e+00
1.006380534000004268e+01 -1.217539059144097324e+00
1.005322300000004354e+01 -1.217607038374519668e+00
1.004264066000004441e+01 -1.217675156198001041e+00
1.003205832000004527e+01 -1.217743424177969880e+00
1.002147598000004614e+01 -1.217811836616638832e+00
1.001089364000004700e+01 -1.217880393811412443e+00
1.000031130000004786e+01 -1.217949101408869028e+00
9.989728960000048730e+00 -1.218017953483816695e+00
9.979146620000049595e+00 -1.218086955701127794e+00
9.968564280000050459e+00 -1.218156104856265021e+00
9.957981940000051324e+00 -1.218225405767273228e+00
9.947399600000052189e+00 -1.218294852771673042e+00
9.936817260000053054e+00 -1.218364454245479678e+00
9.926234920000053918e+00 -1.218434204490572936e+00
9.915652580000054783e+00 -1.218504103786121062e+00
9.905070240000055648e+00 -1.218574157898285826e+00
9.894487900000056513e+00 -1.218644360795630766e+00
9.883905560000057378e+00 -1.218714718263314012e+00
9.873323220000058242e+00 -1.218785230032070732e+00
9.862740880000059107e+00 -1.218855892059858226e+00
9.852158540000059972e+00 -1.218926707581121427e+00
9.841576200000060837e+00 -1.218997682055799281e+00
9.830993860000061701e+00 -1.219068809785950780e+00
9.820411520000062566e+00 -1.219140091032271833e+00
9.809829180000063431e+00 -1.219211531684402994e+00
9.799246840000064296e+00 -1.219283125602028006e+00
9.788664500000065161e+00 -1.219354876091620632e+00
9.778082160000066025e+00 -1.219426790697525131e+00
9.767499820000066890e+00 -1.219498857499433209e+00
9.756917480000067755e+00 -1.219571086335680565e+00
9.746335140000068620e+00 -1.219643471004203894e+00
9.735752800000069485e+00 -1.219716017484995474e+00
9.725170460000070349e+00 -1.219788722527296754e+00
9.714588120000071214e+00 -1.219861590949512076e+00
9.704005780000072079e+00 -1.219934617698356760e+00
9.693423440000072944e+00 -1.220007813192057755e+00
9.682841100000073808e+00 -1.220081166318468080e+00
9.672258760000074673e+00 -1.220154680268906500e+00
9.661676420000075538e+00 -1.220228361133327999e+00
9.651094080000076403e+00 -1.220302202596251995e+00
9.640511740000077268e+00 -1.220376210768356673e+00
9.629929400000078132e+00 -1.220450382380575238e+00
9.619347060000078997e+00 -1.220524722252194660e+00
9.608764720000079862e+00 -1.220599224859151732e+00
9.598182380000080727e+00 -1.220673898717167694e+00
9.587600040000081592e+00 -1.220748738130427613e+00
9.577017700000082456e+00 -1.220823743311907350e+00
9.566435360000083321e+00 -1.220898920485950390e+00
9.555853020000084186e+00 -1.220974263220612421e+00
9.545270680000085051e+00 -1.221049777761597399e+00
9.534688340000085915e+00 -1.221125460821645525e+00
9.524106000000086780e+00 -1.221201317221195293e+00
9.513523660000087645e+00 -1.221277341478977263e+00
9.502941320000088510e+00 -1.221353542153801541e+00
9.492358980000089375e+00 -1.221429913551480562e+00
9.481776640000090239e+00 -1.221506455866161911e+00
9.471194300000091104e+00 -1.221583175461145920e+00
9.460611960000091969e+00 -1.221660065784935911e+00
9.450029620000092834e+00 -1.221737133222992711e+00
9.439447280000093699e+00 -1.221814374469622599e+00
9.428864940000094563e+00 -1.221891794347090832e+00
9.418282600000095428e+00 -1.221969387418656350e+00
9.407700260000096293e+00 -1.222047162288077971e+00
9.397117920000097158e+00 -1.222125113263327734e+00
9.386535580000098022e+00 -1.222203240519660561e+00
9.375953240000098887e+00 -1.222281550564116470e+00
9.365370900000099752e+00 -1.222360036722478061e+00
9.354788560000100617e+00 -1.222438705524814928e+00
9.344206220000101482e+00 -1.222517560488677102e+00
9.333623880000102346e+00 -1.222596589671259615e+00
9.323041540000103211e+00 -1.222675800700636195e+00
9.312459200000104076e+00 -1.222755199134922588e+00
9.301876860000104941e+00 -1.222834779284708517e+00
9.291294520000105805e+00 -1.222914541306336922e+00
9.280712180000106670e+00 -1.222994491855677657e+00
9.270129840000107535e+00 -1.223074624132482802e+00
9.259547500000108400e+00 -1.223154942111526422e+00
9.248965160000109265e+00 -1.223235453685326490e+00
9.238382820000110129e+00 -1.223316146205645216e+00
9.227800480000110994e+00 -1.223397030546991004e+00
9.217218140000111859e+00 -1.223478099837557842e+00
9.206635800000112724e+00 -1.223559360842526589e+00
9.196053460000113589e+00 -1.223640810209086993e+00
9.185471120000114453e+00 -1.223722452766530910e+00
9.174888780000115318e+00 -1.223804283565838702e+00
9.164306440000116183e+00 -1.223886310240607012e+00
9.153724100000117048e+00 -1.223968528201137662e+00
9.143141760000117912e+00 -1.224050937209559597e+00
9.132559420000118777e+00 -1.224133544163849008e+00
9.121977080000119642e+00 -1.224216342060777896e+00
9.111394740000120507e+00 -1.224299337823590017e+00
9.100812400000121372e+00 -1.224382528081071397e+00
9.090230060000122236e+00 -1.224465917666524462e+00
9.079647720000123101e+00 -1.224549501318000999e+00
9.069065380000123966e+00 -1.224633287815883209e+00
9.058483040000124831e+00 -1.224717271480572522e+00
9.047900700000125696e+00 -1.224801452420049452e+00
9.037318360000126560e+00 -1.224885837695112611e+00
9.026736020000127425e+00 -1.224970420167563745e+00
9.016153680000128290e+00 -1.225055206924432261e+00
9.005571340000129155e+00 -1.225140194576179287e+00
8.994989000000130019e+00 -1.225225392012547321e+00
8.984406660000130884e+00 -1.225310785932063773e+00
8.973824320000131749e+00 -1.225396389212034309e+00
8.963241980000132614e+00 -1.225482196178024896e+00
8.952659640000133479e+00 -1.225568206919162240e+00
8.942077300000134343e+00 -1.225654428665130968e+00
8.931494960000135208e+00 -1.225740854138883451e+00
8.920912620000136073e+00 -1.225827490597318770e+00
8.910330280000136938e+00 -1.225914334632767444e+00
8.899747940000137802e+00 -1.226001391088549664e+00
8.889165600000138667e+00 -1.226088654813874967e+00
8.878583260000139532e+00 -1.226176134701429499e+00
8.868000920000140397e+00 -1.226263825082643644e+00
8.857418580000141262e+00 -1.226351726028035882e+00
8.846836240000142126e+00 -1.226439844942246449e+00
8.836253900000142991e+00 -1.226528174405769445e+00
8.825671560000143856e+00 -1.226616721851598646e+00
8.815089220000144721e+00 -1.226705487111848347e+00
8.804506880000145586e+00 -1.226794465262767808e+00
8.793924540000146450e+00 -1.226883660986458624e+00
8.783342200000147315e+00 -1.226973079977879744e+00
8.772759860000148180e+00 -1.227062716575302526e+00
8.762177520000149045e+00 -1.227152570830728262e+00
8.751595180000149909e+00 -1.227242650330483187e+00
8.741012840000150774e+00 -1.227332947508527949e+00
8.730430500000151639e+00 -1.227423469980586601e+00
8.719848160000152504e+00 -1.227514217594043888e+00
8.709265820000153369e+00 -1.227605185333405569e+00
8.698683480000154233e+00 -1.227696382500110150e+00
8.688101140000155098e+00 -1.227787801444907512e+00
8.677518800000155963e+00 -1.227879449888071850e+00
8.666936460000156828e+00 -1.227971324376472051e+00
8.656354120000157693e+00 -1.228063429771361736e+00
8.645771780000158557e+00 -1.228155761269739354e+00
8.635189440000159422e+00 -1.228248331757412215e+00
8.624607100000160287e+00 -1.228341127358601348e+00
8.614024760000161152e+00 -1.228434152299846094e+00
8.603442420000162016e+00 -1.228527414463959744e+00
8.592860080000162881e+00 -1.228620906048746075e+00
8.582277740000163746e+00 -1.228714634968339769e+00
8.571695400000164611e+00 -1.228808597752222065e+00
8.561113060000165476e+00 -1.228902799270615187e+00
8.550530720000166340e+00 -1.228997234597511312e+00
8.539948380000167205e+00 -1.229091912852572355e+00
8.529366040000168070e+00 -1.229186828396378939e+00
8.518783700000168935e+00 -1.229281981234670029e+00
8.508201360000169799e+00 -1.229377379450455887e+00
8.497619020000170664e+00 -1.229473015084151299e+00
8.487036680000171529e+00 -1.229568896251314047e+00
8.476454340000172394e+00 -1.229665019464483811e+00
8.465872000000173259e+00 -1.229761389603975630e+00
8.455289660000174123e+00 -1.229858001814161605e+00
8.444707320000174988e+00 -1.229954865285728172e+00
8.434124980000175853e+00 -1.230051974390071079e+00
8.423542640000176718e+00 -1.230149329115524104e+00
8.412960300000177583e+00 -1.230246937753032954e+00
8.402377960000178447e+00 -1.230344792181317537e+00
8.391795620000179312e+00 -1.230442900725266409e+00
8.381213280000180177e+00 -1.230541259881002158e+00
8.370630940000181042e+00 -1.230639874540119472e+00
8.360048600000181906e+00 -1.230738739920877123e+00
8.349466260000182771e+00 -1.230837865288647137e+00
8.338883920000183636e+00 -1.230937245026944460e+00
8.328301580000184501e+00 -1.231036879107080706e+00
8.317719240000185366e+00 -1.231136776036425129e+00
8.307136900000186230e+00 -1.231236927527252556e+00
8.296554560000187095e+00 -1.231337342122290845e+00
8.285972220000187960e+00 -1.231438024548668464e+00
8.275389880000188825e+00 -1.231538959773751163e+00
8.264807540000189690e+00 -1.231640155253056479e+00
8.254225200000190554e+00 -1.231741613261411183e+00
8.243642860000191419e+00 -1.231843356952234014e+00
8.233060520000192284e+00 -1.231945338606845297e+00
8.222478180000193149e+00 -1.232047618364815023e+00
8.211895840000194013e+00 -1.232150142043788810e+00
8.201313500000194878e+00 -1.232252949902588934e+00
8.190731160000195743e+00 -1.232356035697885543e+00
8.180148820000196608e+00 -1.232459368291550339e+00
8.169566480000197473e+00 -1.232563006798572669e+00
8.158984140000198337e+00 -1.232666891351917871e+00
8.148401800000199202e+00 -1.232771038557260557e+00
8.137819460000200067e+00 -1.232875519470868264e+00
8.127237120000200932e+00 -1.232980202796466918e+00
8.116654780000201796e+00 -1.233085240208160016e+00
8.106072440000202661e+00 -1.233190513107019992e+00
8.095490100000203526e+00 -1.233296069479404622e+00
8.084907760000204391e+00 -1.233401907121707719e+00
8.074325420000205256e+00 -1.233508032518139563e+00
8.063743080000206120e+00 -1.233614417013100706e+00
8.053160740000206985e+00 -1.233721098457180476e+00
8.042578400000207850e+00 -1.233828075219538523e+00
8.031996060000208715e+00 -1.233935334152214125e+00
8.021413720000209580e+00 -1.234042912238717982e+00
8.010831380000210444e+00 -1.234150729582039085e+00
8.000249040000211309e+00 -1.234258863544742235e+00
7.989666700000212174e+00 -1.234367322854621696e+00
7.979084360000213039e+00 -1.234476044693988861e+00
7.968502020000213903e+00 -1.234585057603139191e+00
7.957919680000214768e+00 -1.234694368456302538e+00
7.947337340000215633e+00 -1.234803937646924865e+00
7.936755000000216498e+00 -1.234913880773399031e+00
7.926172660000217363e+00 -1.235024083262863615e+00
7.915590320000218227e+00 -1.235134595556210524e+00
7.905007980000219092e+00 -1.235245351882378051e+00
7.894425640000219957e+00 -1.235356510185708467e+00
7.883843300000220822e+00 -1.235467871295305775e+00
7.873260960000221687e+00 -1.235579585899394095e+00
7.862678620000222551e+00 -1.235691610385615924e+00
7.852096280000223416e+00 -1.235803947281605586e+00
7.841513940000224281e+00 -1.235916648839821663e+00
7.830931600000225146e+00 -1.236029595633226563e+00
7.820349260000226010e+00 -1.236142869345016715e+00
7.809766920000226875e+00 -1.236256449359138809e+00
7.799184580000227740e+00 -1.236370340602229945e+00
7.788602240000228605e+00 -1.236484552961147676e+00
7.778019900000229470e+00 -1.236598993083477538e+00
7.767437560000230334e+00 -1.236713835482082136e+00
7.756855220000231199e+00 -1.236829090831849332e+00
7.746272880000232064e+00 -1.236944479332484415e+00
7.735690540000232929e+00 -1.237060375408181923e+00
7.725108200000233794e+00 -1.237176412544396253e+00
7.714525860000234658e+00 -1.237292866683134429e+00
7.703943520000235523e+00 -1.237409755772181930e+00
7.693361180000236388e+00 -1.237526870844280813e+00
7.682778840000237253e+00 -1.237644309825656874e+00
7.672196500000238117e+00 -1.237762074489825892e+00
7.661614160000238982e+00 -1.237880058765356894e+00
7.651031820000239847e+00 -1.237998625782891882e+00
7.640449480000240712e+00 -1.238117401762386383e+00
7.629867140000241577e+00 -1.238236508644254608e+00
7.619284800000242441e+00 -1.238355956812640768e+00
7.608702460000243306e+00 -1.238475587709109593e+00
7.598120120000244171e+00 -1.238595703870858378e+00
7.587537780000245036e+00 -1.238716164096398398e+00
7.576955440000245900e+00 -1.238837160412017635e+00
7.566373100000246765e+00 -1.238958319833213251e+00
7.555790760000247630e+00 -1.239079822447426427e+00
7.545208420000248495e+00 -1.239201678895789138e+00
7.534626080000249360e+00 -1.239323879357248526e+00
7.524043740000250224e+00 -1.239446213503139882e+00
7.513461400000251089e+00 -1.239569116721028541e+00
7.502879060000251954e+00 -1.239692603238461643e+00
7.492296720000252819e+00 -1.239816212495364445e+00
7.481714380000253684e+00 -1.239939936499038886e+00
7.471132040000254548e+00 -1.240064260409182939e+00
7.460549700000255413e+00 -1.240189220569577255e+00
7.449967360000256278e+00 -1.240314279593715208e+00
7.439385020000257143e+00 -1.240439394036549903e+00
7.428802680000258007e+00 -1.240565482168364264e+00
7.418220340000258872e+00 -1.240691312110316691e+00
7.407638000000259737e+00 -1.240817814676131503e+00
7.397055660000260602e+00 -1.240945036798045020e+00
7.386473320000261467e+00 -1.241071940108290583e+00
7.375890980000262331e+00 -1.241199943514408766e+00
7.365308640000263196e+00 -1.241327951234200588e+00
7.354726300000264061e+00 -1.241456341634842531e+00
7.344143960000264926e+00 -1.241584676380904417e+00
7.333561620000265791e+00 -1.241714251070081154e+00
7.322979280000266655e+00 -1.241843321608183226e+00
7.312396940000267520e+00 -1.241973689959782634e+00
7.301814600000268385e+00 -1.242103978130813635e+00
7.291232260000269250e+00 -1.242234151736777426e+00
7.280649920000270114e+00 -1.242365742486744029e+00
7.270067580000270979e+00 -1.242497201915638394e+00
7.259485240000271844e+00 -1.242628479379176198e+00
7.248902900000272709e+00 -1.242760702663493255e+00
7.238320560000273574e+00 -1.242893324680564904e+00
7.227738220000274438e+00 -1.243026352126549439e+00
7.217155880000275303e+00 -1.243159765552341200e+00
7.206573540000276168e+00 -1.243294274233616381e+00
7.195991200000277033e+00 -1.243428528109782771e+00
7.185408860000277897e+00 -1.243563179224428605e+00
7.174826520000278762e+00 -1.243698233169738598e+00
7.164244180000279627e+00 -1.243832889192342028e+00
7.153661840000280492e+00 -1.243969574893108332e+00
7.143079500000281357e+00 -1.244105854894012708e+00
7.132497160000282221e+00 -1.244242569858138969e+00
7.121914820000283086e+00 -1.244378743098486950e+00
7.111332480000283951e+00 -1.244517225491703849e+00
7.100750140000284816e+00 -1.244654164851373812e+00
7.090167800000285681e+00 -1.244792506499614815e+00
7.079585460000286545e+00 -1.244931275087549860e+00
7.069003120000287410e+00 -1.245070457936946262e+00
7.058420780000288275e+00 -1.245211243114602961e+00
7.047838440000289140e+00 -1.245351332666030819e+00
7.037256100000290004e+00 -1.245491851606927991e+00
7.026673760000290869e+00 -1.245632800414708363e+00
7.016091420000291734e+00 -1.245774191717472279e+00
7.005509080000292599e+00 -1.245916014436442731e+00
6.994926740000293464e+00 -1.246058281267279355e+00
6.984344400000294328e+00 -1.246200994591287303e+00
6.973762060000295193e+00 -1.246344141889882184e+00
6.963179720000296058e+00 -1.246487732034215146e+00
6.952597380000296923e+00 -1.246631787850510431e+00
6.942015040000297788e+00 -1.246776286419018387e+00
6.931432700000298652e+00 -1.246921233571744558e+00
6.920850360000299517e+00 -1.247066642355791233e+00
6.910268020000300382e+00 -1.247212501448306421e+00
6.899685680000301247e+00 -1.247358823967523733e+00
6.889103340000302111e+00 -1.247505612392345142e+00
6.878521000000302976e+00 -1.247652861070903896e+00
6.867938660000303841e+00 -1.247800565164324471e+00
6.857356320000304706e+00 -1.247948754878408506e+00
6.846773980000305571e+00 -1.248097407097117362e+00
6.836191640000306435e+00 -1.248246527765197289e+00
6.825609300000307300e+00 -1.248396130370719614e+00
6.815026960000308165e+00 -1.248546203341762695e+00
6.804444620000309030e+00 -1.248696760241433168e+00
6.793862280000309894e+00 -1.248847803662433309e+00
6.783279940000310759e+00 -1.248999320746094099e+00
6.772697600000311624e+00 -1.249151321039647655e+00
6.762115260000312489e+00 -1.249303828142694028e+00
6.751532920000313354e+00 -1.249456818731688568e+00
6.740950580000314218e+00 -1.249610298878199632e+00
6.730368240000315083e+00 -1.249764282534611137e+00
6.719785900000315948e+00 -1.249918757875277064e+00
6.709203560000316813e+00 -1.250073738931657408e+00
6.698621220000317678e+00 -1.250229226574206320e+00
6.688038880000318542e+00 -1.250385213305806875e+00
6.677456540000319407e+00 -1.250541703502425772e+00
6.666874200000320272e+00 -1.250698723042029670e+00
6.656291860000321137e+00 -1.250856248380576963e+00
6.645709520000322001e+00 -1.251014285732578335e+00
6.635127180000322866e+00 -1.251172849539433862e+00
6.624544840000323731e+00 -1.251331927717617587e+00
6.613962500000324596e+00 -1.251491524868220573e+00
6.603380160000325461e+00 -1.251651680953155266e+00
6.592797820000326325e+00 -1.251812340727801232e+00
6.582215480000327190e+00 -1.251973540372179228e+00
6.571633140000328055e+00 -1.252135267659726825e+00
6.561050800000328920e+00 -1.252297537402340399e+00
6.550468460000329785e+00 -1.252460352577574598e+00
6.539886120000330649e+00 -1.252623699755951892e+00
6.529303780000331514e+00 -1.252787594982834207e+00
6.518721440000332379e+00 -1.252952054652488600e+00
6.508139100000333244e+00 -1.253117055357927612e+00
6.497556760000334108e+00 -1.253282606010985178e+00
6.486974420000334973e+00 -1.253448721868928750e+00
6.476392080000335838e+00 -1.253615390442845312e+00
6.465809740000336703e+00 -1.253782627080469947e+00
6.455227400000337568e+00 -1.253950434947610937e+00
6.444645060000338432e+00 -1.254118800358652752e+00
6.434062720000339297e+00 -1.254287734437380841e+00
6.423480380000340162e+00 -1.254457262463941181e+00
6.412898040000341027e+00 -1.254627360230289757e+00
6.402315700000341891e+00 -1.254798025258845096e+00
6.391733360000342756e+00 -1.254969291122759234e+00
6.381151020000343621e+00 -1.255141136441330074e+00
6.370568680000344486e+00 -1.255313577124990143e+00
6.359986340000345351e+00 -1.255486616542192735e+00
6.349404000000346215e+00 -1.255660240755718693e+00
6.338821660000347080e+00 -1.255834461401186708e+00
6.328239320000347945e+00 -1.256009304290820250e+00
6.317656980000348810e+00 -1.256184744955851862e+00
6.307074640000349675e+00 -1.256360790295036445e+00
6.296492300000350539e+00 -1.256537456712897516e+00
6.285909960000351404e+00 -1.256714731187676959e+00
6.275327620000352269e+00 -1.256892630223516827e+00
6.264745280000353134e+00 -1.257071157429272112e+00
6.254162940000353998e+00 -1.257250298570982805e+00
6.243580600000354863e+00 -1.257430065857142232e+00
6.232998260000355728e+00 -1.257610485693495317e+00
6.222415920000356593e+00 -1.257791533305453457e+00
6.211833580000357458e+00 -1.257973215845041404e+00
6.201251240000358322e+00 -1.258155550336835127e+00
6.190668900000359187e+00 -1.258338523491980165e+00
6.180086560000360052e+00 -1.258522152439406128e+00
6.169504220000360917e+00 -1.258706447803251915e+00
6.158921880000361782e+00 -1.258891383687083199e+00
6.148339540000362646e+00 -1.259076975406410615e+00
6.137757200000363511e+00 -1.259263252119532606e+00
6.127174860000364376e+00 -1.259450188720873109e+00
6.116592520000365241e+00 -1.259637792649684895e+00
6.106010180000366105e+00 -1.259826081582553270e+00
6.095427840000366970e+00 -1.260015041964357208e+00
6.084845500000367835e+00 -1.260204691580556036e+00
6.074263160000368700e+00 -1.260395032434916462e+00
6.063680820000369565e+00 -1.260586056183008896e+00
6.053098480000370429e+00 -1.260777784306756466e+00
6.042516140000371294e+00 -1.260970203103856324e+00
6.031933800000372159e+00 -1.261163330738628519e+00
6.021351460000373024e+00 -1.261357172606899724e+00
6.010769120000373889e+00 -1.261551711630374717e+00
6.000186780000374753e+00 -1.261746968418732795e+00
5.989604440000375618e+00 -1.261942953844391813e+00
5.979022100000376483e+00 -1.262139659505353340e+00
5.968439760000377348e+00 -1.262337087607996677e+00
5.957857420000378212e+00 -1.262535256908756010e+00
5.947275080000379077e+00 -1.262734153443545893e+00
5.936692740000379942e+00 -1.262933796084072302e+00
5.926110400000380807e+00 -1.263134189588358991e+00
5.915528060000381672e+00 -1.263335318439988253e+00
5.904945720000382536e+00 -1.263537197298429948e+00
5.894363380000383401e+00 -1.263739855094841991e+00
5.883781040000384266e+00 -1.263943265739459587e+00
5.873198700000385131e+00 -1.264147437594595358e+00
5.862616360000385995e+00 -1.264352390153129724e+00
5.852034020000386860e+00 -1.264558109193895330e+00
5.841451680000387725e+00 -1.264764614328624859e+00
5.830869340000388590e+00 -1.264971909685889795e+00
5.820287000000389455e+00 -1.265179971077794674e+00
5.809704660000390319e+00 -1.265388843006441943e+00
5.799122320000391184e+00 -1.265598525385309925e+00
5.788539980000392049e+00 -1.265809001756608154e+00
5.777957640000392914e+00 -1.266020280932105502e+00
5.767375300000393779e+00 -1.266232383170591946e+00
5.756792960000394643e+00 -1.266445293997862320e+00
5.746210620000395508e+00 -1.266659033794116374e+00
5.735628280000396373e+00 -1.266873608228766157e+00
5.725045940000397238e+00 -1.267089000853521163e+00
5.714463600000398102e+00 -1.267305228041484488e+00
5.703881260000398967e+00 -1.267522320485076071e+00
5.693298920000399832e+00 -1.267740251137410290e+00
5.682716580000400697e+00 -1.267959029321405362e+00
5.672134240000401562e+00 -1.268178677374393049e+00
5.661551900000402426e+00 -1.268399178094961721e+00
5.650969560000403291e+00 -1.268620555162766506e+00
5.640387220000404156e+00 -1.268842809581854247e+00
5.629804880000405021e+00 -1.269065933718608097e+00
5.619222540000405886e+00 -1.269289936779785188e+00
5.608640200000406750e+00 -1.269514853153075551e+00
5.598057860000407615e+00 -1.269740655243901006e+00
5.587475520000408480e+00 -1.269967352954401552e+00
5.576893180000409345e+00 -1.270194968172047689e+00
5.566310840000410209e+00 -1.270423485950090026e+00
5.555728500000411074e+00 -1.270652941524762491e+00
5.545146160000411939e+00 -1.270883299186903903e+00
5.534563820000412804e+00 -1.271114589659728455e+00
5.523981480000413669e+00 -1.271346826367047766e+00
5.513399140000414533e+00 -1.271579994240080280e+00
5.502816800000415398e+00 -1.271814115761131792e+00
5.492234460000416263e+00 -1.272049198153901717e+00
5.481652120000417128e+00 -1.272285223482238603e+00
5.471069780000417992e+00 -1.272522217261895072e+00
5.460487440000418857e+00 -1.272760205041406190e+00
5.449905100000419722e+00 -1.272999154380221043e+00
5.439322760000420587e+00 -1.273239081408173989e+00
5.428740420000421452e+00 -1.273480009353236353e+00
5.418158080000422316e+00 -1.273721922939511586e+00
5.407575740000423181e+00 -1.273964845515829003e+00
5.396993400000424046e+00 -1.274208785064090632e+00
5.386411060000424911e+00 -1.274453722940403821e+00
5.375828720000425776e+00 -1.274699679309680089e+00
5.365246380000426640e+00 -1.274946688759625690e+00
5.354664040000427505e+00 -1.275194721976433465e+00
5.344081700000428370e+00 -1.275443790726769944e+00
5.333499360000429235e+00 -1.275693919126844822e+00
5.322917020000430099e+00 -1.275945091712571422e+00
5.312334680000430964e+00 -1.276197332716415778e+00
5.301752340000431829e+00 -1.276450650979705115e+00
5.291170000000432694e+00 -1.276705027063278486e+00
5.280587660000433559e+00 -1.276960482401640729e+00
5.270005320000434423e+00 -1.277217052886803872e+00
5.259422980000435288e+00 -1.277474708380334834e+00
5.248840640000436153e+00 -1.277733461557215344e+00
5.238258300000437018e+00 -1.277993337435323395e+00
5.227675960000437883e+00 -1.278254320384254683e+00
5.217093620000438747e+00 -1.278516435530636874e+00
5.206511280000439612e+00 -1.278779692688167824e+00
5.195928940000440477e+00 -1.279044071520429648e+00
5.185346600000441342e+00 -1.279309594831293584e+00
5.174764260000442206e+00 -1.279576299920516469e+00
5.164181920000443071e+00 -1.279844155716357790e+00
5.153599580000443936e+00 -1.280113175921969493e+00
5.143017240000444801e+00 -1.280383386461535711e+00
5.132434900000445666e+00 -1.280654771562536265e+00
5.121852560000446530e+00 -1.280927357247447551e+00
5.111270220000447395e+00 -1.281201164364689671e+00
5.100687880000448260e+00 -1.281476155756914093e+00
5.090105540000449125e+00 -1.281752357579213131e+00
5.079523200000449989e+00 -1.282029812639406297e+00
5.068940860000450854e+00 -1.282308488805993907e+00
5.058358520000451719e+00 -1.282588400941970574e+00
5.047776180000452584e+00 -1.282869575871224077e+00
5.037193840000453449e+00 -1.283151997706843073e+00
5.026611500000454313e+00 -1.283435709853340434e+00
5.016029160000455178e+00 -1.283720670621783633e+00
5.005446820000456043e+00 -1.284006920025676068e+00
4.994864480000456908e+00 -1.284294474642819095e+00
4.984282140000457773e+00 -1.284583318534487262e+00
4.973699800000458637e+00 -1.284873479087801584e+00
4.963117460000459502e+00 -1.285164969203501872e+00
4.952535120000460367e+00 -1.285457765657800788e+00
4.941952780000461232e+00 -1.285751903402599705e+00
4.931370440000462096e+00 -1.286047399359199872e+00
4.920788100000462961e+00 -1.286344243920694019e+00
4.910205760000463826e+00 -1.286642445887366648e+00
4.899623420000464691e+00 -1.286942033432934673e+00
4.889041080000465556e+00 -1.287242990546806354e+00
4.878458740000466420e+00 -1.287545345449665701e+00
4.867876400000467285e+00 -1.287849112519832806e+00
4.857294060000468150e+00 -1.288154267105057205e+00
4.846711720000469015e+00 -1.288460837756637778e+00
4.836129380000469880e+00 -1.288768867684791042e+00
4.825547040000470744e+00 -1.289078321305905606e+00
4.814964700000471609e+00 -1.289389217134091492e+00
4.804382360000472474e+00 -1.289701584146570434e+00
4.793800020000473339e+00 -1.290015406285968780e+00
4.783217680000474203e+00 -1.290330712544180525e+00
4.772635340000475068e+00 -1.290647518945416072e+00
4.762053000000475933e+00 -1.290965816163544888e+00
4.751470660000476798e+00 -1.291285600786264087e+00
4.740888320000477663e+00 -1.291606934808994023e+00
4.730305980000478527e+00 -1.291929780919944371e+00
4.719723640000479392e+00 -1.292254159359370602e+00
4.709141300000480257e+00 -1.292580099823290585e+00
4.698558960000481122e+00 -1.292907586226882177e+00
4.687976620000481986e+00 -1.293236648238591746e+00
4.677394280000482851e+00 -1.293567303704587390e+00
4.666811940000483716e+00 -1.293899524423641978e+00
4.656229600000484581e+00 -1.294233342786963670e+00
4.645647260000485446e+00 -1.294568805954900537e+00
4.635064920000486310e+00 -1.294905866853112153e+00
4.624482580000487175e+00 -1.295244562470690974e+00
4.613900240000488040e+00 -1.295584915955117822e+00
4.603317900000488905e+00 -1.295926911198077569e+00
4.592735560000489770e+00 -1.296270578403504903e+00
4.582153220000490634e+00 -1.296615930722643695e+00
4.571570880000491499e+00 -1.296962957804287164e+00
4.560988540000492364e+00 -1.297311674021773831e+00
4.550406200000493229e+00 -1.297662135335459821e+00
4.539823860000494093e+00 -1.298014300085094330e+00
4.529241520000494958e+00 -1.298368192487382444e+00
4.518659180000495823e+00 -1.298723843244840470e+00
4.508076840000496688e+00 -1.299081236217290991e+00
4.497494500000497553e+00 -1.299440423119835319e+00
4.486912160000498417e+00 -1.299801355047860429e+00
4.476329820000499282e+00 -1.300164084740398351e+00
4.465747480000500147e+00 -1.300528630345117120e+00
4.455165140000501012e+00 -1.300894975689718125e+00
4.444582800000501877e+00 -1.301263151406448326e+00
4.434000460000502741e+00 -1.301633178296412785e+00
4.423418120000503606e+00 -1.302005029171479977e+00
4.412835780000504471e+00 -1.302378745883747024e+00
4.402253440000505336e+00 -1.302754370354979763e+00
4.391671100000506200e+00 -1.303131848371723134e+00
4.381088760000507065e+00 -1.303511217448648729e+00
4.370506420000507930e+00 -1.303892508418875495e+00
4.359924080000508795e+00 -1.304275705002867269e+00
4.349341740000509660e+00 -1.304660837729129330e+00
4.338759400000510524e+00 -1.305047929602139334e+00
4.328177060000511389e+00 -1.305436950698657617e+00
4.317594720000512254e+00 -1.305827935556996611e+00
4.307012380000513119e+00 -1.306220933500020109e+00
4.296430040000513984e+00 -1.306615903058772066e+00
4.285847700000514848e+00 -1.307012871719758440e+00
4.275265360000515713e+00 -1.307411869926164538e+00
4.264683020000516578e+00 -1.307812881187251364e+00
4.254100680000517443e+00 -1.308215935510000705e+00
4.243518340000518307e+00 -1.308621058189122222e+00
4.232936000000519172e+00 -1.309028216018511603e+00
4.222353660000520037e+00 -1.309437444262136596e+00
4.211771320000520902e+00 -1.309848795543971045e+00
4.201188980000521767e+00 -1.310262224078755811e+00
4.190606640000522631e+00 -1.310677759659160557e+00
4.180024300000523496e+00 -1.311095431821491797e+00
4.169441960000524361e+00 -1.311515223697211185e+00
4.158859620000525226e+00 -1.311937164219799890e+00
4.148277280000526090e+00 -1.312361281004313263e+00
4.137694940000526955e+00 -1.312787536888291084e+00
4.127112600000527820e+00 -1.313215969393588090e+00
4.116530260000528685e+00 -1.313646630878328558e+00
4.105947920000529550e+00 -1.314079472115729841e+00
4.095365580000530414e+00 -1.314514525197623129e+00
4.084783240000531279e+00 -1.314951818078837986e+00
4.074200900000532144e+00 -1.315391333266007878e+00
4.063618560000533009e+00 -1.315833097901728088e+00
4.053036220000533874e+00 -1.316277160940283908e+00
4.042453880000534738e+00 -1.316723457664687125e+00
4.031871540000535603e+00 -1.317172015870004209e+00
4.021289200000536468e+00 -1.317622903498907538e+00
4.010706860000537333e+00 -1.318076066200568164e+00
4.000124520000538197e+00 -1.318531538273999493e+00
3.989542180000539062e+00 -1.318989345227776999e+00
3.978959840000539927e+00 -1.319449468601687103e+00
3.968377500000540792e+00 -1.319911956659471919e+00
3.957795160000541657e+00 -1.320376760068349142e+00
3.947212820000542521e+00 -1.320843932198417781e+00
3.936630480000543386e+00 -1.321313486382847735e+00
3.926048140000544251e+00 -1.321785397175278653e+00
3.915465800000545116e+00 -1.322259698857060961e+00
3.904883460000545981e+00 -1.322736418860473329e+00
3.894301120000546845e+00 -1.323215505734467667e+00
3.883718780000547710e+00 -1.323697012964014430e+00
3.873136440000548575e+00 -1.324180951340815149e+00
3.862554100000549440e+00 -1.324667299435367651e+00
3.851971760000550304e+00 -1.325156080107865675e+00
3.841389420000551169e+00 -1.325647312736145667e+00
3.830807080000552034e+00 -1.326140976350476786e+00
3.820224740000552899e+00 -1.326637088724661462e+00
3.809642400000553764e+00 -1.327135684545734051e+00
3.799060060000554628e+00 -1.327636704575106297e+00
3.788477720000555493e+00 -1.328140201616228477e+00
3.777895380000556358e+00 -1.328646185819880143e+00
3.767313040000557223e+00 -1.329154627332416183e+00
3.756730700000558087e+00 -1.329665550369938831e+00
3.746148360000558952e+00 -1.330178968424983399e+00
3.735566020000559817e+00 -1.330694858036656658e+00
3.724983680000560682e+00 -1.331213230654388679e+00
3.714401340000561547e+00 -1.331734116275513857e+00
3.703819000000562411e+00 -1.332257500354015800e+00
3.693236660000563276e+00 -1.332783328897526376e+00
3.682654320000564141e+00 -1.333311695586195444e+00
3.672071980000565006e+00 -1.333842517425370300e+00
3.661489640000565871e+00 -1.334375833636978204e+00
3.650907300000566735e+00 -1.334911649872245309e+00
3.640324960000567600e+00 -1.335449939270642927e+00
3.629742620000568465e+00 -1.335990704911617311e+00
3.619160280000569330e+00 -1.336533988402968331e+00
3.608577940000570194e+00 -1.337079692848899715e+00
3.597995600000571059e+00 -1.337627863299437170e+00
3.587413260000571924e+00 -1.338178558337302482e+00
3.576830920000572789e+00 -1.338731666682648980e+00
3.566248580000573654e+00 -1.339287232667772054e+00
3.555666240000574518e+00 -1.339845251717528551e+00
3.545083900000575383e+00 -1.340405692451289932e+00
3.534501560000576248e+00 -1.340968547094105068e+00
3.523919220000577113e+00 -1.341533833609096060e+00
3.513336880000577978e+00 -1.342101509967818185e+00
3.502754540000578842e+00 -1.342671548939614823e+00
3.492172200000579707e+00 -1.343244023423966871e+00
3.481589860000580572e+00 -1.343818811003382185e+00
3.471007520000581437e+00 -1.344395953389238230e+00
3.460425180000582301e+00 -1.344975432910123558e+00
3.449842840000583166e+00 -1.345557212316629281e+00
3.439260500000584031e+00 -1.346141308557837979e+00
3.428678160000584896e+00 -1.346727619526518982e+00
3.418095820000585761e+00 -1.347316209237267248e+00
3.407513480000586625e+00 -1.347907034492238365e+00
3.396931140000587490e+00 -1.348500054111170687e+00
3.386348800000588355e+00 -1.349095237314932305e+00
3.375766460000589220e+00 -1.349692600122874619e+00
3.365184120000590084e+00 -1.350292067383778161e+00
3.354601780000590949e+00 -1.350893635366031242e+00
3.344019440000591814e+00 -1.351497325202976940e+00
3.333437100000592679e+00 -1.352102973474959224e+00
3.322854760000593544e+00 -1.352710637053176290e+00
3.312272420000594408e+00 -1.353320270902348410e+00
3.301690080000595273e+00 -1.353931825397536093e+00
3.291107740000596138e+00 -1.354545250188833316e+00
3.280525400000597003e+00 -1.355160555717250359e+00
3.269943060000597868e+00 -1.355777647284330811e+00
3.259360720000598732e+00 -1.356396499001774725e+00
3.248778380000599597e+00 -1.357017098138397548e+00
3.238196040000600462e+00 -1.357639331298029717e+00
3.227613700000601327e+00 -1.358263208559702839e+00
3.217031360000602191e+00 -1.358888661881486160e+00
3.206449020000603056e+00 -1.359515631222242282e+00
3.195866680000603921e+00 -1.360144042179106671e+00
3.185284340000604786e+00 -1.360773897219598849e+00
3.174702000000605651e+00 -1.361405077503196726e+00
3.164119660000606515e+00 -1.362037544807050082e+00
3.153537320000607380e+00 -1.362671264304410101e+00
3.142954980000608245e+00 -1.363306102827733790e+00
3.132372640000609110e+00 -1.363942059465162782e+00
3.121790300000609975e+00 -1.364579038120339982e+00
3.111207960000610839e+00 -1.365216966099930040e+00
3.100625620000611704e+00 -1.365855739766433485e+00
3.090043280000612569e+00 -1.366495337377022112e+00
3.079460940000613434e+00 -1.367135654103226683e+00
3.068878600000614298e+00 -1.367776604347251235e+00
3.058296260000615163e+00 -1.368418102086584653e+00
3.047713920000616028e+00 -1.369060032699048302e+00
3.037131580000616893e+00 -1.369702363806045264e+00
3.026549240000617758e+00 -1.370344967175938677e+00
3.015966900000618622e+00 -1.370987754920681700e+00
3.005384560000619487e+00 -1.371630588176240950e+00
2.994802220000620352e+00 -1.372273495403393717e+00
2.984219880000621217e+00 -1.372916213756068426e+00
2.973637540000622081e+00 -1.373558692961283523e+00
2.963055200000622946e+00 -1.374200820826920078e+00
2.952472860000623811e+00 -1.374842447693140235e+00
2.941890520000624676e+00 -1.375483532477221882e+00
2.931308180000625541e+00 -1.376123901944052097e+00
2.920725840000626405e+00 -1.376763450035382697e+00
2.910143500000627270e+00 -1.377402033537083792e+00
2.899561160000628135e+00 -1.378039476895810411e+00
2.888978820000629000e+00 -1.378675739515492271e+00
2.878396480000629865e+00 -1.379310617345797629e+00
2.867814140000630729e+00 -1.379943992720686241e+00
2.857231800000631594e+00 -1.380575657588075655e+00
2.846649460000632459e+00 -1.381205540317988811e+00
2.836067120000633324e+00 -1.381833449104758360e+00
2.825484780000634188e+00 -1.382459232172864150e+00
2.814902440000635053e+00 -1.383082695670503792e+00
2.804320100000635918e+00 -1.383703655580585501e+00
2.793737760000636783e+00 -1.384322019769029577e+00
2.783155420000637648e+00 -1.384937537483897474e+00
2.772573080000638512e+00 -1.385550066755100174e+00
2.761990740000639377e+00 -1.386159343532808563e+00
2.751408400000640242e+00 -1.386765276260530255e+00
2.740826060000641107e+00 -1.387367602188053883e+00
2.730243720000641972e+00 -1.387966130456986358e+00
2.719661380000642836e+00 -1.388560666675919153e+00
2.709079040000643701e+00 -1.389150927962883086e+00
2.698496700000644566e+00 -1.389736804408360227e+00
2.687914360000645431e+00 -1.390317979877157217e+00
2.677332020000646295e+00 -1.390894282196457166e+00
2.666749680000647160e+00 -1.391465379464712271e+00
2.656167340000648025e+00 -1.392031145721664975e+00
2.645585000000648890e+00 -1.392591246216738687e+00
2.635002660000649755e+00 -1.393145536516312788e+00
2.624420320000650619e+00 -1.393693596949841851e+00
2.613837980000651484e+00 -1.394235158243385841e+00
2.603255640000652349e+00 -1.394770068431256727e+00
2.592673300000653214e+00 -1.395297930372051409e+00
2.582090960000654078e+00 -1.395818531927535577e+00
2.571508620000654943e+00 -1.396331456498508095e+00
2.560926280000655808e+00 -1.396836520381080415e+00
2.550343940000656673e+00 -1.397333320529515754e+00
2.539761600000657538e+00 -1.397821547472635206e+00
2.529179260000658402e+00 -1.398300881957721620e+00
2.518596920000659267e+00 -1.398770890049537918e+00
2.508014580000660132e+00 -1.399231344582392289e+00
2.497432240000660997e+00 -1.399681738210891035e+00
2.486849900000661862e+00 -1.400121793144701643e+00
2.476267560000662726e+00 -1.400550971060217531e+00
2.465685220000663591e+00 -1.400968943266911904e+00
2.455102880000664456e+00 -1.401375310875751845e+00
2.444520540000665321e+00 -1.401769496942276261e+00
2.433938200000666185e+00 -1.402151070710725200e+00
2.423355860000667050e+00 -1.402519394241796835e+00
2.412773520000667915e+00 -1.402873985853956507e+00
2.402191180000668780e+00 -1.403213946812180923e+00
2.391608840000669645e+00 -1.403538442970241107e+00
2.381026500000670509e+00 -1.403845769573797364e+00
2.370444160000671374e+00 -1.404132845021308418e+00
2.359861820000672239e+00 -1.404390429815499886e+00
2.349279480000673104e+00 -1.404599633327496377e+00
2.338697140000673969e+00 -1.404746397549357706e+00
2.328114800000674833e+00 -1.404822981115954716e+00
2.317532460000675698e+00 -1.404822963920332901e+00
2.306950120000676563e+00 -1.404739074811423682e+00
2.296367780000677428e+00 -1.404562813093724438e+00
2.285785440000678292e+00 -1.404283226922048211e+00
2.275203100000679157e+00 -1.403885466515255143e+00
2.264620760000680022e+00 -1.403346759558919521e+00
2.254038420000680887e+00 -1.402617360457351525e+00
