2.412773520000667915e+00 -1.392988308050301383e+00
2.402191180000668780e+00 -1.393603175663725047e+00
2.391608840000669645e+00 -1.394200023629309726e+00
2.381026500000670509e+00 -1.394782112365348103e+00
2.370444160000671374e+00 -1.395353777694208430e+00
2.359861820000672239e+00 -1.395921822625666220e+00
2.349279480000673104e+00 -1.396495784037518062e+00
2.338697140000673969e+00 -1.397086623762659352e+00
2.328114800000674833e+00 -1.397705053756117533e+00
2.317532460000675698e+00 -1.398356664941701855e+00
2.306950120000676563e+00 -1.399040029188646894e+00
2.296367780000677428e+00 -1.399747303129239340e+00
2.285785440000678292e+00 -1.400468534417263378e+00
2.275203100000679157e+00 -1.401194642246219146e+00
2.264620760000680022e+00 -1.401918123415368811e+00
2.254038420000680887e+00 -1.402633995159900726e+00
2.243456080000681752e+00 -1.403338442214791648e+00
2.232873740000682616e+00 -1.404028950607537407e+00
2.222291400000683481e+00 -1.404702961171025111e+00
2.211709060000684346e+00 -1.405359166875569832e+00
2.201126720000685211e+00 -1.405996085891142222e+00
2.190544380000686076e+00 -1.406612200144491176e+00
2.179962040000686940e+00 -1.407207028813354244e+00
2.169379700000687805e+00 -1.407778786069664889e+00
2.158797360000688670e+00 -1.408327289277423455e+00
2.148215020000689535e+00 -1.408850823473229985e+00
2.137632680000690399e+00 -1.409349136296212723e+00
2.127050340000691264e+00 -1.409820749075629154e+00
2.116468000000692129e+00 -1.410265175093449841e+00
2.105885660000692994e+00 -1.410681136850914452e+00
2.095303320000693859e+00 -1.411067745411008989e+00
2.084720980000694723e+00 -1.411424405225298884e+00
2.074138640000695588e+00 -1.411749556769764435e+00
2.063556300000696453e+00 -1.412042633048496088e+00
2.052973960000697318e+00 -1.412302421092230809e+00
2.042391620000698182e+00 -1.412528180182538451e+00
2.031809280000699047e+00 -1.412718440220766647e+00
2.021226940000699912e+00 -1.412872450156910986e+00
2.010644600000700777e+00 -1.412989028155552607e+00
2.000062260000701642e+00 -1.413066815909142626e+00
1.989479920000702506e+00 -1.413105213623879308e+00
1.978897580000703371e+00 -1.413102421390007413e+00
1.968315240000704236e+00 -1.413057640428774242e+00
1.957732900000705101e+00 -1.412969369869195191e+00
1.947150560000705966e+00 -1.412836867204560365e+00
1.936568220000706830e+00 -1.412658132309778658e+00
1.925985880000707695e+00 -1.412432303094236730e+00
1.915403540000708560e+00 -1.412158000274310155e+00
1.904821200000709425e+00 -1.411833656430887540e+00
1.894238860000710289e+00 -1.411458325933701907e+00
1.883656520000711154e+00 -1.411029846160477330e+00
1.873074180000712019e+00 -1.410547278518464509e+00
1.862491840000712884e+00 -1.410008765745905057e+00
1.851909500000713749e+00 -1.409413245981139484e+00
1.841327160000714613e+00 -1.408758505137026606e+00
1.830744820000715478e+00 -1.408043135071533891e+00
1.820162480000716343e+00 -1.407265569115878856e+00
1.809580140000717208e+00 -1.406423865649609084e+00
1.798997800000718073e+00 -1.405516761910339918e+00
1.788415460000718937e+00 -1.404541676045748311e+00
1.777833120000719802e+00 -1.403497365888352943e+00
1.767250780000720667e+00 -1.402381514008952834e+00
1.756668440000721532e+00 -1.401192485230955853e+00
1.746086100000722396e+00 -1.399928300421311667e+00
1.735503760000723261e+00 -1.398586356075323778e+00
1.724921420000724126e+00 -1.397164993832933355e+00
1.714339080000724991e+00 -1.395661753397211102e+00
1.703756740000725856e+00 -1.394074912719276638e+00
1.693174400000726720e+00 -1.392401311065120106e+00
1.682592060000727585e+00 -1.390639348596181435e+00
1.672009720000728450e+00 -1.388786250073864137e+00
1.661427380000729315e+00 -1.386839191273647964e+00
1.650845040000730179e+00 -1.384796391713725372e+00
1.640262700000731044e+00 -1.382654287618938271e+00
1.629680360000731909e+00 -1.380410648354518655e+00
1.619098020000732774e+00 -1.378062372519151868e+00
1.608515680000733639e+00 -1.375607045238385950e+00
1.597933340000734503e+00 -1.373040775000533120e+00
1.587351000000735368e+00 -1.370361341479333861e+00
1.576768660000736233e+00 -1.367564706591932300e+00
1.566186320000737098e+00 -1.364648073604164402e+00
1.555603980000737963e+00 -1.361608453566863330e+00
1.545021640000738827e+00 -1.358441352833029026e+00
1.534439300000739692e+00 -1.355143701004784651e+00
1.523856960000740557e+00 -1.351711481967962758e+00
1.513274620000741422e+00 -1.348141281733559405e+00
1.502692280000742286e+00 -1.344428080791375768e+00
1.492109940000743151e+00 -1.340568647243304934e+00
1.481527600000744016e+00 -1.336558275859618838e+00
1.470945260000744881e+00 -1.332392052243995373e+00
1.460362920000745746e+00 -1.328066347368287659e+00
1.449780580000746610e+00 -1.323575249848283786e+00
1.439198240000747475e+00 -1.318914326981164953e+00
1.428615900000748340e+00 -1.314078232793795209e+00
1.418033560000749205e+00 -1.309062073820624894e+00
1.407451220000750070e+00 -1.303859472409544251e+00
1.396868880000750934e+00 -1.298464965359889645e+00
1.386286540000751799e+00 -1.292872812494242130e+00
1.375704200000752664e+00 -1.287076121220371849e+00
1.365121860000753529e+00 -1.281069416862799404e+00
1.354539520000754393e+00 -1.274844972720913461e+00
1.343957180000755258e+00 -1.268396190029968951e+00
1.333374840000756123e+00 -1.261715811284423339e+00
1.322792500000756988e+00 -1.254796470837907130e+00
1.312210160000757853e+00 -1.247630064494299917e+00
1.301627820000758717e+00 -1.240208361324562469e+00
1.291045480000759582e+00 -1.232522976377252055e+00
1.280463140000760447e+00 -1.224565228340768197e+00
1.269880800000761312e+00 -1.216326227454614273e+00
1.259298460000762176e+00 -1.207795550663239625e+00
1.248716120000763041e+00 -1.198964315429416505e+00
1.238133780000763906e+00 -1.189821704506192956e+00
1.227551440000764771e+00 -1.180356309026780570e+00
1.216969100000765636e+00 -1.170559152639209177e+00
1.206386760000766500e+00 -1.160417226006130509e+00
1.195804420000767365e+00 -1.149918754312370561e+00
1.185222080000768230e+00 -1.139051549317822154e+00
1.174639740000769095e+00 -1.127802881087203835e+00
1.164057400000769960e+00 -1.116158509645243102e+00
1.153475060000770824e+00 -1.104105525157758283e+00
1.142892720000771689e+00 -1.091629012859444359e+00
1.132310380000772554e+00 -1.078713500252496571e+00
1.121728040000773419e+00 -1.065344332784019077e+00
1.111145700000774283e+00 -1.051504635304351343e+00
1.100563360000775148e+00 -1.037177354643647798e+00
1.089981020000776013e+00 -1.022345604125978635e+00
1.079398680000776878e+00 -1.006990886608670532e+00
1.068816340000777743e+00 -9.910936888617689622e-01
1.058234000000778607e+00 -9.746351166801137111e-01
