1.058234000000000030e+01 -1.123806409799866124e+00
1.057175766000000117e+01 -1.123881584008656231e+00
1.056117532000000203e+01 -1.123956912477727776e+00
1.055059298000000290e+01 -1.124032398444519298e+00
1.054001064000000376e+01 -1.124108029062563130e+00
1.052942830000000463e+01 -1.124183820154601054e+00
1.051884596000000549e+01 -1.124259759004753612e+00
1.050826362000000636e+01 -1.124335861513607870e+00
1.049768128000000722e+01 -1.124412111051666940e+00
1.048709894000000808e+01 -1.124488521992322188e+00
1.047651660000000895e+01 -1.124565085689599453e+00
1.046593426000000981e+01 -1.124641807511079339e+00
1.045535192000001068e+01 -1.124718691393300052e+00
1.044476958000001154e+01 -1.124795724055521084e+00
1.043418724000001241e+01 -1.124872921723029773e+00
1.042360490000001327e+01 -1.124950271244784084e+00
1.041302256000001414e+01 -1.125027788926291183e+00
1.040244022000001500e+01 -1.125105464478540984e+00
1.039185788000001587e+01 -1.125183292983607863e+00
1.038127554000001673e+01 -1.125261284903619874e+00
1.037069320000001760e+01 -1.125339439321177970e+00
1.036011086000001846e+01 -1.125417760350939655e+00
1.034952852000001933e+01 -1.125496234446597299e+00
1.033894618000002019e+01 -1.125574878139163459e+00
1.032836384000002106e+01 -1.125653678047191963e+00
1.031778150000002192e+01 -1.125732644446790776e+00
1.030719916000002279e+01 -1.125811785537733201e+00
1.029661682000002365e+01 -1.125891077997280831e+00
1.028603448000002452e+01 -1.125970542679052055e+00
1.027545214000002538e+01 -1.126050166071018044e+00
1.026486980000002625e+01 -1.126129964961702257e+00
1.025428746000002711e+01 -1.126209922039744793e+00
1.024370512000002797e+01 -1.126290052137718156e+00
1.023312278000002884e+01 -1.126370343650792361e+00
1.022254044000002970e+01 -1.126450810609094688e+00
1.021195810000003057e+01 -1.126531448698049775e+00
1.020137576000003143e+01 -1.126612246884932667e+00
1.019079342000003230e+01 -1.126693222123914317e+00
1.018021108000003316e+01 -1.126774360698215904e+00
1.016962874000003403e+01 -1.126855679718419267e+00
1.015904640000003489e+01 -1.126937161593768000e+00
1.014846406000003576e+01 -1.127018821346209343e+00
1.013788172000003662e+01 -1.127100650255338454e+00
1.012729938000003749e+01 -1.127182653612731844e+00
1.011671704000003835e+01 -1.127264836012771276e+00
1.010613470000003922e+01 -1.127347183198148084e+00
1.009555236000004008e+01 -1.127429712522193928e+00
1.008497002000004095e+01 -1.127512409986854980e+00
1.007438768000004181e+01 -1.127595293034262536e+00
1.006380534000004268e+01 -1.127678343786855386e+00
1.005322300000004354e+01 -1.127761577837469442e+00
1.004264066000004441e+01 -1.127844985693975399e+00
1.003205832000004527e+01 -1.127928573000610779e+00
1.002147598000004614e+01 -1.128012344549792711e+00
1.001089364000004700e+01 -1.128096285792619113e+00
1.000031130000004786e+01 -1.128180414421151578e+00
9.989728960000048730e+00 -1.128264716184733896e+00
9.979146620000049595e+00 -1.128349208866815001e+00
9.968564280000050459e+00 -1.128433874295278638e+00
9.957981940000051324e+00 -1.128518727888351503e+00
9.947399600000052189e+00 -1.128603760882588514e+00
9.936817260000053054e+00 -1.128688978525734576e+00
9.926234920000053918e+00 -1.128774385814177883e+00
9.915652580000054783e+00 -1.128859967899665584e+00
9.905070240000055648e+00 -1.128945742823129539e+00
9.894487900000056513e+00 -1.129031696074426439e+00
9.883905560000057378e+00 -1.129117845788697228e+00
9.873323220000058242e+00 -1.129204180245825917e+00
9.862740880000059107e+00 -1.129290694807569828e+00
9.852158540000059972e+00 -1.129377400952667809e+00
9.841576200000060837e+00 -1.129464297151971053e+00
9.830993860000061701e+00 -1.129551388612399343e+00
9.820411520000062566e+00 -1.129638660178058363e+00
9.809829180000063431e+00 -1.129726130249271598e+00
9.799246840000064296e+00 -1.129813784049572334e+00
9.788664500000065161e+00 -1.129901633235712577e+00
9.778082160000066025e+00 -1.129989686395207471e+00
9.767499820000066890e+00 -1.130077918291760408e+00
9.756917480000067755e+00 -1.130166351939534852e+00
9.746335140000068620e+00 -1.130254972410956071e+00
9.735752800000069485e+00 -1.130343798409351397e+00
9.725170460000070349e+00 -1.130432810972795021e+00
9.714588120000071214e+00 -1.130522026062658725e+00
9.704005780000072079e+00 -1.130611431438143466e+00
9.693423440000072944e+00 -1.130701042975111204e+00
9.682841100000073808e+00 -1.130790855116797999e+00
9.672258760000074673e+00 -1.130880856052624228e+00
9.661676420000075538e+00 -1.130971064763939271e+00
9.651094080000076403e+00 -1.131061466045431452e+00
9.640511740000077268e+00 -1.131152078980144804e+00
9.629929400000078132e+00 -1.131242884281782324e+00
9.619347060000078997e+00 -1.131333898136436034e+00
9.608764720000079862e+00 -1.131425111702708541e+00
9.598182380000080727e+00 -1.131516530148732880e+00
9.587600040000081592e+00 -1.131608159250171219e+00
9.577017700000082456e+00 -1.131699983025917344e+00
9.566435360000083321e+00 -1.131792020845698410e+00
9.555853020000084186e+00 -1.131884257218774614e+00
9.545270680000085051e+00 -1.131976711619651521e+00
9.534688340000085915e+00 -1.132069364428775593e+00
9.524106000000086780e+00 -1.132162232064081397e+00
9.513523660000087645e+00 -1.132255305662067890e+00
9.502941320000088510e+00 -1.132348590368185803e+00
9.492358980000089375e+00 -1.132442092193554295e+00
9.481776640000090239e+00 -1.132535794817998376e+00
9.471194300000091104e+00 -1.132629718011781250e+00
9.460611960000091969e+00 -1.132723845990850631e+00
9.450029620000092834e+00 -1.132818198633584128e+00
9.439447280000093699e+00 -1.132912755977613983e+00
9.428864940000094563e+00 -1.133007534680457340e+00
9.418282600000095428e+00 -1.133102525856392706e+00
9.407700260000096293e+00 -1.133197734628093478e+00
9.397117920000097158e+00 -1.133293167249938449e+00
9.386535580000098022e+00 -1.133388807053044456e+00
9.375953240000098887e+00 -1.133484674220929911e+00
9.365370900000099752e+00 -1.133580752668029046e+00
9.354788560000100617e+00 -1.133677062689450565e+00
9.344206220000101482e+00 -1.133773591771534583e+00
9.333623880000102346e+00 -1.133870333888470583e+00
9.323041540000103211e+00 -1.133967302591826876e+00
9.312459200000104076e+00 -1.134064495651557092e+00
9.301876860000104941e+00 -1.134161919573315025e+00
9.291294520000105805e+00 -1.134259557329572399e+00
9.280712180000106670e+00 -1.134357429530381989e+00
9.270129840000107535e+00 -1.134455519780207311e+00
9.259547500000108400e+00 -1.134553841373057814e+00
9.248965160000109265e+00 -1.134652403368962670e+00
9.238382820000110129e+00 -1.134751178303089691e+00
9.227800480000110994e+00 -1.134850191743402181e+00
9.217218140000111859e+00 -1.134949427118261411e+00
9.206635800000112724e+00 -1.135048905397880503e+00
9.196053460000113589e+00 -1.135148605698761859e+00
9.185471120000114453e+00 -1.135248545327454561e+00
9.174888780000115318e+00 -1.135348711313508563e+00
9.164306440000116183e+00 -1.135449120805341661e+00
9.153724100000117048e+00 -1.135549768632567957e+00
9.143141760000117912e+00 -1.135650641217032408e+00
9.132559420000118777e+00 -1.135751759860057053e+00
9.121977080000119642e+00 -1.135853107666191075e+00
9.111394740000120507e+00 -1.135954706057787256e+00
9.100812400000121372e+00 -1.136056533772224597e+00
9.090230060000122236e+00 -1.136158608385613000e+00
9.079647720000123101e+00 -1.136260920933231500e+00
9.069065380000123966e+00 -1.136363476456839550e+00
9.058483040000124831e+00 -1.136466282143793638e+00
9.047900700000125696e+00 -1.136569320002082328e+00
9.037318360000126560e+00 -1.136672611796143872e+00
9.026736020000127425e+00 -1.136776140297425908e+00
9.016153680000128290e+00 -1.136879927395421319e+00
9.005571340000129155e+00 -1.136983951437241291e+00
8.994989000000130019e+00 -1.137088230808161793e+00
8.984406660000130884e+00 -1.137192755462685501e+00
8.973824320000131749e+00 -1.137297530948308211e+00
8.963241980000132614e+00 -1.137402564735725097e+00
8.952659640000133479e+00 -1.137507838435652285e+00
8.942077300000134343e+00 -1.137613374291236212e+00
8.931494960000135208e+00 -1.137719154730981064e+00
8.920912620000136073e+00 -1.137825202127247248e+00
8.910330280000136938e+00 -1.137931494425445500e+00
8.899747940000137802e+00 -1.138038049768972382e+00
8.889165600000138667e+00 -1.138144859149242905e+00
8.878583260000139532e+00 -1.138251927562931254e+00
8.868000920000140397e+00 -1.138359262773886105e+00
8.857418580000141262e+00 -1.138466845983880926e+00
8.846836240000142126e+00 -1.138574699930741119e+00
8.836253900000142991e+00 -1.138682806690271221e+00
8.825671560000143856e+00 -1.138791189133950166e+00
8.815089220000144721e+00 -1.138899832803959011e+00
8.804506880000145586e+00 -1.139008732111012279e+00
8.793924540000146450e+00 -1.139117902056396403e+00
8.783342200000147315e+00 -1.139227339603965383e+00
8.772759860000148180e+00 -1.139337052821284058e+00
8.762177520000149045e+00 -1.139447022488827344e+00
8.751595180000149909e+00 -1.139557271856184606e+00
8.741012840000150774e+00 -1.139667782635948257e+00
8.730430500000151639e+00 -1.139778578215848270e+00
8.719848160000152504e+00 -1.139889643847646905e+00
8.709265820000153369e+00 -1.140000973844550014e+00
8.698683480000154233e+00 -1.140112588693497297e+00
8.688101140000155098e+00 -1.140224469900641857e+00
8.677518800000155963e+00 -1.140336641148238073e+00
8.666936460000156828e+00 -1.140449079299603596e+00
8.656354120000157693e+00 -1.140561803283190123e+00
8.645771780000158557e+00 -1.140674799288185604e+00
8.635189440000159422e+00 -1.140788087099581016e+00
8.624607100000160287e+00 -1.140901659834845816e+00
8.614024760000161152e+00 -1.141015502940972759e+00
8.603442420000162016e+00 -1.141129640499115805e+00
8.592860080000162881e+00 -1.141244053635278366e+00
8.582277740000163746e+00 -1.141358766576324957e+00
8.571695400000164611e+00 -1.141473755739050411e+00
8.561113060000165476e+00 -1.141589040379226372e+00
8.550530720000166340e+00 -1.141704611412808212e+00
8.539948380000167205e+00 -1.141820473758579535e+00
8.529366040000168070e+00 -1.141936636311396303e+00
8.518783700000168935e+00 -1.142053078716026349e+00
8.508201360000169799e+00 -1.142169825612396217e+00
8.497619020000170664e+00 -1.142286857734847505e+00
8.487036680000171529e+00 -1.142404199874128334e+00
8.476454340000172394e+00 -1.142521827986837657e+00
8.465872000000173259e+00 -1.142639761668188036e+00
8.455289660000174123e+00 -1.142757991813889706e+00
8.444707320000174988e+00 -1.142876523321674664e+00
8.434124980000175853e+00 -1.142995365431653365e+00
8.423542640000176718e+00 -1.143114497319770440e+00
8.412960300000177583e+00 -1.143233944204551378e+00
8.402377960000178447e+00 -1.143353686416940906e+00
8.391795620000179312e+00 -1.143473749331704425e+00
8.381213280000180177e+00 -1.143594108431086553e+00
8.370630940000181042e+00 -1.143714783662366230e+00
8.360048600000181906e+00 -1.143835765901632495e+00
8.349466260000182771e+00 -1.143957060026171479e+00
8.338883920000183636e+00 -1.144078675634432329e+00
8.328301580000184501e+00 -1.144200591418779389e+00
8.317719240000185366e+00 -1.144322833197473965e+00
8.307136900000186230e+00 -1.144445380885571240e+00
8.296554560000187095e+00 -1.144568242948128756e+00
8.285972220000187960e+00 -1.144691438210247769e+00
8.275389880000188825e+00 -1.144814942172843963e+00
8.264807540000189690e+00 -1.144938773046997538e+00
8.254225200000190554e+00 -1.145062926711809981e+00
8.243642860000191419e+00 -1.145187413331331783e+00
8.233060520000192284e+00 -1.145312210711782797e+00
8.222478180000193149e+00 -1.145437345774064308e+00
8.211895840000194013e+00 -1.145562798052858655e+00
8.201313500000194878e+00 -1.145688584610678351e+00
8.190731160000195743e+00 -1.145814716109790243e+00
8.180148820000196608e+00 -1.145941159627675843e+00
8.169566480000197473e+00 -1.146067947070755988e+00
8.158984140000198337e+00 -1.146195057848996335e+00
8.148401800000199202e+00 -1.146322519007791030e+00
8.137819460000200067e+00 -1.146450304541565490e+00
8.127237120000200932e+00 -1.146578435726580247e+00
8.116654780000201796e+00 -1.146706897118746626e+00
8.106072440000202661e+00 -1.146835711149272852e+00
8.095490100000203526e+00 -1.146964871171444855e+00
8.084907760000204391e+00 -1.147094360201123653e+00
8.074325420000205256e+00 -1.147224205591532709e+00
8.063743080000206120e+00 -1.147354386308369723e+00
8.053160740000206985e+00 -1.147484929904188933e+00
8.042578400000207850e+00 -1.147615804191629785e+00
8.031996060000208715e+00 -1.147747048070144382e+00
8.021413720000209580e+00 -1.147878640640907388e+00
8.010831380000210444e+00 -1.148010574928781891e+00
8.000249040000211309e+00 -1.148142879564102881e+00
7.989666700000212174e+00 -1.148275525506643913e+00
7.979084360000213039e+00 -1.148408540888257168e+00
7.968502020000213903e+00 -1.148541904034305894e+00
7.957919680000214768e+00 -1.148675643260627766e+00
7.947337340000215633e+00 -1.148809725576096730e+00
7.936755000000216498e+00 -1.148944191038741680e+00
7.926172660000217363e+00 -1.149079019022703152e+00
7.915590320000218227e+00 -1.149214200479627968e+00
7.905007980000219092e+00 -1.149349765981420024e+00
7.894425640000219957e+00 -1.149485685683959924e+00
7.883843300000220822e+00 -1.149621988426434260e+00
7.873260960000221687e+00 -1.149758652054327923e+00
7.862678620000222551e+00 -1.149895705597913098e+00
7.852096280000223416e+00 -1.150033115299684772e+00
7.841513940000224281e+00 -1.150170922250905559e+00
7.830931600000225146e+00 -1.150309104626452417e+00
7.820349260000226010e+00 -1.150447654524166641e+00
7.809766920000226875e+00 -1.150586602780788725e+00
7.799184580000227740e+00 -1.150725918771792422e+00
7.788602240000228605e+00 -1.150865632070951605e+00
7.778019900000229470e+00 -1.151005720027893364e+00
7.767437560000230334e+00 -1.151146212414669412e+00
7.756855220000231199e+00 -1.151287091002597407e+00
7.746272880000232064e+00 -1.151428348990115369e+00
7.735690540000232929e+00 -1.151570013065326137e+00
7.725108200000233794e+00 -1.151712058642858860e+00
7.714525860000234658e+00 -1.151854517571573533e+00
7.703943520000235523e+00 -1.151997358444581510e+00
7.693361180000236388e+00 -1.152140611598227782e+00
7.682778840000237253e+00 -1.152284253869817476e+00
7.672196500000238117e+00 -1.152428312450716641e+00
7.661614160000238982e+00 -1.152572778756758121e+00
7.651031820000239847e+00 -1.152717635809348495e+00
7.640449480000240712e+00 -1.152862913779002962e+00
7.629867140000241577e+00 -1.153008589210978485e+00
7.619284800000242441e+00 -1.153154693088233040e+00
7.608702460000243306e+00 -1.153301189663177961e+00
7.598120120000244171e+00 -1.153448122573126344e+00
7.587537780000245036e+00 -1.153595455616667431e+00
7.576955440000245900e+00 -1.153743221158175736e+00
7.566373100000246765e+00 -1.153891410490781144e+00
7.555790760000247630e+00 -1.154040005303298200e+00
7.545208420000248495e+00 -1.154189037177681065e+00
7.534626080000249360e+00 -1.154338482118901554e+00
7.524043740000250224e+00 -1.154488371927157919e+00
7.513461400000251089e+00 -1.154638670037419823e+00
7.502879060000251954e+00 -1.154789421119542636e+00
7.492296720000252819e+00 -1.154940602052102250e+00
7.481714380000253684e+00 -1.155092203576766785e+00
7.471132040000254548e+00 -1.155244260182532123e+00
7.460549700000255413e+00 -1.155396738376214705e+00
7.449967360000256278e+00 -1.155549670579790300e+00
7.439385020000257143e+00 -1.155703032239073558e+00
7.428802680000258007e+00 -1.155856856004657152e+00
7.418220340000258872e+00 -1.156011104463158023e+00
7.407638000000259737e+00 -1.156165823354555533e+00
7.397055660000260602e+00 -1.156320989181887304e+00
7.386473320000261467e+00 -1.156476592294883643e+00
7.375890980000262331e+00 -1.156632668272773223e+00
7.365308640000263196e+00 -1.156789182755780576e+00
7.354726300000264061e+00 -1.156946169040443229e+00
7.344143960000264926e+00 -1.157103601992680364e+00
7.333561620000265791e+00 -1.157261515146567721e+00
7.322979280000266655e+00 -1.157419870209025703e+00
7.312396940000267520e+00 -1.157578714032142075e+00
7.301814600000268385e+00 -1.157738022726995109e+00
7.291232260000269250e+00 -1.157897786241192328e+00
7.280649920000270114e+00 -1.158058041284439899e+00
7.270067580000270979e+00 -1.158218752598262125e+00
7.259485240000271844e+00 -1.158379954386134170e+00
7.248902900000272709e+00 -1.158541620916118342e+00
7.238320560000273574e+00 -1.158703786636229971e+00
7.227738220000274438e+00 -1.158866431906701688e+00
7.217155880000275303e+00 -1.159029547095967727e+00
7.206573540000276168e+00 -1.159193164500455397e+00
7.195991200000277033e+00 -1.159357255132152709e+00
7.185408860000277897e+00 -1.159521856873468204e+00
7.174826520000278762e+00 -1.159686933536236086e+00
7.164244180000279627e+00 -1.159852520264847531e+00
7.153661840000280492e+00 -1.160018590708778330e+00
7.143079500000281357e+00 -1.160185176724455758e+00
7.132497160000282221e+00 -1.160352267740284216e+00
7.121914820000283086e+00 -1.160519845453607868e+00
7.111332480000283951e+00 -1.160687944536832772e+00
7.100750140000284816e+00 -1.160856538261951787e+00
7.090167800000285681e+00 -1.161025662586514962e+00
7.079585460000286545e+00 -1.161195276810637944e+00
7.069003120000287410e+00 -1.161365430829183198e+00
7.058420780000288275e+00 -1.161536083873064173e+00
7.047838440000289140e+00 -1.161707272226508492e+00
7.037256100000290004e+00 -1.161878988246091371e+00
7.026673760000290869e+00 -1.162051210033307802e+00
7.016091420000291734e+00 -1.162223974275173433e+00
7.005509080000292599e+00 -1.162397253594703361e+00
6.994926740000293464e+00 -1.162571084949844735e+00
6.984344400000294328e+00 -1.162745426632102008e+00
6.973762060000295193e+00 -1.162920329816506282e+00
6.963179720000296058e+00 -1.163095769091819331e+00
6.952597380000296923e+00 -1.163271732836720140e+00
6.942015040000297788e+00 -1.163448262152157131e+00
6.931432700000298652e+00 -1.163625318287824228e+00
6.920850360000299517e+00 -1.163802938969474177e+00
6.910268020000300382e+00 -1.163981096130709769e+00
6.899685680000301247e+00 -1.164159827779018164e+00
6.889103340000302111e+00 -1.164339091149350081e+00
6.878521000000302976e+00 -1.164518939975172529e+00
6.867938660000303841e+00 -1.164699345925328311e+00
6.857356320000304706e+00 -1.164880298108700085e+00
6.846773980000305571e+00 -1.165061838979787101e+00
6.836191640000306435e+00 -1.165243928706665377e+00
6.825609300000307300e+00 -1.165426606093424633e+00
6.815026960000308165e+00 -1.165609842354705439e+00
6.804444620000309030e+00 -1.165793676587426608e+00
6.793862280000309894e+00 -1.165978064921542545e+00
6.783279940000310759e+00 -1.166163061255041988e+00
6.772697600000311624e+00 -1.166348639199975779e+00
6.762115260000312489e+00 -1.166534786131771639e+00
6.751532920000313354e+00 -1.166721545914844338e+00
6.740950580000314218e+00 -1.166908877585488558e+00
6.730368240000315083e+00 -1.167096821066257117e+00
6.719785900000315948e+00 -1.167285346821418379e+00
6.709203560000316813e+00 -1.167474495077847507e+00
6.698621220000317678e+00 -1.167664242068942260e+00
6.688038880000318542e+00 -1.167854579358479805e+00
6.677456540000319407e+00 -1.168045543811812470e+00
6.666874200000320272e+00 -1.168237101000765277e+00
6.656291860000321137e+00 -1.168429296258920225e+00
6.645709520000322001e+00 -1.168622087436225421e+00
6.635127180000322866e+00 -1.168815515614536338e+00
6.624544840000323731e+00 -1.169009550473842030e+00
6.613962500000324596e+00 -1.169204229633926007e+00
6.603380160000325461e+00 -1.169399526610787721e+00
6.592797820000326325e+00 -1.169595447446078573e+00
6.582215480000327190e+00 -1.169792019677683648e+00
6.571633140000328055e+00 -1.169989212531900469e+00
6.561050800000328920e+00 -1.170187068072632064e+00
6.550468460000329785e+00 -1.170385539354238391e+00
6.539886120000330649e+00 -1.170584684094622352e+00
6.529303780000331514e+00 -1.170784455711622485e+00
6.518721440000332379e+00 -1.170984897904894462e+00
6.508139100000333244e+00 -1.171185999190675009e+00
6.497556760000334108e+00 -1.171387735669438435e+00
6.486974420000334973e+00 -1.171590150304693934e+00
6.476392080000335838e+00 -1.171793211479041030e+00
6.465809740000336703e+00 -1.171996962491097971e+00
6.455227400000337568e+00 -1.172201355080291885e+00
6.444645060000338432e+00 -1.172406448573139359e+00
6.434062720000339297e+00 -1.172612214546040921e+00
6.423480380000340162e+00 -1.172818638283715353e+00
6.412898040000341027e+00 -1.173025769157939546e+00
6.402315700000341891e+00 -1.173233561697582195e+00
6.391733360000342756e+00 -1.173442060130186260e+00
6.381151020000343621e+00 -1.173651231952914653e+00
6.370568680000344486e+00 -1.173861121740767510e+00
6.359986340000345351e+00 -1.174071679845710703e+00
6.349404000000346215e+00 -1.174282967271631950e+00
6.338821660000347080e+00 -1.174494954934428792e+00
6.328239320000347945e+00 -1.174707627440182200e+00
6.317656980000348810e+00 -1.174921035862417140e+00
6.307074640000349675e+00 -1.175135133303110591e+00
6.296492300000350539e+00 -1.175349965293770005e+00
6.285909960000351404e+00 -1.175565498402011633e+00
6.275327620000352269e+00 -1.175781778520416321e+00
6.264745280000353134e+00 -1.175998754534328672e+00
6.254162940000353998e+00 -1.176216489197337456e+00
6.243580600000354863e+00 -1.176434952716953530e+00
6.232998260000355728e+00 -1.176654128970774593e+00
6.222415920000356593e+00 -1.176874070807791384e+00
6.211833580000357458e+00 -1.177094729819829100e+00
6.201251240000358322e+00 -1.177316152883429501e+00
6.190668900000359187e+00 -1.177538305588430756e+00
6.180086560000360052e+00 -1.177761235186268074e+00
6.169504220000360917e+00 -1.177984915481320449e+00
6.158921880000361782e+00 -1.178209333369407474e+00
6.148339540000362646e+00 -1.178434534254095389e+00
6.137757200000363511e+00 -1.178660476481323771e+00
6.127174860000364376e+00 -1.178887214753647772e+00
6.116592520000365241e+00 -1.179114699061412086e+00
6.106010180000366105e+00 -1.179342977666178127e+00
6.095427840000366970e+00 -1.179572015129226603e+00
6.084845500000367835e+00 -1.179801860100790023e+00
6.074263160000368700e+00 -1.180032483737038174e+00
6.063680820000369565e+00 -1.180263876102881415e+00
6.053098480000370429e+00 -1.180496079844836288e+00
6.042516140000371294e+00 -1.180729058929518072e+00
6.031933800000372159e+00 -1.180962862801640645e+00
6.021351460000373024e+00 -1.181197434725466344e+00
6.010769120000373889e+00 -1.181432845102445395e+00
6.000186780000374753e+00 -1.181669038145629180e+00
5.989604440000375618e+00 -1.181906063269989149e+00
5.979022100000376483e+00 -1.182143910558709710e+00
5.968439760000377348e+00 -1.182382549864596566e+00
5.957857420000378212e+00 -1.182622031680809149e+00
5.947275080000379077e+00 -1.182862318859364992e+00
5.936692740000379942e+00 -1.183103462304933018e+00
5.926110400000380807e+00 -1.183345404920507882e+00
5.915528060000381672e+00 -1.183588216335209387e+00
5.904945720000382536e+00 -1.183831863752983438e+00
5.894363380000383401e+00 -1.184076327959875385e+00
5.883781040000384266e+00 -1.184321668785730530e+00
5.873198700000385131e+00 -1.184567831650026326e+00
5.862616360000385995e+00 -1.184814868528813125e+00
5.852034020000386860e+00 -1.185062741101110539e+00
5.841451680000387725e+00 -1.185311501770242693e+00
5.830869340000388590e+00 -1.185561091500142883e+00
5.820287000000389455e+00 -1.185811582065103842e+00
5.809704660000390319e+00 -1.186062941739528753e+00
5.799122320000391184e+00 -1.186315146106412755e+00
5.788539980000392049e+00 -1.186568259247864576e+00
5.777957640000392914e+00 -1.186822224579989760e+00
5.767375300000393779e+00 -1.187077095597832477e+00
5.756792960000394643e+00 -1.187332832746961220e+00
5.746210620000395508e+00 -1.187589489966552891e+00
5.735628280000396373e+00 -1.187847006148803342e+00
5.725045940000397238e+00 -1.188105455313290815e+00
5.714463600000398102e+00 -1.188364802550120114e+00
5.703881260000398967e+00 -1.188625026467429846e+00
5.693298920000399832e+00 -1.188886191357952926e+00
5.682716580000400697e+00 -1.189148238495274734e+00
5.672134240000401562e+00 -1.189411231911680300e+00
5.661551900000402426e+00 -1.189675113317266053e+00
5.650969560000403291e+00 -1.189939955897340473e+00
5.640387220000404156e+00 -1.190205707753042796e+00
5.629804880000405021e+00 -1.190472366150307160e+00
5.619222540000405886e+00 -1.190739982784738693e+00
5.608640200000406750e+00 -1.191008505761234737e+00
5.598057860000407615e+00 -1.191278001781969742e+00
5.587475520000408480e+00 -1.191548409830189836e+00
5.576893180000409345e+00 -1.191819786547988924e+00
5.566310840000410209e+00 -1.192092089727294413e+00
5.555728500000411074e+00 -1.192365369351388704e+00
5.545146160000411939e+00 -1.192639611361702823e+00
5.534563820000412804e+00 -1.192914782551616870e+00
5.523981480000413669e+00 -1.193190939575679677e+00
5.513399140000414533e+00 -1.193468039442398876e+00
5.502816800000415398e+00 -1.193746140181714432e+00
5.492234460000416263e+00 -1.194025174703424064e+00
5.481652120000417128e+00 -1.194305223328550047e+00
5.471069780000417992e+00 -1.194586220367624962e+00
5.460487440000418857e+00 -1.194868226064035754e+00
5.449905100000419722e+00 -1.195151223577125332e+00
5.439322760000420587e+00 -1.195435178010642696e+00
5.428740420000421452e+00 -1.195720148543509165e+00
5.418158080000422316e+00 -1.196006090723146897e+00
5.407575740000423181e+00 -1.196293064239515980e+00
5.396993400000424046e+00 -1.196580999351224861e+00
5.386411060000424911e+00 -1.196869979092000769e+00
5.375828720000425776e+00 -1.197159963764288904e+00
5.365246380000426640e+00 -1.197450927038190338e+00
5.354664040000427505e+00 -1.197742942387525211e+00
5.344081700000428370e+00 -1.198035942150813549e+00
5.333499360000429235e+00 -1.198329987175805966e+00
5.322917020000430099e+00 -1.198625031482756453e+00
5.312334680000430964e+00 -1.198921136451954972e+00
5.301752340000431829e+00 -1.199218229491302079e+00
5.291170000000432694e+00 -1.199516396508087057e+00
5.280587660000433559e+00 -1.199815596160810349e+00
5.270005320000434423e+00 -1.200115800422612455e+00
5.259422980000435288e+00 -1.200417085698298525e+00
5.248840640000436153e+00 -1.200719381373028583e+00
5.238258300000437018e+00 -1.201022749989007377e+00
5.227675960000437883e+00 -1.201327143972088507e+00
5.217093620000438747e+00 -1.201632626420038541e+00
5.206511280000439612e+00 -1.201939121670123178e+00
5.195928940000440477e+00 -1.202246718679494064e+00
5.185346600000441342e+00 -1.202555374304235869e+00
5.174764260000442206e+00 -1.202865058656252151e+00
5.164181920000443071e+00 -1.203175851253169393e+00
5.153599580000443936e+00 -1.203487678296365493e+00
5.143017240000444801e+00 -1.203800604042958300e+00
5.132434900000445666e+00 -1.204114579255625150e+00
5.121852560000446530e+00 -1.204429668771039186e+00
5.111270220000447395e+00 -1.204745832024874286e+00
5.100687880000448260e+00 -1.205063049135800313e+00
5.090105540000449125e+00 -1.205381383923988192e+00
5.079523200000449989e+00 -1.205700769178475573e+00
5.068940860000450854e+00 -1.206021287726470659e+00
5.058358520000451719e+00 -1.206342862330309629e+00
5.047776180000452584e+00 -1.206665558975475117e+00
5.037193840000453449e+00 -1.206989326687627040e+00
5.026611500000454313e+00 -1.207314222492268829e+00
5.016029160000455178e+00 -1.207640229084746331e+00
5.005446820000456043e+00 -1.207967303723601171e+00
4.994864480000456908e+00 -1.208295512101514646e+00
4.984282140000457773e+00 -1.208624802246302199e+00
4.973699800000458637e+00 -1.208955241720639728e+00
4.963117460000459502e+00 -1.209286745843576982e+00
4.952535120000460367e+00 -1.209619412271212280e+00
4.941952780000461232e+00 -1.209953158271215079e+00
4.931370440000462096e+00 -1.210288050640577984e+00
4.920788100000462961e+00 -1.210624075435316360e+00
4.910205760000463826e+00 -1.210961183601647395e+00
4.899623420000464691e+00 -1.211299443807156706e+00
4.889041080000465556e+00 -1.211638802216017607e+00
4.878458740000466420e+00 -1.211979328136099987e+00
4.867876400000467285e+00 -1.212320932810171836e+00
4.857294060000468150e+00 -1.212663717688565956e+00
4.846711720000469015e+00 -1.213007631593439051e+00
4.836129380000469880e+00 -1.213352636329822154e+00
4.825547040000470744e+00 -1.213698824168601975e+00
4.814964700000471609e+00 -1.214046107694821908e+00
4.804382360000472474e+00 -1.214394557268429820e+00
4.793800020000473339e+00 -1.214744117090250208e+00
4.783217680000474203e+00 -1.215094858180456150e+00
4.772635340000475068e+00 -1.215446687333359810e+00
4.762053000000475933e+00 -1.215799713945086236e+00
4.751470660000476798e+00 -1.216153876171182091e+00
4.740888320000477663e+00 -1.216509136752284670e+00
4.730305980000478527e+00 -1.216865592064741097e+00
4.719723640000479392e+00 -1.217223150047104685e+00
4.709141300000480257e+00 -1.217581882691165740e+00
4.698558960000481122e+00 -1.217941732113540843e+00
4.687976620000481986e+00 -1.218302770983126004e+00
4.677394280000482851e+00 -1.218664901213870611e+00
4.666811940000483716e+00 -1.219028232543964974e+00
4.656229600000484581e+00 -1.219392707731653314e+00
4.645647260000485446e+00 -1.219758282304796770e+00
4.635064920000486310e+00 -1.220125056985737810e+00
4.624482580000487175e+00 -1.220492934585714284e+00
4.613900240000488040e+00 -1.220861988633103135e+00
4.603317900000488905e+00 -1.221232159009127294e+00
4.592735560000489770e+00 -1.221603519920721581e+00
4.582153220000490634e+00 -1.221976011388973715e+00
4.571570880000491499e+00 -1.222349617168128511e+00
4.560988540000492364e+00 -1.222724406858124446e+00
4.550406200000493229e+00 -1.223100288737995367e+00
4.539823860000494093e+00 -1.223477368079175953e+00
4.529241520000494958e+00 -1.223855542052380008e+00
4.518659180000495823e+00 -1.224234885546773732e+00
4.508076840000496688e+00 -1.224615336012566447e+00
4.497494500000497553e+00 -1.224996954661179638e+00
4.486912160000498417e+00 -1.225379720417152374e+00
4.476329820000499282e+00 -1.225763573265848061e+00
4.465747480000500147e+00 -1.226148587139769042e+00
4.455165140000501012e+00 -1.226534698032938353e+00
4.444582800000501877e+00 -1.226921982176179426e+00
4.434000460000502741e+00 -1.227310346642974226e+00
4.423418120000503606e+00 -1.227699852631920274e+00
4.412835780000504471e+00 -1.228090449728883593e+00
4.402253440000505336e+00 -1.228482197345309057e+00
4.391671100000506200e+00 -1.228875068562568895e+00
4.381088760000507065e+00 -1.229268998610035357e+00
4.370506420000507930e+00 -1.229664063997858880e+00
4.359924080000508795e+00 -1.230060197859896620e+00
4.349341740000509660e+00 -1.230457477357332019e+00
4.338759400000510524e+00 -1.230855803361623035e+00
4.328177060000511389e+00 -1.231255239232462273e+00
4.317594720000512254e+00 -1.231655754143494708e+00
4.307012380000513119e+00 -1.232057330332611000e+00
4.296430040000513984e+00 -1.232460021685892970e+00
4.285847700000514848e+00 -1.232863728956779426e+00
4.275265360000515713e+00 -1.233268529206186681e+00
4.264683020000516578e+00 -1.233674352320536904e+00
4.254100680000517443e+00 -1.234081275961134150e+00
4.243518340000518307e+00 -1.234489193935753404e+00
4.232936000000519172e+00 -1.234898171641496400e+00
4.222353660000520037e+00 -1.235308174210421939e+00
4.211771320000520902e+00 -1.235719179672913448e+00
4.201188980000521767e+00 -1.236131243912329536e+00
4.190606640000522631e+00 -1.236544260107673932e+00
4.180024300000523496e+00 -1.236958305314507456e+00
4.169441960000524361e+00 -1.237373305669177581e+00
4.158859620000525226e+00 -1.237789338744962997e+00
4.148277280000526090e+00 -1.238206290246589791e+00
4.137694940000526955e+00 -1.238624227370113351e+00
4.127112600000527820e+00 -1.239043110302919803e+00
4.116530260000528685e+00 -1.239462911953271629e+00
4.105947920000529550e+00 -1.239883689913421128e+00
4.095365580000530414e+00 -1.240305328639718097e+00
4.084783240000531279e+00 -1.240727904438183815e+00
4.074200900000532144e+00 -1.241151339044886504e+00
4.063618560000533009e+00 -1.241575709160095853e+00
4.053036220000533874e+00 -1.242000928104595836e+00
4.042453880000534738e+00 -1.242426949811099579e+00
4.031871540000535603e+00 -1.242853845831907389e+00
4.021289200000536468e+00 -1.243281542969806086e+00
4.010706860000537333e+00 -1.243710100071423241e+00
4.000124520000538197e+00 -1.244139391474529788e+00
3.989542180000539062e+00 -1.244569491743011902e+00
3.978959840000539927e+00 -1.245000317368587961e+00
3.968377500000540792e+00 -1.245431944583504924e+00
3.957795160000541657e+00 -1.245864266548801558e+00
3.947212820000542521e+00 -1.246297260875302459e+00
3.936630480000543386e+00 -1.246730973519986296e+00
3.926048140000544251e+00 -1.247165317470393608e+00
3.915465800000545116e+00 -1.247600366169967945e+00
3.904883460000545981e+00 -1.248035978136041502e+00
3.894301120000546845e+00 -1.248472222898672213e+00
3.883718780000547710e+00 -1.248909012669388696e+00
3.873136440000548575e+00 -1.249346390169749244e+00
3.862554100000549440e+00 -1.249784325959633291e+00
3.851971760000550304e+00 -1.250222704807138374e+00
3.841389420000551169e+00 -1.250661595903303835e+00
3.830807080000552034e+00 -1.251100905384861628e+00
3.820224740000552899e+00 -1.251540702248022052e+00
3.809642400000553764e+00 -1.251980831273700190e+00
3.799060060000554628e+00 -1.252421361383260212e+00
3.788477720000555493e+00 -1.252862225417243458e+00
3.777895380000556358e+00 -1.253303362789049524e+00
3.767313040000557223e+00 -1.253744835763742849e+00
3.756730700000558087e+00 -1.254186483128082452e+00
3.746148360000558952e+00 -1.254628368321017984e+00
3.735566020000559817e+00 -1.255070388967282291e+00
3.724983680000560682e+00 -1.255512607931683622e+00
3.714401340000561547e+00 -1.255954858474847891e+00
3.703819000000562411e+00 -1.256397200664403080e+00
3.693236660000563276e+00 -1.256839552957170980e+00
3.682654320000564141e+00 -1.257281848225638710e+00
3.672071980000565006e+00 -1.257724142392243394e+00
3.661489640000565871e+00 -1.258166257797140419e+00
3.650907300000566735e+00 -1.258608249759655795e+00
3.640324960000567600e+00 -1.259050005519998017e+00
3.629742620000568465e+00 -1.259491579330491273e+00
3.619160280000569330e+00 -1.259932800208647397e+00
3.608577940000570194e+00 -1.260373672310731941e+00
3.597995600000571059e+00 -1.260814138613130408e+00
3.587413260000571924e+00 -1.261254152462421674e+00
3.576830920000572789e+00 -1.261693706644819724e+00
3.566248580000573654e+00 -1.262132622182655206e+00
3.555666240000574518e+00 -1.262570943316954741e+00
3.545083900000575383e+00 -1.263008544600177308e+00
3.534501560000576248e+00 -1.263445468573502595e+00
3.523919220000577113e+00 -1.263881540656444979e+00
3.513336880000577978e+00 -1.264316702025926054e+00
3.502754540000578842e+00 -1.264750934199930565e+00
3.492172200000579707e+00 -1.265184150541833086e+00
3.481589860000580572e+00 -1.265616338442451250e+00
3.471007520000581437e+00 -1.266047293796433326e+00
3.460425180000582301e+00 -1.266477046096272874e+00
3.449842840000583166e+00 -1.266905454396081820e+00
3.439260500000584031e+00 -1.267332552746148089e+00
3.428678160000584896e+00 -1.267758120322012738e+00
3.418095820000585761e+00 -1.268182105888141065e+00
3.407513480000586625e+00 -1.268604478493259968e+00
3.396931140000587490e+00 -1.269025087150815301e+00
3.386348800000588355e+00 -1.269443948231947283e+00
3.375766460000589220e+00 -1.269860806079728732e+00
3.365184120000590084e+00 -1.270275699471109743e+00
3.354601780000590949e+00 -1.270688439999239083e+00
3.344019440000591814e+00 -1.271099003685013162e+00
3.333437100000592679e+00 -1.271507289073263047e+00
3.322854760000593544e+00 -1.271913071085412072e+00
3.312272420000594408e+00 -1.272316346917211405e+00
3.301690080000595273e+00 -1.272716944484232782e+00
3.291107740000596138e+00 -1.273114856803459594e+00
3.280525400000597003e+00 -1.273509794005022844e+00
3.269943060000597868e+00 -1.273901779493072262e+00
3.259360720000598732e+00 -1.274290630753500464e+00
3.248778380000599597e+00 -1.274676173697975923e+00
3.238196040000600462e+00 -1.275058415535734735e+00
3.227613700000601327e+00 -1.275437049510527387e+00
3.217031360000602191e+00 -1.275812044408555002e+00
3.206449020000603056e+00 -1.276183202480935863e+00
3.195866680000603921e+00 -1.276550486907099602e+00
3.185284340000604786e+00 -1.276913567593564336e+00
3.174702000000605651e+00 -1.277272446169043674e+00
3.164119660000606515e+00 -1.277626906469843338e+00
3.153537320000607380e+00 -1.277976729461910210e+00
3.142954980000608245e+00 -1.278321904911264184e+00
3.132372640000609110e+00 -1.278662080451864469e+00
3.121790300000609975e+00 -1.278997188878705726e+00
3.111207960000610839e+00 -1.279327001264364716e+00
3.100625620000611704e+00 -1.279651443016086798e+00
3.090043280000612569e+00 -1.279970149138822899e+00
3.079460940000613434e+00 -1.280283058258994355e+00
3.068878600000614298e+00 -1.280589932284931454e+00
3.058296260000615163e+00 -1.280890526896355741e+00
3.047713920000616028e+00 -1.281184764431251510e+00
3.037131580000616893e+00 -1.281472261581546146e+00
3.026549240000617758e+00 -1.281752901194905814e+00
3.015966900000618622e+00 -1.282026416458395435e+00
3.005384560000619487e+00 -1.282292685252514497e+00
2.994802220000620352e+00 -1.282551322586146458e+00
2.984219880000621217e+00 -1.282802126925716157e+00
2.973637540000622081e+00 -1.283044906478858715e+00
2.963055200000622946e+00 -1.283279329754986486e+00
2.952472860000623811e+00 -1.283505282947458026e+00
2.941890520000624676e+00 -1.283722313680271121e+00
2.931308180000625541e+00 -1.283930252306189068e+00
2.920725840000626405e+00 -1.284128785914600890e+00
2.910143500000627270e+00 -1.284317677472979646e+00
2.899561160000628135e+00 -1.284496640063856443e+00
2.888978820000629000e+00 -1.284665264463094703e+00
2.878396480000629865e+00 -1.284823327310088859e+00
2.867814140000630729e+00 -1.284970485832213516e+00
2.857231800000631594e+00 -1.285106519017263249e+00
2.846649460000632459e+00 -1.285230901139508219e+00
2.836067120000633324e+00 -1.285343452259061214e+00
2.825484780000634188e+00 -1.285443742453669769e+00
2.814902440000635053e+00 -1.285531457712203895e+00
2.804320100000635918e+00 -1.285606302192164208e+00
2.793737760000636783e+00 -1.285667738282735284e+00
2.783155420000637648e+00 -1.285715478896691133e+00
2.772573080000638512e+00 -1.285749118249427170e+00
2.761990740000639377e+00 -1.285768350943291782e+00
2.751408400000640242e+00 -1.285772570934992087e+00
2.740826060000641107e+00 -1.285761514363511715e+00
2.730243720000641972e+00 -1.285734704188738808e+00
2.719661380000642836e+00 -1.285691649186885943e+00
2.709079040000643701e+00 -1.285632058881209350e+00
2.698496700000644566e+00 -1.285555275281020648e+00
2.687914360000645431e+00 -1.285460910818291280e+00
2.677332020000646295e+00 -1.285348482209935916e+00
2.666749680000647160e+00 -1.285217578487835910e+00
2.656167340000648025e+00 -1.285067481361144903e+00
2.645585000000648890e+00 -1.284897870662193409e+00
2.635002660000649755e+00 -1.284708125545338087e+00
2.624420320000650619e+00 -1.284497647416533939e+00
2.613837980000651484e+00 -1.284266069960332102e+00
2.603255640000652349e+00 -1.284012612108341944e+00
2.592673300000653214e+00 -1.283736760669688337e+00
2.582090960000654078e+00 -1.283437936701809168e+00
2.571508620000654943e+00 -1.283115597231929250e+00
2.560926280000655808e+00 -1.282768883044445474e+00
2.550343940000656673e+00 -1.282397418728991267e+00
2.539761600000657538e+00 -1.282000426232704715e+00
2.529179260000658402e+00 -1.281577103529691897e+00
2.518596920000659267e+00 -1.281127034046035451e+00
2.508014580000660132e+00 -1.280649282568158132e+00
2.497432240000660997e+00 -1.280143179160050160e+00
2.486849900000661862e+00 -1.279608026749800453e+00
2.476267560000662726e+00 -1.279043117748582592e+00
2.465685220000663591e+00 -1.278447496227925306e+00
2.455102880000664456e+00 -1.277820495174809778e+00
2.444520540000665321e+00 -1.277161329060064077e+00
2.433938200000666185e+00 -1.276468959121810798e+00
2.423355860000667050e+00 -1.275742834384756108e+00
2.412773520000667915e+00 -1.274981851440763148e+00
2.402191180000668780e+00 -1.274185145792559704e+00
2.391608840000669645e+00 -1.273351875161925495e+00
2.381026500000670509e+00 -1.272481028796191405e+00
2.370444160000671374e+00 -1.271571768057220719e+00
2.359861820000672239e+00 -1.270622963777550130e+00
2.349279480000673104e+00 -1.269633616811457699e+00
2.338697140000673969e+00 -1.268602790900372979e+00
2.328114800000674833e+00 -1.267529441516432431e+00
2.317532460000675698e+00 -1.266412262639813324e+00
2.306950120000676563e+00 -1.265250480737920569e+00
2.296367780000677428e+00 -1.264042746776208759e+00
2.285785440000678292e+00 -1.262787836960542975e+00
2.275203100000679157e+00 -1.261484854404603784e+00
2.264620760000680022e+00 -1.260132371598443601e+00
2.254038420000680887e+00 -1.258729130246001970e+00
2.243456080000681752e+00 -1.257273998674492077e+00
2.232873740000682616e+00 -1.255765653752340727e+00
2.222291400000683481e+00 -1.254202558001813017e+00
2.211709060000684346e+00 -1.252583701965040541e+00
2.201126720000685211e+00 -1.250907522014324647e+00
2.190544380000686076e+00 -1.249172413121260483e+00
2.179962040000686940e+00 -1.247377274343916653e+00
2.169379700000687805e+00 -1.245520429717822397e+00
2.158797360000688670e+00 -1.243600300283435267e+00
2.148215020000689535e+00 -1.241615523601719229e+00
2.137632680000690399e+00 -1.239564444215601302e+00
2.127050340000691264e+00 -1.237445254942703521e+00
2.116468000000692129e+00 -1.235256662352982149e+00
2.105885660000692994e+00 -1.232996787821231788e+00
2.095303320000693859e+00 -1.230663705664991392e+00
2.084720980000694723e+00 -1.228256012283098109e+00
2.074138640000695588e+00 -1.225771744845884470e+00
2.063556300000696453e+00 -1.223208945655805957e+00
2.052973960000697318e+00 -1.220565985874718651e+00
2.042391620000698182e+00 -1.217840816249084579e+00
2.031809280000699047e+00 -1.215031339581554182e+00
2.021226940000699912e+00 -1.212135890451749409e+00
2.010644600000700777e+00 -1.209152250753608104e+00
2.000062260000701642e+00 -1.206078150835617979e+00
1.989479920000702506e+00 -1.202911796185070159e+00
1.978897580000703371e+00 -1.199650912589901086e+00
1.968315240000704236e+00 -1.196293100994169745e+00
1.957732900000705101e+00 -1.192836430185244101e+00
1.947150560000705966e+00 -1.189278394346155565e+00
1.936568220000706830e+00 -1.185616391286486326e+00
1.925985880000707695e+00 -1.181848676487269989e+00
1.915403540000708560e+00 -1.177972467879452978e+00
1.904821200000709425e+00 -1.173985096987207211e+00
1.894238860000710289e+00 -1.169884325539908954e+00
1.883656520000711154e+00 -1.165667525349512346e+00
1.873074180000712019e+00 -1.161331784402621192e+00
1.862491840000712884e+00 -1.156874828653419840e+00
1.851909500000713749e+00 -1.152293419122136120e+00
1.841327160000714613e+00 -1.147585328476770306e+00
1.830744820000715478e+00 -1.142747461771248307e+00
1.820162480000716343e+00 -1.137776662313284781e+00
1.809580140000717208e+00 -1.132670445115067093e+00
1.798997800000718073e+00 -1.127425441660060645e+00
1.788415460000718937e+00 -1.122038598679491850e+00
1.777833120000719802e+00 -1.116507081844666516e+00
1.767250780000720667e+00 -1.110827550669653441e+00
1.756668440000721532e+00 -1.104996447033869122e+00
1.746086100000722396e+00 -1.099010857222205928e+00
1.735503760000723261e+00 -1.092867445299842810e+00
1.724921420000724126e+00 -1.086562328530650268e+00
1.714339080000724991e+00 -1.080092604540008328e+00
1.703756740000725856e+00 -1.073454234955862674e+00
1.693174400000726720e+00 -1.066643664164944827e+00
1.682592060000727585e+00 -1.059657545773261322e+00
1.672009720000728450e+00 -1.052491867320669128e+00
1.661427380000729315e+00 -1.045142525687537516e+00
1.650845040000730179e+00 -1.037605949291651619e+00
1.640262700000731044e+00 -1.029878273022653001e+00
1.629680360000731909e+00 -1.021954824854808042e+00
1.619098020000732774e+00 -1.013832182659827108e+00
1.608515680000733639e+00 -1.005505463805224098e+00
1.597933340000734503e+00 -9.969704579579137249e-01
1.587351000000735368e+00 -9.882230619011890260e-01
1.576768660000736233e+00 -9.792580063551954428e-01
1.566186320000737098e+00 -9.700711411216644819e-01
1.555603980000737963e+00 -9.606575984879865970e-01
1.545021640000738827e+00 -9.510126356898447320e-01
1.534439300000739692e+00 -9.411304295277583831e-01
1.523856960000740557e+00 -9.310066833073453729e-01
1.513274620000741422e+00 -9.206352237940103045e-01
1.502692280000742286e+00 -9.100107487929315342e-01
1.492109940000743151e+00 -8.991279456160204964e-01
1.481527600000744016e+00 -8.879806413047528491e-01
1.470945260000744881e+00 -8.765624460624015235e-01
1.460362920000745746e+00 -8.648675133937746562e-01
1.449780580000746610e+00 -8.528897260370966737e-01
1.439198240000747475e+00 -8.406214742631129555e-01
1.428615900000748340e+00 -8.280571035659451962e-01
1.418033560000749205e+00 -8.151885337167896761e-01
1.407451220000750070e+00 -8.020086690537815421e-01
1.396868880000750934e+00 -7.885108603055142051e-01
1.386286540000751799e+00 -7.746865490122594178e-01
1.375704200000752664e+00 -7.605274876471214140e-01
1.365121860000753529e+00 -7.460258250932709778e-01
1.354539520000754393e+00 -7.311734744368081351e-01
1.343957180000755258e+00 -7.159603644796663779e-01
1.333374840000756123e+00 -7.003789077483340009e-01
1.322792500000756988e+00 -6.844187547134171767e-01
1.312210160000757853e+00 -6.680693934282961877e-01
1.301627820000758717e+00 -6.513229969116312024e-01
1.291045480000759582e+00 -6.341671692798470650e-01
1.280463140000760447e+00 -6.165929799867793104e-01
1.269880800000761312e+00 -5.985878908218974503e-01
1.259298460000762176e+00 -5.801411660954278737e-01
1.248716120000763041e+00 -5.612415340191636570e-01
1.238133780000763906e+00 -5.418767781407174411e-01
1.227551440000764771e+00 -5.220322941076780410e-01
1.216969100000765636e+00 -5.016981825359481117e-01
1.206386760000766500e+00 -4.808609661297553739e-01
1.195804420000767365e+00 -4.595051604733907391e-01
1.185222080000768230e+00 -4.376190679518657811e-01
1.174639740000769095e+00 -4.151863723540262230e-01
1.164057400000769960e+00 -3.921934527408093563e-01
1.153475060000770824e+00 -3.686258123598544767e-01
1.142892720000771689e+00 -3.444680156382757819e-01
1.132310380000772554e+00 -3.197046747082409324e-01
1.121728040000773419e+00 -2.943214188808552789e-01
1.111145700000774283e+00 -2.683060507344907086e-01
1.100563360000775148e+00 -2.416450964667575252e-01
1.089981020000776013e+00 -2.143378934507056410e-01
