1.058234000000000030e+01 -1.397798444503687953e+00
1.057175766000000117e+01 -1.397834359343585131e+00
1.056117532000000203e+01 -1.397870350960107366e+00
1.055059298000000290e+01 -1.397906414636959305e+00
1.054001064000000376e+01 -1.397942549971821213e+00
1.052942830000000463e+01 -1.397978760499414941e+00
1.051884596000000549e+01 -1.398015043231031651e+00
1.050826362000000636e+01 -1.398051401715714626e+00
1.049768128000000722e+01 -1.398087831857353303e+00
1.048709894000000808e+01 -1.398124339998004118e+00
1.047651660000000895e+01 -1.398160919354427545e+00
1.046593426000000981e+01 -1.398197577172830330e+00
1.045535192000001068e+01 -1.398234309287146537e+00
1.044476958000001154e+01 -1.398271115081374916e+00
1.043418724000001241e+01 -1.398307998265422958e+00
1.042360490000001327e+01 -1.398344955586804383e+00
1.041302256000001414e+01 -1.398381990771418115e+00
1.040244022000001500e+01 -1.398419104041842553e+00
1.039185788000001587e+01 -1.398456290421998149e+00
1.038127554000001673e+01 -1.398493552752301250e+00
1.037069320000001760e+01 -1.398530895657050133e+00
1.036011086000001846e+01 -1.398568314996115447e+00
1.034952852000001933e+01 -1.398605810112026226e+00
1.033894618000002019e+01 -1.398643384790602795e+00
1.032836384000002106e+01 -1.398681035720358734e+00
1.031778150000002192e+01 -1.398718764059430741e+00
1.030719916000002279e+01 -1.398756576212382807e+00
1.029661682000002365e+01 -1.398794462696358432e+00
1.028603448000002452e+01 -1.398832429982935555e+00
1.027545214000002538e+01 -1.398870474732757163e+00
1.026486980000002625e+01 -1.398908600787296397e+00
1.025428746000002711e+01 -1.398946803948929229e+00
1.024370512000002797e+01 -1.398985090623441785e+00
1.023312278000002884e+01 -1.399023454898687957e+00
1.022254044000002970e+01 -1.399061901501782668e+00
1.021195810000003057e+01 -1.399100428873716329e+00
1.020137576000003143e+01 -1.399139035482676707e+00
1.019079342000003230e+01 -1.399177725161564689e+00
1.018021108000003316e+01 -1.399216494546053680e+00
1.016962874000003403e+01 -1.399255347556747076e+00
1.015904640000003489e+01 -1.399294279953864351e+00
1.014846406000003576e+01 -1.399333298170226225e+00
1.013788172000003662e+01 -1.399372395455488860e+00
1.012729938000003749e+01 -1.399411579088950530e+00
1.011671704000003835e+01 -1.399450844996998677e+00
1.010613470000003922e+01 -1.399490192417537804e+00
1.009555236000004008e+01 -1.399529625333585381e+00
1.008497002000004095e+01 -1.399569140285429336e+00
1.007438768000004181e+01 -1.399608741274168899e+00
1.006380534000004268e+01 -1.399648424017395865e+00
1.005322300000004354e+01 -1.399688196826950559e+00
1.004264066000004441e+01 -1.399728049263978091e+00
1.003205832000004527e+01 -1.399767990465524248e+00
1.002147598000004614e+01 -1.399808016386199228e+00
1.001089364000004700e+01 -1.399848126220446076e+00
1.000031130000004786e+01 -1.399888324033724762e+00
9.989728960000048730e+00 -1.399928606304589929e+00
9.979146620000049595e+00 -1.399968977117111546e+00
9.968564280000050459e+00 -1.400009432145210786e+00
9.957981940000051324e+00 -1.400049977878000673e+00
9.947399600000052189e+00 -1.400090607586193192e+00
9.936817260000053054e+00 -1.400131328570350719e+00
9.926234920000053918e+00 -1.400172136814163526e+00
9.915652580000054783e+00 -1.400213031467675728e+00
9.905070240000055648e+00 -1.400254016681435676e+00
9.894487900000056513e+00 -1.400295088870527449e+00
9.883905560000057378e+00 -1.400336252204797960e+00
9.873323220000058242e+00 -1.400377505041482618e+00
9.862740880000059107e+00 -1.400418845714958005e+00
9.852158540000059972e+00 -1.400460275691789436e+00
9.841576200000060837e+00 -1.400501799555724070e+00
9.830993860000061701e+00 -1.400543413320793018e+00
9.820411520000062566e+00 -1.400585116091429994e+00
9.809829180000063431e+00 -1.400626912105999544e+00
9.799246840000064296e+00 -1.400668797714607283e+00
9.788664500000065161e+00 -1.400710774430136363e+00
9.778082160000066025e+00 -1.400752848819319052e+00
9.767499820000066890e+00 -1.400795010953375996e+00
9.756917480000067755e+00 -1.400837267868494163e+00
9.746335140000068620e+00 -1.400879615877898887e+00
9.735752800000069485e+00 -1.400922059290207633e+00
9.725170460000070349e+00 -1.400964593662687552e+00
9.714588120000071214e+00 -1.401007225562672875e+00
9.704005780000072079e+00 -1.401049949035205522e+00
9.693423440000072944e+00 -1.401092771171963847e+00
9.682841100000073808e+00 -1.401135686286496096e+00
9.672258760000074673e+00 -1.401178694654924506e+00
9.661676420000075538e+00 -1.401221800657961314e+00
9.651094080000076403e+00 -1.401265000541116690e+00
9.640511740000077268e+00 -1.401308298706041233e+00
9.629929400000078132e+00 -1.401351690662301364e+00
9.619347060000078997e+00 -1.401395183009964018e+00
9.608764720000079862e+00 -1.401438769062717249e+00
9.598182380000080727e+00 -1.401482456164325541e+00
9.587600040000081592e+00 -1.401526240411512081e+00
9.577017700000082456e+00 -1.401570120787073659e+00
9.566435360000083321e+00 -1.401614101767163945e+00
9.555853020000084186e+00 -1.401658179527714543e+00
9.545270680000085051e+00 -1.401702358566438544e+00
9.534688340000085915e+00 -1.401746634344195330e+00
9.524106000000086780e+00 -1.401791013494895433e+00
9.513523660000087645e+00 -1.401835489345823138e+00
9.502941320000088510e+00 -1.401880069254331618e+00
9.492358980000089375e+00 -1.401924749351729504e+00
9.481776640000090239e+00 -1.401969528571116008e+00
9.471194300000091104e+00 -1.402014411487258583e+00
9.460611960000091969e+00 -1.402059394204680398e+00
9.450029620000092834e+00 -1.402104481320483931e+00
9.439447280000093699e+00 -1.402149668245441072e+00
9.428864940000094563e+00 -1.402194961648785210e+00
9.418282600000095428e+00 -1.402240354872030137e+00
9.407700260000096293e+00 -1.402285855286821814e+00
9.397117920000097158e+00 -1.402331459060461194e+00
9.386535580000098022e+00 -1.402377165075068710e+00
9.375953240000098887e+00 -1.402422978007402898e+00
9.365370900000099752e+00 -1.402468893888634272e+00
9.354788560000100617e+00 -1.402514917418669294e+00
9.344206220000101482e+00 -1.402561048947887024e+00
9.333623880000102346e+00 -1.402607282361909125e+00
9.323041540000103211e+00 -1.402653621689952113e+00
9.312459200000104076e+00 -1.402700071475450061e+00
9.301876860000104941e+00 -1.402746627923025624e+00
9.291294520000105805e+00 -1.402793289862562132e+00
9.280712180000106670e+00 -1.402840062076347927e+00
9.270129840000107535e+00 -1.402886940520245762e+00
9.259547500000108400e+00 -1.402933927136782000e+00
9.248965160000109265e+00 -1.402981028690086118e+00
9.238382820000110129e+00 -1.403028234734399859e+00
9.227800480000110994e+00 -1.403075552978947371e+00
9.217218140000111859e+00 -1.403122979336755005e+00
9.206635800000112724e+00 -1.403170518674758505e+00
9.196053460000113589e+00 -1.403218166269982747e+00
9.185471120000114453e+00 -1.403265928888328240e+00
9.174888780000115318e+00 -1.403313800533871891e+00
9.164306440000116183e+00 -1.403361786750695561e+00
9.153724100000117048e+00 -1.403409885672397994e+00
9.143141760000117912e+00 -1.403458095422328133e+00
9.132559420000118777e+00 -1.403506420954351741e+00
9.121977080000119642e+00 -1.403554858102949776e+00
9.111394740000120507e+00 -1.403603411847233362e+00
9.100812400000121372e+00 -1.403652077409520027e+00
9.090230060000122236e+00 -1.403700861596419047e+00
9.079647720000123101e+00 -1.403749757806461274e+00
9.069065380000123966e+00 -1.403798773468767580e+00
9.058483040000124831e+00 -1.403847904890627607e+00
9.047900700000125696e+00 -1.403897150762248192e+00
9.037318360000126560e+00 -1.403946516152768886e+00
9.026736020000127425e+00 -1.403995996815974978e+00
9.016153680000128290e+00 -1.404045597847185745e+00
9.005571340000129155e+00 -1.404095314412580731e+00
8.994989000000130019e+00 -1.404145155681434831e+00
8.984406660000130884e+00 -1.404195110435273897e+00
8.973824320000131749e+00 -1.404245188436180625e+00
8.963241980000132614e+00 -1.404295386034650761e+00
8.952659640000133479e+00 -1.404345701863707330e+00
8.942077300000134343e+00 -1.404396141112037366e+00
8.931494960000135208e+00 -1.404446699450300873e+00
8.920912620000136073e+00 -1.404497382094298974e+00
8.910330280000136938e+00 -1.404548184152719870e+00
8.899747940000137802e+00 -1.404599112518575499e+00
8.889165600000138667e+00 -1.404650160627562983e+00
8.878583260000139532e+00 -1.404701335946263896e+00
8.868000920000140397e+00 -1.404752634870095607e+00
8.857418580000141262e+00 -1.404804055973554178e+00
8.846836240000142126e+00 -1.404855604569018368e+00
8.836253900000142991e+00 -1.404907276241971648e+00
8.825671560000143856e+00 -1.404959076332972012e+00
8.815089220000144721e+00 -1.405011002872023518e+00
8.804506880000145586e+00 -1.405063053857238176e+00
8.793924540000146450e+00 -1.405115231685408084e+00
8.783342200000147315e+00 -1.405167540863076381e+00
8.772759860000148180e+00 -1.405219977832592448e+00
8.762177520000149045e+00 -1.405272541108333106e+00
8.751595180000149909e+00 -1.405325236131107713e+00
8.741012840000150774e+00 -1.405378058398702557e+00
8.730430500000151639e+00 -1.405431013381068794e+00
8.719848160000152504e+00 -1.405484099075187787e+00
8.709265820000153369e+00 -1.405537313444922942e+00
8.698683480000154233e+00 -1.405590662008123104e+00
8.688101140000155098e+00 -1.405644140212776172e+00
8.677518800000155963e+00 -1.405697753602821010e+00
8.666936460000156828e+00 -1.405751497133285177e+00
8.656354120000157693e+00 -1.405805377818673652e+00
8.645771780000158557e+00 -1.405859389626113787e+00
8.635189440000159422e+00 -1.405913541164891090e+00
8.624607100000160287e+00 -1.405967825351078559e+00
8.614024760000161152e+00 -1.406022242639806130e+00
8.603442420000162016e+00 -1.406076798681266560e+00
8.592860080000162881e+00 -1.406131488831873888e+00
8.582277740000163746e+00 -1.406186318772731925e+00
8.571695400000164611e+00 -1.406241283395879726e+00
8.561113060000165476e+00 -1.406296389767234034e+00
8.550530720000166340e+00 -1.406351631399590074e+00
8.539948380000167205e+00 -1.406407015837070507e+00
8.529366040000168070e+00 -1.406462539651652577e+00
8.518783700000168935e+00 -1.406518201196913065e+00
8.508201360000169799e+00 -1.406574006264288634e+00
8.497619020000170664e+00 -1.406629950115940719e+00
8.487036680000171529e+00 -1.406686038575384545e+00
8.476454340000172394e+00 -1.406742266470110359e+00
8.465872000000173259e+00 -1.406798640919708854e+00
8.455289660000174123e+00 -1.406855155461619322e+00
8.444707320000174988e+00 -1.406911817664676212e+00
8.434124980000175853e+00 -1.406968624155679137e+00
8.423542640000176718e+00 -1.407025573222460135e+00
8.412960300000177583e+00 -1.407082670803040614e+00
8.402377960000178447e+00 -1.407139912062761233e+00
8.391795620000179312e+00 -1.407197302973001385e+00
8.381213280000180177e+00 -1.407254838295136867e+00
8.370630940000181042e+00 -1.407312525204795994e+00
8.360048600000181906e+00 -1.407370357265504079e+00
8.349466260000182771e+00 -1.407428342072367666e+00
8.338883920000183636e+00 -1.407486476309531831e+00
8.328301580000184501e+00 -1.407544758197257773e+00
8.317719240000185366e+00 -1.407603193826097332e+00
8.307136900000186230e+00 -1.407661778261626750e+00
8.296554560000187095e+00 -1.407720520813654730e+00
8.285972220000187960e+00 -1.407779415886476926e+00
8.275389880000188825e+00 -1.407838458776320856e+00
8.264807540000189690e+00 -1.407897655645254931e+00
8.254225200000190554e+00 -1.407957006435102132e+00
8.243642860000191419e+00 -1.408016519148328261e+00
8.233060520000192284e+00 -1.408076168027918573e+00
8.222478180000193149e+00 -1.408135994280404812e+00
8.211895840000194013e+00 -1.408195965862064414e+00
8.201313500000194878e+00 -1.408256102117990904e+00
8.190731160000195743e+00 -1.408316373848886194e+00
8.180148820000196608e+00 -1.408376851857918499e+00
8.169566480000197473e+00 -1.408437446876967369e+00
8.158984140000198337e+00 -1.408498205982593232e+00
8.148401800000199202e+00 -1.408559164775799344e+00
8.137819460000200067e+00 -1.408620239127682083e+00
8.127237120000200932e+00 -1.408020683729288125e+00
8.116654780000201796e+00 -1.408742915873537171e+00
8.106072440000202661e+00 -1.408139955788417330e+00
8.095490100000203526e+00 -1.408866252836197264e+00
8.084907760000204391e+00 -1.408928174679120904e+00
8.074325420000205256e+00 -1.408990198233310398e+00
8.063743080000206120e+00 -1.409052489222444526e+00
8.053160740000206985e+00 -1.409114902934333502e+00
8.042578400000207850e+00 -1.409177481806421328e+00
8.031996060000208715e+00 -1.409240223282770321e+00
8.021413720000209580e+00 -1.409303095548362084e+00
8.010831380000210444e+00 -1.408684521326252437e+00
8.000249040000211309e+00 -1.408745828453522364e+00
7.989666700000212174e+00 -1.408807295078673638e+00
7.979084360000213039e+00 -1.408868927656709236e+00
7.968502020000213903e+00 -1.408930721013038401e+00
7.957919680000214768e+00 -1.408992681640226508e+00
7.947337340000215633e+00 -1.409054808671436287e+00
7.936755000000216498e+00 -1.409117095642181905e+00
7.926172660000217363e+00 -1.409179546206741795e+00
7.915590320000218227e+00 nan
7.905007980000219092e+00 -1.409304970186244121e+00
7.894425640000219957e+00 -1.409367927867253956e+00
7.883843300000220822e+00 -1.409431057544661803e+00
7.873260960000221687e+00 -1.409494353933799182e+00
7.862678620000222551e+00 -1.409557823701614199e+00
7.852096280000223416e+00 -1.410333256877180030e+00
7.841513940000224281e+00 -1.410399132484607021e+00
7.830931600000225146e+00 -1.410465193127472094e+00
7.820349260000226010e+00 -1.410531453166274263e+00
7.809766920000226875e+00 -1.410597822884611885e+00
7.799184580000227740e+00 -1.409942250224676563e+00
7.788602240000228605e+00 -1.410006932211159913e+00
7.778019900000229470e+00 -1.410071787138526211e+00
7.767437560000230334e+00 -1.410136821853698708e+00
7.756855220000231199e+00 -1.410202034019678585e+00
7.746272880000232064e+00 -1.410267421272064947e+00
7.735690540000232929e+00 -1.411068113385444800e+00
7.725108200000233794e+00 -1.411136064701805859e+00
7.714525860000234658e+00 -1.411204096489928839e+00
7.703943520000235523e+00 -1.410530772836381175e+00
7.693361180000236388e+00 -1.410597065099203018e+00
7.682778840000237253e+00 -1.410663536843800525e+00
7.672196500000238117e+00 -1.411478542259676283e+00
7.661614160000238982e+00 -1.411547653864840379e+00
7.651031820000239847e+00 -1.411616780281793826e+00
7.640449480000240712e+00 -1.410931274633247856e+00
7.629867140000241577e+00 -1.410998670870317495e+00
7.619284800000242441e+00 -1.411066257511633282e+00
7.608702460000243306e+00 -1.411134033348723005e+00
7.598120120000244171e+00 -1.411201992381460935e+00
7.587537780000245036e+00 -1.411270142166569874e+00
7.576955440000245900e+00 -1.411338488724646956e+00
7.566373100000246765e+00 -1.411407023283405060e+00
7.555790760000247630e+00 -1.411475746567713463e+00
7.545208420000248495e+00 -1.412320372627890119e+00
7.534626080000249360e+00 -1.411613775516864955e+00
7.524043740000250224e+00 -1.411683082832904335e+00
7.513461400000251089e+00 -1.412535448768909241e+00
7.502879060000251954e+00 -1.412607471208781718e+00
7.492296720000252819e+00 -1.411892166191401676e+00
7.481714380000253684e+00 -1.411962266097168683e+00
7.471132040000254548e+00 -1.412032557878520000e+00
7.460549700000255413e+00 -1.412103045732340689e+00
7.449967360000256278e+00 -1.412173737180062894e+00
7.439385020000257143e+00 -1.412244626396834013e+00
7.428802680000258007e+00 -1.412315720923746465e+00
7.418220340000258872e+00 nan
7.407638000000259737e+00 -1.413266394629741907e+00
7.397055660000260602e+00 -1.413340671653297020e+00
7.386473320000261467e+00 -1.413415070271630825e+00
7.375890980000262331e+00 -1.413489797916085200e+00
7.365308640000263196e+00 -1.413564298640672456e+00
7.354726300000264061e+00 -1.413638844057534705e+00
7.344143960000264926e+00 -1.413714244343641901e+00
7.333561620000265791e+00 -1.413789648342848704e+00
7.322979280000266655e+00 -1.413865505798443722e+00
7.312396940000267520e+00 -1.413111324687454262e+00
7.301814600000268385e+00 -1.413184901731662668e+00
7.291232260000269250e+00 -1.413258708953292864e+00
7.280649920000270114e+00 -1.413332724139295227e+00
7.270067580000270979e+00 -1.413406951309287951e+00
7.259485240000271844e+00 -1.413481398424997204e+00
7.248902900000272709e+00 -1.413556059353679117e+00
7.238320560000273574e+00 -1.413630942126134826e+00
7.227738220000274438e+00 -1.413706047676942079e+00
7.217155880000275303e+00 -1.413781366420525876e+00
7.206573540000276168e+00 -1.413856899852305116e+00
7.195991200000277033e+00 -1.413932672010518310e+00
7.185408860000277897e+00 -1.414008660872068779e+00
7.174826520000278762e+00 -1.414084870287436679e+00
7.164244180000279627e+00 -1.414161308498433689e+00
7.153661840000280492e+00 -1.414237969136708850e+00
7.143079500000281357e+00 -1.414314850535673296e+00
7.132497160000282221e+00 -1.414391980227754253e+00
7.121914820000283086e+00 -1.414469325446421344e+00
7.111332480000283951e+00 -1.414546904395246774e+00
7.100750140000284816e+00 -1.414624711034657700e+00
7.090167800000285681e+00 -1.414702753551421610e+00
7.079585460000286545e+00 -1.414781030245757965e+00
7.069003120000287410e+00 -1.414859535861588524e+00
7.058420780000288275e+00 -1.414938277638608133e+00
7.047838440000289140e+00 -1.415017259696565111e+00
7.037256100000290004e+00 -1.415096479298383336e+00
7.026673760000290869e+00 -1.415175933753664905e+00
7.016091420000291734e+00 -1.415255631655262913e+00
7.005509080000292599e+00 -1.415335566555463886e+00
6.994926740000293464e+00 -1.415415747101815835e+00
6.984344400000294328e+00 -1.416415968185225305e+00
6.973762060000295193e+00 -1.416499745966992574e+00
6.963179720000296058e+00 -1.416583783227290949e+00
6.952597380000296923e+00 -1.416668099974383477e+00
6.942015040000297788e+00 -1.416750828759285596e+00
6.931432700000298652e+00 -1.416835597149028070e+00
6.920850360000299517e+00 -1.416917997403462692e+00
6.910268020000300382e+00 -1.417003199197019780e+00
6.899685680000301247e+00 -1.416148424377547288e+00
6.889103340000302111e+00 -1.417174408047128242e+00
6.878521000000302976e+00 -1.417260409284160305e+00
6.867938660000303841e+00 -1.417349840897480284e+00
6.857356320000304706e+00 -1.417433217550098989e+00
6.846773980000305571e+00 -1.417520028911031238e+00
6.836191640000306435e+00 -1.417607107863964266e+00
6.825609300000307300e+00 -1.416732424651451439e+00
6.815026960000308165e+00 -1.417782089719016092e+00
6.804444620000309030e+00 -1.417869995028241625e+00
6.793862280000309894e+00 -1.417958178776289380e+00
6.783279940000310759e+00 -1.418046632126971351e+00
6.772697600000311624e+00 -1.418139756480066627e+00
6.762115260000312489e+00 -1.418228942308005225e+00
6.751532920000313354e+00 -1.418318408811671372e+00
6.740950580000314218e+00 -1.418408159401177482e+00
6.730368240000315083e+00 -1.418498203953311831e+00
6.719785900000315948e+00 -1.418583275586140058e+00
6.709203560000316813e+00 -1.418673712901107331e+00
6.698621220000317678e+00 -1.418764437692160429e+00
6.688038880000318542e+00 -1.418865805380815859e+00
6.677456540000319407e+00 -1.418951405403569010e+00
6.666874200000320272e+00 -1.419043178275651407e+00
6.656291860000321137e+00 -1.419135243401951962e+00
6.645709520000322001e+00 -1.419227604069401183e+00
6.635127180000322866e+00 -1.419321863198033995e+00
6.624544840000323731e+00 -1.419414880440305060e+00
6.613962500000324596e+00 -1.419508197391150084e+00
6.603380160000325461e+00 -1.419601845597975309e+00
6.592797820000326325e+00 -1.419695785285621570e+00
6.582215480000327190e+00 -1.419790039943256366e+00
6.571633140000328055e+00 -1.419891304166402080e+00
6.561050800000328920e+00 -1.419986427720271838e+00
6.550468460000329785e+00 -1.420072614825319102e+00
6.539886120000330649e+00 -1.420177643065932971e+00
6.529303780000331514e+00 -1.420273738565904331e+00
6.518721440000332379e+00 -1.420370172374055828e+00
6.508139100000333244e+00 -1.420466932897838763e+00
6.497556760000334108e+00 -1.420564021992051673e+00
6.486974420000334973e+00 -1.420661450781529833e+00
6.476392080000335838e+00 -1.420759212046769804e+00
6.465809740000336703e+00 -1.420845113520361025e+00
6.455227400000337568e+00 -1.420943137994637340e+00
6.444645060000338432e+00 -1.421041481826969211e+00
6.434062720000339297e+00 -1.421140153046994703e+00
6.423480380000340162e+00 -1.421239173773185316e+00
6.412898040000341027e+00 -1.421338522606686139e+00
6.402315700000341891e+00 -1.421426478490875889e+00
6.391733360000342756e+00 -1.421553708930597404e+00
6.381151020000343621e+00 -1.421654597066839498e+00
6.370568680000344486e+00 -1.421755848141234013e+00
6.359986340000345351e+00 -1.421857461248715371e+00
6.349404000000346215e+00 -1.421959429068069269e+00
6.338821660000347080e+00 -1.422061758352441752e+00
6.328239320000347945e+00 -1.422164469921872509e+00
6.317656980000348810e+00 -1.422267546054304832e+00
6.307074640000349675e+00 -1.422370989334078795e+00
6.296492300000350539e+00 -1.422474811916855097e+00
6.285909960000351404e+00 -1.422579006422462822e+00
6.275327620000352269e+00 -1.422683585132928252e+00
6.264745280000353134e+00 -1.422788547162507244e+00
6.254162940000353998e+00 -1.422893885505750466e+00
6.243580600000354863e+00 -1.422999607177015902e+00
6.232998260000355728e+00 -1.423105733263096973e+00
6.222415920000356593e+00 -1.423212246372727918e+00
6.211833580000357458e+00 -1.423319149123484673e+00
6.201251240000358322e+00 -1.423426454266794483e+00
6.190668900000359187e+00 -1.423534154372442906e+00
6.180086560000360052e+00 -1.423642262331985542e+00
6.169504220000360917e+00 -1.423750780940758354e+00
6.158921880000361782e+00 -1.423859697733668384e+00
6.148339540000362646e+00 -1.423969020785821993e+00
6.137757200000363511e+00 -1.424078772937554138e+00
6.127174860000364376e+00 -1.424188937160537849e+00
6.116592520000365241e+00 -1.424299516142413902e+00
6.106010180000366105e+00 -1.424410523296302911e+00
6.095427840000366970e+00 -1.424521951168511658e+00
6.084845500000367835e+00 -1.424633813328145315e+00
6.074263160000368700e+00 -1.424746107678489082e+00
6.063680820000369565e+00 -1.424858832013813137e+00
6.053098480000370429e+00 -1.424972000170229736e+00
6.042516140000371294e+00 -1.425085604694580788e+00
6.031933800000372159e+00 -1.425199659565670851e+00
6.021351460000373024e+00 -1.425314165067912642e+00
6.010769120000373889e+00 -1.425429113316080132e+00
6.000186780000374753e+00 -1.425544517952247681e+00
5.989604440000375618e+00 -1.425660386597827456e+00
5.979022100000376483e+00 -1.425776717290667683e+00
5.968439760000377348e+00 -1.425893508110616326e+00
5.957857420000378212e+00 -1.426010773656383623e+00
5.947275080000379077e+00 -1.426128506505056182e+00
5.936692740000379942e+00 -1.426246721440924237e+00
5.926110400000380807e+00 -1.426365417963787241e+00
5.915528060000381672e+00 -1.426484590492911986e+00
5.904945720000382536e+00 -1.426604247460357300e+00
5.894363380000383401e+00 -1.426724411408083482e+00
5.883781040000384266e+00 -1.426845066440529441e+00
5.873198700000385131e+00 -1.426966215640045998e+00
5.862616360000385995e+00 -1.427087874486572483e+00
5.852034020000386860e+00 -1.427210035630426699e+00
5.841451680000387725e+00 -1.427332714760143118e+00
5.830869340000388590e+00 -1.427455911949742084e+00
5.820287000000389455e+00 -1.427579621295088419e+00
5.809704660000390319e+00 -1.427703858274922410e+00
5.799122320000391184e+00 -1.427828634278974995e+00
5.788539980000392049e+00 -1.427953939740765676e+00
5.777957640000392914e+00 -1.428079778002714129e+00
5.767375300000393779e+00 -1.428206165536846539e+00
5.756792960000394643e+00 -1.428333095118051732e+00
5.746210620000395508e+00 -1.428460583453456501e+00
5.735628280000396373e+00 -1.428588630568422557e+00
5.725045940000397238e+00 -1.428717232007012061e+00
5.714463600000398102e+00 -1.428846397454480721e+00
5.703881260000398967e+00 -1.428976150735841610e+00
5.693298920000399832e+00 -1.429106477141878440e+00
5.682716580000400697e+00 -1.429237380350812714e+00
5.672134240000401562e+00 -1.429368876006036126e+00
5.661551900000402426e+00 -1.429500960844692470e+00
5.650969560000403291e+00 -1.429633670269881751e+00
5.640387220000404156e+00 -1.429766966050011190e+00
5.629804880000405021e+00 -1.429900865734949456e+00
5.619222540000405886e+00 -1.430035376803483915e+00
5.608640200000406750e+00 -1.430170524892324657e+00
5.598057860000407615e+00 -1.430306296024794976e+00
5.587475520000408480e+00 -1.430442694303456497e+00
5.576893180000409345e+00 -1.430579738591893690e+00
5.566310840000410209e+00 -1.430717422108861658e+00
5.555728500000411074e+00 -1.430855771479800698e+00
5.545146160000411939e+00 -1.430994764284967857e+00
5.534563820000412804e+00 -1.431134422682898366e+00
5.523981480000413669e+00 -1.431274758907257860e+00
5.513399140000414533e+00 -1.431415766354479757e+00
5.502816800000415398e+00 -1.431557464988132411e+00
5.492234460000416263e+00 -1.431699855992644599e+00
5.481652120000417128e+00 -1.431842936897766316e+00
5.471069780000417992e+00 -1.431986724034569169e+00
5.460487440000418857e+00 -1.432131237278105207e+00
5.449905100000419722e+00 -1.432276463590079985e+00
5.439322760000420587e+00 -1.432422410308273220e+00
5.428740420000421452e+00 -1.432569098618413639e+00
5.418158080000422316e+00 -1.432716522307569740e+00
5.407575740000423181e+00 -1.432864702929129930e+00
5.396993400000424046e+00 -1.433013642311838476e+00
5.386411060000424911e+00 -1.433163338987751612e+00
5.375828720000425776e+00 -1.433313806103878374e+00
5.365246380000426640e+00 -1.433465071020966430e+00
5.354664040000427505e+00 -1.433617122187993864e+00
5.344081700000428370e+00 -1.433769965278681502e+00
5.333499360000429235e+00 -1.433923623237174150e+00
5.322917020000430099e+00 -1.434078090344560907e+00
5.312334680000430964e+00 -1.434233389963553540e+00
5.301752340000431829e+00 -1.434389524698772123e+00
5.291170000000432694e+00 -1.434546494247215920e+00
5.280587660000433559e+00 -1.434704313105882312e+00
5.270005320000434423e+00 -1.434863010011846463e+00
5.259422980000435288e+00 -1.435022574646034554e+00
5.248840640000436153e+00 -1.435183013530940466e+00
5.238258300000437018e+00 -1.435344351614254332e+00
5.227675960000437883e+00 -1.435506583789680768e+00
5.217093620000438747e+00 -1.435669735481983622e+00
5.206511280000439612e+00 -1.435833810221028184e+00
5.195928940000440477e+00 -1.435998809059465531e+00
5.185346600000441342e+00 -1.436164748052488394e+00
5.174764260000442206e+00 -1.436331657524423600e+00
5.164181920000443071e+00 -1.436499528589284536e+00
5.153599580000443936e+00 -1.436668368778253546e+00
5.143017240000444801e+00 -1.436838205324051154e+00
5.132434900000445666e+00 -1.437009033868488883e+00
5.121852560000446530e+00 -1.437180882188547670e+00
5.111270220000447395e+00 -1.437353762595152240e+00
5.100687880000448260e+00 -1.437527662810812901e+00
5.090105540000449125e+00 -1.437702607492110873e+00
5.079523200000449989e+00 -1.437878629204634606e+00
5.068940860000450854e+00 -1.438055720730294196e+00
5.058358520000451719e+00 -1.438233890789509584e+00
5.047776180000452584e+00 -1.438413169222620969e+00
5.037193840000453449e+00 -1.438593552574002787e+00
5.026611500000454313e+00 -1.438775080151627694e+00
5.016029160000455178e+00 -1.438957731062195267e+00
5.005446820000456043e+00 -1.439141537108284297e+00
4.994864480000456908e+00 -1.439326521020693361e+00
4.984282140000457773e+00 -1.439512679918914406e+00
4.973699800000458637e+00 -1.439700045917441829e+00
4.963117460000459502e+00 -1.439888625732069549e+00
4.952535120000460367e+00 -1.440078424979640115e+00
4.941952780000461232e+00 -1.440269468481608417e+00
4.931370440000462096e+00 -1.440461780850815776e+00
4.920788100000462961e+00 -1.440655368947520998e+00
4.910205760000463826e+00 -1.440850240113072722e+00
4.899623420000464691e+00 -1.441046428997493134e+00
4.889041080000465556e+00 -1.441243933902500940e+00
4.878458740000466420e+00 -1.441442790241328931e+00
4.867876400000467285e+00 -1.441643006360388446e+00
4.857294060000468150e+00 -1.441844590201445397e+00
4.846711720000469015e+00 -1.442047565484209093e+00
4.836129380000469880e+00 -1.442251970327596222e+00
4.825547040000470744e+00 -1.442457803119692628e+00
4.814964700000471609e+00 -1.442665076600571528e+00
4.804382360000472474e+00 -1.442873829076866343e+00
4.793800020000473339e+00 -1.443084060240315436e+00
4.783217680000474203e+00 -1.443295809268817509e+00
4.772635340000475068e+00 -1.443509086392110508e+00
4.762053000000475933e+00 -1.443723912343210403e+00
4.751470660000476798e+00 -1.443940293628610094e+00
4.740888320000477663e+00 -1.444158281324942728e+00
4.730305980000478527e+00 -1.444377876665792426e+00
4.719723640000479392e+00 -1.444599094414751539e+00
4.709141300000480257e+00 -1.444821977048404760e+00
4.698558960000481122e+00 -1.445046525877796251e+00
4.687976620000481986e+00 -1.445272784371997687e+00
4.677394280000482851e+00 -1.445500764922727610e+00
4.666811940000483716e+00 -1.445730481300766979e+00
4.656229600000484581e+00 -1.445961963409480688e+00
4.645647260000485446e+00 -1.446195255642530819e+00
4.635064920000486310e+00 -1.446430362456141427e+00
4.624482580000487175e+00 -1.446667301065192257e+00
4.613900240000488040e+00 -1.446906118628920712e+00
4.603317900000488905e+00 -1.447146818327384565e+00
4.592735560000489770e+00 -1.447389448514229571e+00
4.582153220000490634e+00 -1.447634024855635637e+00
4.571570880000491499e+00 -1.447880562307316543e+00
4.560988540000492364e+00 -1.448129096922822878e+00
4.550406200000493229e+00 -1.448379676054642129e+00
4.539823860000494093e+00 -1.448632308032515636e+00
4.529241520000494958e+00 -1.448887012562039223e+00
4.518659180000495823e+00 -1.449143842263265869e+00
4.508076840000496688e+00 -1.449402802452665284e+00
4.497494500000497553e+00 -1.449663958203370573e+00
4.486912160000498417e+00 -1.449927294822272561e+00
4.476329820000499282e+00 -1.450192863832993728e+00
4.465747480000500147e+00 -1.450460710279762422e+00
4.455165140000501012e+00 -1.450730840785962039e+00
4.444582800000501877e+00 -1.451003312646706345e+00
4.434000460000502741e+00 -1.451278146974962269e+00
4.423418120000503606e+00 -1.451555362557972462e+00
4.412835780000504471e+00 -1.451835007072780792e+00
4.402253440000505336e+00 -1.452117140997045031e+00
4.391671100000506200e+00 -1.452401759277651028e+00
4.381088760000507065e+00 -1.452688897530523215e+00
4.370506420000507930e+00 -1.452978618219831208e+00
4.359924080000508795e+00 -1.453270930539533490e+00
4.349341740000509660e+00 -1.453565898501196552e+00
4.338759400000510524e+00 -1.453863546709536880e+00
4.328177060000511389e+00 -1.454163898537308208e+00
4.317594720000512254e+00 -1.454467003174101603e+00
4.307012380000513119e+00 -1.454772924657114386e+00
4.296430040000513984e+00 -1.455081677732924739e+00
4.285847700000514848e+00 -1.455393292338398759e+00
4.275265360000515713e+00 -1.455707838297690682e+00
4.264683020000516578e+00 -1.456025327646700340e+00
4.254100680000517443e+00 -1.456345831945738301e+00
4.243518340000518307e+00 -1.456669379644760731e+00
4.232936000000519172e+00 -1.456995999314533607e+00
4.222353660000520037e+00 -1.457325746033240277e+00
4.211771320000520902e+00 -1.457658689803155605e+00
4.201188980000521767e+00 -1.457994850799253284e+00
4.190606640000522631e+00 -1.458334262960684802e+00
4.180024300000523496e+00 -1.458677004343892802e+00
4.169441960000524361e+00 -1.459023090065885375e+00
4.158859620000525226e+00 -1.459372600115298013e+00
4.148277280000526090e+00 -1.459725567109235067e+00
4.137694940000526955e+00 -1.460082025451137744e+00
4.127112600000527820e+00 -1.460442036666623977e+00
4.116530260000528685e+00 -1.460805677267206892e+00
4.105947920000529550e+00 -1.461172973494297533e+00
4.095365580000530414e+00 -1.461543963579269301e+00
4.084783240000531279e+00 -1.461918734708442580e+00
4.074200900000532144e+00 -1.462297305253535740e+00
4.063618560000533009e+00 -1.462679764531294779e+00
4.053036220000533874e+00 -1.463066169113538262e+00
4.042453880000534738e+00 -1.463456528566083659e+00
4.031871540000535603e+00 -1.463850916496621135e+00
4.021289200000536468e+00 -1.464249423160645991e+00
4.010706860000537333e+00 -1.464652081488983848e+00
4.000124520000538197e+00 -1.465058934208480768e+00
3.989542180000539062e+00 -1.465470078535276111e+00
3.978959840000539927e+00 -1.465885536167285341e+00
3.968377500000540792e+00 -1.466305424523706824e+00
3.957795160000541657e+00 -1.466729733596391361e+00
3.947212820000542521e+00 -1.467158558856835215e+00
3.936630480000543386e+00 -1.467591986162462891e+00
3.926048140000544251e+00 -1.468030042001691182e+00
3.915465800000545116e+00 -1.468472826311147950e+00
3.904883460000545981e+00 -1.468920385915183369e+00
3.894301120000546845e+00 -1.469372772851519127e+00
3.883718780000547710e+00 -1.469830068065664630e+00
3.873136440000548575e+00 -1.470292364100296068e+00
3.862554100000549440e+00 -1.470759707960728857e+00
3.851971760000550304e+00 -1.471232148490267289e+00
3.841389420000551169e+00 -1.471709800108273791e+00
3.830807080000552034e+00 -1.472192689367251894e+00
3.820224740000552899e+00 -1.472680933254148394e+00
3.809642400000553764e+00 -1.473174580287119229e+00
3.799060060000554628e+00 -1.473673690195657526e+00
3.788477720000555493e+00 -1.474178359515682990e+00
3.777895380000556358e+00 -1.474688664594377085e+00
3.767313040000557223e+00 -1.475204684062271232e+00
3.756730700000558087e+00 -1.475726462923448112e+00
3.746148360000558952e+00 -1.476254127449958542e+00
3.735566020000559817e+00 -1.476787706681802925e+00
3.724983680000560682e+00 -1.477327329553378865e+00
3.714401340000561547e+00 -1.477873040044503039e+00
3.703819000000562411e+00 -1.478424956837322002e+00
3.693236660000563276e+00 -1.478983098326093870e+00
3.682654320000564141e+00 -1.479547608760944932e+00
3.672071980000565006e+00 -1.480118548122843825e+00
3.661489640000565871e+00 -1.480695973599233328e+00
3.650907300000566735e+00 -1.481280023620004549e+00
3.640324960000567600e+00 -1.481870728745794397e+00
3.629742620000568465e+00 -1.482468230086050331e+00
3.619160280000569330e+00 -1.483072574526454801e+00
3.608577940000570194e+00 -1.483683862452921831e+00
3.597995600000571059e+00 -1.484302179054461046e+00
3.587413260000571924e+00 -1.484927624371454868e+00
3.576830920000572789e+00 -1.485560291144588430e+00
3.566248580000573654e+00 -1.486200230251496723e+00
3.555666240000574518e+00 -1.486847592191306910e+00
3.545083900000575383e+00 -1.487502407557755646e+00
3.534501560000576248e+00 -1.488164829447018223e+00
3.523919220000577113e+00 -1.488834921833142921e+00
3.513336880000577978e+00 -1.489512745034143881e+00
3.502754540000578842e+00 -1.490198436992594244e+00
3.492172200000579707e+00 -1.490892087359537488e+00
3.481589860000580572e+00 -1.491593795715526305e+00
3.471007520000581437e+00 -1.492303613148689756e+00
3.460425180000582301e+00 -1.493021701642979648e+00
3.449842840000583166e+00 -1.493748089720114081e+00
3.439260500000584031e+00 -1.494482957039094284e+00
3.428678160000584896e+00 -1.495226322770627725e+00
3.418095820000585761e+00 -1.495978293532218117e+00
3.407513480000586625e+00 -1.496739022937453978e+00
3.396931140000587490e+00 -1.497508537199202960e+00
3.386348800000588355e+00 -1.498287006437332369e+00
3.375766460000589220e+00 -1.499074475202107903e+00
3.365184120000590084e+00 -1.499871063397481441e+00
3.354601780000590949e+00 -1.500676847091337862e+00
3.344019440000591814e+00 -1.501492022322254982e+00
3.333437100000592679e+00 -1.502316573672989541e+00
3.322854760000593544e+00 -1.503150600594098441e+00
3.312272420000594408e+00 -1.503994280393178729e+00
3.301690080000595273e+00 -1.504847632589977557e+00
3.291107740000596138e+00 -1.505710836297604160e+00
3.280525400000597003e+00 -1.506583930803897076e+00
3.269943060000597868e+00 -1.507467038260421610e+00
3.259360720000598732e+00 -1.508360251668412921e+00
3.248778380000599597e+00 -1.509263678176373080e+00
3.238196040000600462e+00 -1.510177430056636627e+00
3.227613700000601327e+00 -1.511101544910780525e+00
3.217031360000602191e+00 -1.512036207352760453e+00
3.206449020000603056e+00 -1.512981426418247732e+00
3.195866680000603921e+00 -1.513937387992351002e+00
3.185284340000604786e+00 -1.514904122357697336e+00
3.174702000000605651e+00 -1.515881750026907504e+00
3.164119660000606515e+00 -1.516870364368428259e+00
3.153537320000607380e+00 -1.517870063259902036e+00
3.142954980000608245e+00 -1.518880962060249695e+00
3.132372640000609110e+00 -1.519903085427893874e+00
3.121790300000609975e+00 -1.520936622692607543e+00
3.111207960000610839e+00 -1.521981568140668095e+00
3.100625620000611704e+00 -1.523038111755069757e+00
3.090043280000612569e+00 -1.524106260652764000e+00
3.079460940000613434e+00 -1.525186162567562231e+00
3.068878600000614298e+00 -1.526277883195196416e+00
3.058296260000615163e+00 -1.527381489725894159e+00
3.047713920000616028e+00 -1.528497131895320216e+00
3.037131580000616893e+00 -1.529624798379551676e+00
3.026549240000617758e+00 -1.530764684477858406e+00
3.015966900000618622e+00 -1.531916765267116620e+00
3.005384560000619487e+00 -1.533081231938235423e+00
2.994802220000620352e+00 -1.534258168013096224e+00
2.984219880000621217e+00 -1.535447486798067862e+00
2.973637540000622081e+00 -1.536649416520538658e+00
2.963055200000622946e+00 -1.537863973236665460e+00
2.952472860000623811e+00 -1.539091295752793576e+00
2.941890520000624676e+00 -1.540331358200647927e+00
2.931308180000625541e+00 -1.541584352251907708e+00
2.920725840000626405e+00 -1.542850229452460420e+00
2.910143500000627270e+00 -1.544129160913489951e+00
2.899561160000628135e+00 -1.545421212285070345e+00
2.888978820000629000e+00 -1.546726330648079184e+00
2.878396480000629865e+00 -1.548044724101549585e+00
2.867814140000630729e+00 -1.549376329419730469e+00
2.857231800000631594e+00 -1.550721334187616263e+00
2.846649460000632459e+00 -1.552079692253104604e+00
2.836067120000633324e+00 -1.553451526302169539e+00
2.825484780000634188e+00 -1.554836825241550313e+00
2.814902440000635053e+00 -1.556235753892749374e+00
2.804320100000635918e+00 -1.557648296888171302e+00
2.793737760000636783e+00 -1.559074437591547735e+00
2.783155420000637648e+00 -1.560514359666895334e+00
2.772573080000638512e+00 -1.561967970696775954e+00
2.761990740000639377e+00 -1.563435453039747403e+00
2.751408400000640242e+00 -1.564916758568021260e+00
2.740826060000641107e+00 -1.566411921369568860e+00
2.730243720000641972e+00 -1.567921004473939117e+00
2.719661380000642836e+00 -1.569444071992295964e+00
2.709079040000643701e+00 -1.570981151255270714e+00
2.698496700000644566e+00 -1.572532177814306875e+00
2.687914360000645431e+00 -1.574097328734121781e+00
2.677332020000646295e+00 -1.575676479658228546e+00
2.666749680000647160e+00 -1.577269805997785435e+00
2.656167340000648025e+00 -1.578877229621464595e+00
2.645585000000648890e+00 -1.580498769433298145e+00
2.635002660000649755e+00 -1.582134541921846438e+00
2.624420320000650619e+00 -1.583784440347099531e+00
2.613837980000651484e+00 -1.585448550828494119e+00
2.603255640000652349e+00 -1.587126777430872160e+00
2.592673300000653214e+00 -1.588819288989471223e+00
2.582090960000654078e+00 -1.590525926822197622e+00
2.571508620000654943e+00 -1.592246857707897423e+00
2.560926280000655808e+00 -1.593981970711314089e+00
2.550343940000656673e+00 -1.595731268822268012e+00
2.539761600000657538e+00 -1.597494769451692997e+00
2.529179260000658402e+00 -1.599272489867294311e+00
2.518596920000659267e+00 -1.601064425426129034e+00
2.508014580000660132e+00 -1.602870445781654052e+00
2.497432240000660997e+00 -1.604690709265651272e+00
2.486849900000661862e+00 -1.606525019982554703e+00
2.476267560000662726e+00 -1.608373533495674579e+00
2.465685220000663591e+00 -1.610236137725948868e+00
2.455102880000664456e+00 -1.612112712154153860e+00
2.444520540000665321e+00 -1.614003389286150281e+00
2.433938200000666185e+00 -1.615908008138438712e+00
2.423355860000667050e+00 -1.617826658666123629e+00
2.412773520000667915e+00 -1.619759133520890959e+00
2.402191180000668780e+00 -1.621705576258152703e+00
2.391608840000669645e+00 -1.623665748982613399e+00
2.381026500000670509e+00 -1.625639812206524093e+00
2.370444160000671374e+00 -1.627627553334957122e+00
2.359861820000672239e+00 -1.629628877613617410e+00
2.349279480000673104e+00 -1.631643896787904335e+00
2.338697140000673969e+00 -1.633672346288808530e+00
2.328114800000674833e+00 -1.635714352931718851e+00
2.317532460000675698e+00 -1.637769662079157751e+00
2.306950120000676563e+00 -1.639838333443624618e+00
2.296367780000677428e+00 -1.641920139691958491e+00
2.285785440000678292e+00 -1.644015268649734907e+00
2.275203100000679157e+00 -1.646123336063503251e+00
2.264620760000680022e+00 -1.648244230717897940e+00
2.254038420000680887e+00 -1.650378055152572632e+00
2.243456080000681752e+00 -1.652524487368000283e+00
2.232873740000682616e+00 -1.654683621242928115e+00
2.222291400000683481e+00 -1.656855139281067979e+00
2.211709060000684346e+00 -1.659039069754082441e+00
2.201126720000685211e+00 -1.661235205949757487e+00
2.190544380000686076e+00 -1.663443332319832546e+00
2.179962040000686940e+00 -1.665663460020159636e+00
2.169379700000687805e+00 -1.667895229862518258e+00
2.158797360000688670e+00 -1.670138696956792623e+00
2.148215020000689535e+00 -1.672393464058287149e+00
2.137632680000690399e+00 -1.674659571271385206e+00
2.127050340000691264e+00 -1.676936620209017459e+00
2.116468000000692129e+00 -1.679224587590589568e+00
2.105885660000692994e+00 -1.681523182296625674e+00
2.095303320000693859e+00 -1.683832100706012858e+00
2.084720980000694723e+00 -1.686151295030373642e+00
2.074138640000695588e+00 -1.688480308203483604e+00
2.063556300000696453e+00 -1.690819121494351318e+00
2.052973960000697318e+00 -1.693167236471717407e+00
2.042391620000698182e+00 -1.695524613495950517e+00
2.031809280000699047e+00 -1.697890749593219839e+00
2.021226940000699912e+00 -1.700265514208203488e+00
2.010644600000700777e+00 -1.702648518983798764e+00
2.000062260000701642e+00 -1.705039359430167600e+00
1.989479920000702506e+00 -1.707437866580309827e+00
1.978897580000703371e+00 -1.709843461285569743e+00
1.968315240000704236e+00 -1.712256014008834759e+00
1.957732900000705101e+00 -1.714674889448543738e+00
1.947150560000705966e+00 -1.717099927280486993e+00
1.936568220000706830e+00 -1.719530682844458314e+00
1.925985880000707695e+00 -1.721966381789022282e+00
1.915403540000708560e+00 -1.724406900594255720e+00
1.904821200000709425e+00 -1.726851552596275319e+00
1.894238860000710289e+00 -1.729300043771554218e+00
1.883656520000711154e+00 -1.731751613412709778e+00
1.873074180000712019e+00 -1.734205970799085339e+00
1.862491840000712884e+00 -1.736662295817285928e+00
1.851909500000713749e+00 -1.739120264756853551e+00
1.841327160000714613e+00 -1.741579100847085337e+00
1.830744820000715478e+00 -1.744038070828715536e+00
1.820162480000716343e+00 -1.746496754057389023e+00
1.809580140000717208e+00 -1.748954201121022400e+00
1.798997800000718073e+00 -1.751409949799914711e+00
1.788415460000718937e+00 -1.753862997639162202e+00
1.777833120000719802e+00 -1.756312801688828529e+00
1.767250780000720667e+00 -1.758758314586422511e+00
1.756668440000721532e+00 -1.761198944072673633e+00
1.746086100000722396e+00 -1.763633685097083514e+00
1.735503760000723261e+00 -1.766061492862174953e+00
1.724921420000724126e+00 -1.768481679892597969e+00
1.714339080000724991e+00 -1.770893001174830284e+00
1.703756740000725856e+00 -1.773294693157461133e+00
1.693174400000726720e+00 -1.775685408452027714e+00
1.682592060000727585e+00 -1.778064359999882660e+00
1.672009720000728450e+00 -1.780430229800986419e+00
1.661427380000729315e+00 -1.782781650126504580e+00
1.650845040000730179e+00 -1.785117701853473848e+00
1.640262700000731044e+00 -1.787436811493760214e+00
1.629680360000731909e+00 -1.789737896316551558e+00
1.619098020000732774e+00 -1.792019306716608140e+00
1.608515680000733639e+00 -1.794279851787200064e+00
1.597933340000734503e+00 -1.796517739247326828e+00
1.587351000000735368e+00 -1.798731745837556018e+00
1.576768660000736233e+00 -1.800920143815619268e+00
1.566186320000737098e+00 -1.803080897803357008e+00
1.555603980000737963e+00 -1.805212677022833390e+00
1.545021640000738827e+00 -1.807313377081944727e+00
1.534439300000739692e+00 -1.809381346190006346e+00
1.523856960000740557e+00 -1.811414373360158869e+00
1.513274620000741422e+00 -1.813410655926467108e+00
1.502692280000742286e+00 -1.815367779234532408e+00
1.492109940000743151e+00 -1.817283894059937843e+00
1.481527600000744016e+00 -1.819156500671122778e+00
1.470945260000744881e+00 -1.820983003741019735e+00
1.460362920000745746e+00 -1.822761279982404226e+00
1.449780580000746610e+00 -1.824488465740339294e+00
1.439198240000747475e+00 -1.826162095985391698e+00
1.428615900000748340e+00 -1.827779153156579239e+00
1.418033560000749205e+00 -1.829336943609414678e+00
1.407451220000750070e+00 -1.830832319270830011e+00
1.396868880000750934e+00 -1.832262029758452648e+00
1.386286540000751799e+00 -1.833623055003488878e+00
1.375704200000752664e+00 -1.834911591409077225e+00
1.365121860000753529e+00 -1.836124461785515249e+00
1.354539520000754393e+00 -1.837257697766116582e+00
1.343957180000755258e+00 -1.838307620190842373e+00
1.333374840000756123e+00 -1.839270026468440955e+00
1.322792500000756988e+00 -1.840140965443069820e+00
1.312210160000757853e+00 -1.840915743652954406e+00
1.301627820000758717e+00 -1.841589948203325111e+00
1.291045480000759582e+00 -1.842158891771425777e+00
1.280463140000760447e+00 -1.842617465650964181e+00
1.269880800000761312e+00 -1.842960621990298087e+00
1.259298460000762176e+00 -1.843182712161995696e+00
1.248716120000763041e+00 -1.843278498130348275e+00
1.238133780000763906e+00 -1.843241673373252176e+00
1.227551440000764771e+00 -1.843066196179606653e+00
1.216969100000765636e+00 -1.842745692077929931e+00
1.206386760000766500e+00 -1.842273318626953760e+00
1.195804420000767365e+00 -1.841642091876613208e+00
1.185222080000768230e+00 -1.840844584155778119e+00
1.174639740000769095e+00 -1.839873119928630008e+00
1.164057400000769960e+00 -1.838719439454804760e+00
1.153475060000770824e+00 -1.837375514721594438e+00
1.142892720000771689e+00 -1.835832208979068625e+00
1.132310380000772554e+00 -1.834079948791296655e+00
1.121728040000773419e+00 -1.832109428015900265e+00
1.111145700000774283e+00 -1.829910334381841031e+00
1.100563360000775148e+00 -1.827471912902949525e+00
1.089981020000776013e+00 -1.824783041157193919e+00
1.079398680000776878e+00 -1.821831850813387721e+00
1.068816340000777743e+00 -1.818605921451022622e+00
1.058234000000778607e+00 -1.815092739090904850e+00
