1.058234000000000030e+01 -1.411956932594124137e+00
1.057175766000000117e+01 -1.412006259954205589e+00
1.056117532000000203e+01 -1.412055601861739396e+00
1.055059298000000290e+01 -1.412105046978726630e+00
1.054001064000000376e+01 -1.412154602987256702e+00
1.052942830000000463e+01 -1.412204278194151952e+00
1.051884596000000549e+01 -1.412254043856913999e+00
1.050826362000000636e+01 -1.412303902484383533e+00
1.049768128000000722e+01 -1.412353863271931464e+00
1.048709894000000808e+01 -1.412403929510148926e+00
1.047651660000000895e+01 -1.412454090510130600e+00
1.046593426000000981e+01 -1.412504355003652678e+00
1.045535192000001068e+01 -1.412554719796338176e+00
1.044476958000001154e+01 -1.412605185428439825e+00
1.043418724000001241e+01 -1.412655752583157120e+00
1.042360490000001327e+01 -1.412706421273008495e+00
1.041302256000001414e+01 -1.412757192526520544e+00
1.040244022000001500e+01 -1.412808070647652903e+00
1.039185788000001587e+01 -1.412859046622956027e+00
1.038127554000001673e+01 -1.412910124270469137e+00
1.037069320000001760e+01 -1.412961308606119903e+00
1.036011086000001846e+01 -1.413012594976086778e+00
1.034952852000001933e+01 -1.413063984956869357e+00
1.033894618000002019e+01 -1.413115479720262080e+00
1.032836384000002106e+01 -1.413167078766810913e+00
1.031778150000002192e+01 -1.413218781082302478e+00
1.030719916000002279e+01 -1.413270592649525925e+00
1.029661682000002365e+01 -1.413322507262941397e+00
1.028603448000002452e+01 -1.413374528186806645e+00
1.027545214000002538e+01 -1.413426655225808348e+00
1.026486980000002625e+01 -1.413478889087366186e+00
1.025428746000002711e+01 -1.413531227788931810e+00
1.024370512000002797e+01 -1.413583677197577382e+00
1.023312278000002884e+01 -1.413636232328488562e+00
1.022254044000002970e+01 -1.413688895744144469e+00
1.021195810000003057e+01 -1.413741667275856928e+00
1.020137576000003143e+01 -1.413794546780921646e+00
1.019079342000003230e+01 -1.413847535781698639e+00
1.018021108000003316e+01 -1.413900633658015327e+00
1.016962874000003403e+01 -1.413953841320139126e+00
1.015904640000003489e+01 -1.414007156907975515e+00
1.014846406000003576e+01 -1.414060586225041050e+00
1.013788172000003662e+01 -1.414114122712560206e+00
1.012729938000003749e+01 -1.414167773547150286e+00
1.011671704000003835e+01 -1.414221534111103962e+00
1.010613470000003922e+01 -1.414275405780235584e+00
1.009555236000004008e+01 -1.414329389884714239e+00
1.008497002000004095e+01 -1.414383485950687636e+00
1.007438768000004181e+01 -1.414437694990024807e+00
1.006380534000004268e+01 -1.414492015056887153e+00
1.005322300000004354e+01 -1.414546456733152713e+00
1.004264066000004441e+01 -1.414601004131607720e+00
1.003205832000004527e+01 -1.414655668996391613e+00
1.002147598000004614e+01 -1.414710446479483741e+00
1.001089364000004700e+01 -1.414765338352019564e+00
1.000031130000004786e+01 -1.414820345977339411e+00
9.989728960000048730e+00 -1.414875468706328299e+00
9.979146620000049595e+00 -1.414930707608173632e+00
9.968564280000050459e+00 -1.414986060792906342e+00
9.957981940000051324e+00 -1.415041534066766360e+00
9.947399600000052189e+00 -1.415097120924845076e+00
9.936817260000053054e+00 -1.415152828559447462e+00
9.926234920000053918e+00 -1.415208652399061018e+00
9.915652580000054783e+00 -1.415264593799887560e+00
9.905070240000055648e+00 -1.415320654186312144e+00
9.894487900000056513e+00 -1.415376833042577331e+00
9.883905560000057378e+00 -1.415433131469964856e+00
9.873323220000058242e+00 -1.415489549485584586e+00
9.862740880000059107e+00 -1.415546086908970658e+00
9.852158540000059972e+00 -1.415602743418146847e+00
9.841576200000060837e+00 -1.415659524211147602e+00
9.830993860000061701e+00 -1.415716424430047082e+00
9.820411520000062566e+00 -1.415773445646734574e+00
9.809829180000063431e+00 -1.415830589387789384e+00
9.799246840000064296e+00 -1.415887855032479603e+00
9.788664500000065161e+00 -1.415945241724501313e+00
9.778082160000066025e+00 -1.416002755564115478e+00
9.767499820000066890e+00 -1.416060390201555830e+00
9.756917480000067755e+00 -1.416118149278248861e+00
9.746335140000068620e+00 -1.416176032434680820e+00
9.735752800000069485e+00 -1.416234040597718069e+00
9.725170460000070349e+00 -1.416292171775742181e+00
9.714588120000071214e+00 -1.416350431941434618e+00
9.704005780000072079e+00 -1.416408816191726316e+00
9.693423440000072944e+00 -1.416467332336397433e+00
9.682841100000073808e+00 -1.416525970165847026e+00
9.672258760000074673e+00 -1.416584734386685973e+00
9.661676420000075538e+00 -1.416643626645336385e+00
9.651094080000076403e+00 -1.416702646558426704e+00
9.640511740000077268e+00 -1.416761795264668944e+00
9.629929400000078132e+00 -1.416821070711288266e+00
9.619347060000078997e+00 -1.416880478840147672e+00
9.608764720000079862e+00 -1.416940013276577925e+00
9.598182380000080727e+00 -1.416999681187047777e+00
9.587600040000081592e+00 -1.417059478098284364e+00
9.577017700000082456e+00 -1.417119405343810756e+00
9.566435360000083321e+00 -1.417179464541356904e+00
9.555853020000084186e+00 -1.417239655074818305e+00
9.545270680000085051e+00 -1.417299978238508729e+00
9.534688340000085915e+00 -1.417360432029844963e+00
9.524106000000086780e+00 -1.417421022380091600e+00
9.513523660000087645e+00 -1.417481742915771115e+00
9.502941320000088510e+00 -1.417542600825110410e+00
9.492358980000089375e+00 -1.417603591678079145e+00
9.481776640000090239e+00 -1.417664716785948853e+00
9.471194300000091104e+00 -1.417725977825624151e+00
9.460611960000091969e+00 -1.417787374153452351e+00
9.450029620000092834e+00 -1.417848907128102631e+00
9.439447280000093699e+00 -1.417910574727686335e+00
9.428864940000094563e+00 -1.417972382915224872e+00
9.418282600000095428e+00 -1.418034325342722557e+00
9.407700260000096293e+00 -1.418096409199708363e+00
9.397117920000097158e+00 -1.418158630095333939e+00
9.386535580000098022e+00 -1.418220989326338444e+00
9.375953240000098887e+00 -1.418283488633987899e+00
9.365370900000099752e+00 -1.418346127340787577e+00
9.354788560000100617e+00 -1.418408906873804387e+00
9.344206220000101482e+00 -1.418471832703704250e+00
9.333623880000102346e+00 -1.418534893918199646e+00
9.323041540000103211e+00 -1.418598095654143298e+00
9.312459200000104076e+00 -1.418661442823130336e+00
9.301876860000104941e+00 -1.418724931250332499e+00
9.291294520000105805e+00 -1.418788562380592033e+00
9.280712180000106670e+00 -1.418852337909439099e+00
9.270129840000107535e+00 -1.418916257073860265e+00
9.259547500000108400e+00 -1.418980319394234968e+00
9.248965160000109265e+00 -1.419044531035545065e+00
9.238382820000110129e+00 -1.419108885453790769e+00
9.227800480000110994e+00 -1.419173386805788528e+00
9.217218140000111859e+00 -1.419238034477975141e+00
9.206635800000112724e+00 -1.419302829754223838e+00
9.196053460000113589e+00 -1.419367770561613451e+00
9.185471120000114453e+00 -1.419432863052351390e+00
9.174888780000115318e+00 -1.419498102418154106e+00
9.164306440000116183e+00 -1.419563491497046304e+00
9.153724100000117048e+00 -1.419629030139911485e+00
9.143141760000117912e+00 -1.419694718268701639e+00
9.132559420000118777e+00 -1.419760558094127267e+00
9.121977080000119642e+00 -1.419826548537858502e+00
9.111394740000120507e+00 -1.419892691251173344e+00
9.100812400000121372e+00 -1.419958984174618521e+00
9.090230060000122236e+00 -1.420025433448570462e+00
9.079647720000123101e+00 -1.420092032754798783e+00
9.069065380000123966e+00 -1.420158789307880642e+00
9.058483040000124831e+00 -1.420225698885293930e+00
9.047900700000125696e+00 -1.420292762720052115e+00
9.037318360000126560e+00 -1.420359982811056687e+00
9.026736020000127425e+00 -1.420427358334804158e+00
9.016153680000128290e+00 -1.420494891016126804e+00
9.005571340000129155e+00 -1.420562578707186052e+00
8.994989000000130019e+00 -1.420630433473262455e+00
8.984406660000130884e+00 -1.420698437545839132e+00
8.973824320000131749e+00 -1.420766603562835462e+00
8.963241980000132614e+00 -1.420834927256553470e+00
8.952659640000133479e+00 -1.420903410508740139e+00
8.942077300000134343e+00 -1.420972054598445000e+00
8.931494960000135208e+00 -1.421040859407849410e+00
8.920912620000136073e+00 -1.421109826210152915e+00
8.910330280000136938e+00 -1.421178953146635227e+00
8.899747940000137802e+00 -1.421248246402990967e+00
8.889165600000138667e+00 -1.421317699477807395e+00
8.878583260000139532e+00 -1.421387319854591880e+00
8.868000920000140397e+00 -1.421457103254606391e+00
8.857418580000141262e+00 -1.421527051287368115e+00
8.846836240000142126e+00 -1.421597165286960784e+00
8.836253900000142991e+00 -1.421667445193514734e+00
8.825671560000143856e+00 -1.421737892327509467e+00
8.815089220000144721e+00 -1.421808506801863548e+00
8.804506880000145586e+00 -1.421879288935455232e+00
8.793924540000146450e+00 -1.421950238143051326e+00
8.783342200000147315e+00 -1.422021359980830235e+00
8.772759860000148180e+00 -1.422092649977523715e+00
8.762177520000149045e+00 -1.422164110193338660e+00
8.751595180000149909e+00 -1.422235741783689944e+00
8.741012840000150774e+00 -1.422307544700053050e+00
8.730430500000151639e+00 -1.422379520305807832e+00
8.719848160000152504e+00 -1.422451668730567720e+00
8.709265820000153369e+00 -1.422523990302359875e+00
8.698683480000154233e+00 -1.422596486369530844e+00
8.688101140000155098e+00 -1.422669156859602380e+00
8.677518800000155963e+00 -1.422742003425235380e+00
8.666936460000156828e+00 -1.422815023742894924e+00
8.656354120000157693e+00 -1.422888224328954454e+00
8.645771780000158557e+00 -1.422961600267302229e+00
8.635189440000159422e+00 -1.423035161105274726e+00
8.624607100000160287e+00 -1.423108894084179621e+00
8.614024760000161152e+00 -1.423182805866857414e+00
8.603442420000162016e+00 -1.423256897913174335e+00
8.592860080000162881e+00 -1.423331170638171495e+00
8.582277740000163746e+00 -1.423405624598549801e+00
8.571695400000164611e+00 -1.423480258406397247e+00
8.561113060000165476e+00 -1.423555078352380265e+00
8.550530720000166340e+00 -1.423630078050618586e+00
8.539948380000167205e+00 -1.423705265054800551e+00
8.529366040000168070e+00 -1.423780635231476577e+00
8.518783700000168935e+00 -1.423856190768522767e+00
8.508201360000169799e+00 -1.423931932066441419e+00
8.497619020000170664e+00 -1.424007859650000762e+00
8.487036680000171529e+00 -1.424083975007714997e+00
8.476454340000172394e+00 -1.424160276326857932e+00
8.465872000000173259e+00 -1.424236769941579883e+00
8.455289660000174123e+00 -1.424313450087145494e+00
8.444707320000174988e+00 -1.424390323159404614e+00
8.434124980000175853e+00 -1.424467385672708364e+00
8.423542640000176718e+00 -1.424544639236556387e+00
8.412960300000177583e+00 -1.424622085439028130e+00
8.402377960000178447e+00 -1.424699724247358468e+00
8.391795620000179312e+00 -1.424777557888503576e+00
8.381213280000180177e+00 -1.424855583218166855e+00
8.370630940000181042e+00 -1.424933807284759046e+00
8.360048600000181906e+00 -1.425012223756185747e+00
8.349466260000182771e+00 -1.425090840228294686e+00
8.338883920000183636e+00 -1.425169652681417487e+00
8.328301580000184501e+00 -1.425248663474497857e+00
8.317719240000185366e+00 -1.425327872776607219e+00
8.307136900000186230e+00 -1.425407281306890539e+00
8.296554560000187095e+00 -1.425486892616101064e+00
8.285972220000187960e+00 -1.425566696831572111e+00
8.275389880000188825e+00 -1.425646722038976577e+00
8.264807540000189690e+00 -1.425726963426121596e+00
8.254225200000190554e+00 -1.425807338492595777e+00
8.243642860000191419e+00 -1.425887983752488042e+00
8.233060520000192284e+00 -1.425968818199965460e+00
8.222478180000193149e+00 -1.426049844300925962e+00
8.211895840000194013e+00 -1.426131145914090848e+00
8.201313500000194878e+00 -1.426212555832137019e+00
8.190731160000195743e+00 -1.426294215148435462e+00
8.180148820000196608e+00 -1.426376058797048207e+00
8.169566480000197473e+00 -1.426458131048053968e+00
8.158984140000198337e+00 -1.426540458661529120e+00
8.148401800000199202e+00 -1.426622900442595654e+00
8.137819460000200067e+00 -1.426705696303604887e+00
8.127237120000200932e+00 -1.426788544358820410e+00
8.116654780000201796e+00 -1.426871676157101421e+00
8.106072440000202661e+00 -1.426955018503351047e+00
8.095490100000203526e+00 -1.427038640518526025e+00
8.084907760000204391e+00 -1.427122405085949453e+00
8.074325420000205256e+00 -1.427206399865864395e+00
8.063743080000206120e+00 -1.427290621378492830e+00
8.053160740000206985e+00 -1.427375059014423408e+00
8.042578400000207850e+00 -1.427459707473945683e+00
8.031996060000208715e+00 -1.427544568578799522e+00
8.021413720000209580e+00 -1.427629640225372532e+00
8.010831380000210444e+00 -1.427714946380377770e+00
8.000249040000211309e+00 -1.427800490148302348e+00
7.989666700000212174e+00 -1.427886260278092401e+00
7.979084360000213039e+00 -1.427972251419062255e+00
7.968502020000213903e+00 -1.428058468022285865e+00
7.957919680000214768e+00 -1.428144911785496074e+00
7.947337340000215633e+00 -1.428231578745060348e+00
7.936755000000216498e+00 -1.428318482352940677e+00
7.926172660000217363e+00 -1.428405607880546491e+00
7.915590320000218227e+00 -1.428492969907015464e+00
7.905007980000219092e+00 -1.428580563013491345e+00
7.894425640000219957e+00 -1.428668390983409253e+00
7.883843300000220822e+00 -1.428756439657348221e+00
7.873260960000221687e+00 -1.428844728642796769e+00
7.862678620000222551e+00 -1.428933253015712612e+00
7.852096280000223416e+00 -1.429021957504379436e+00
7.841513940000224281e+00 -1.429111029792420329e+00
7.830931600000225146e+00 -1.429200261495246593e+00
7.820349260000226010e+00 -1.429289730337000019e+00
7.809766920000226875e+00 -1.429379452328820799e+00
7.799184580000227740e+00 -1.429469391834310654e+00
7.788602240000228605e+00 -1.429559587633852713e+00
7.778019900000229470e+00 -1.429650014408972547e+00
7.767437560000230334e+00 -1.429740695540872686e+00
7.756855220000231199e+00 -1.429831632800534935e+00
7.746272880000232064e+00 -1.429922791663196691e+00
7.735690540000232929e+00 -1.430014150718625476e+00
7.725108200000233794e+00 -1.430105893998962374e+00
7.714525860000234658e+00 -1.430197809634538242e+00
7.703943520000235523e+00 -1.430289963188854818e+00
7.693361180000236388e+00 -1.430382377208446076e+00
7.682778840000237253e+00 -1.430475042274022224e+00
7.672196500000238117e+00 -1.430567922346394960e+00
7.661614160000238982e+00 -1.430661115602827271e+00
7.651031820000239847e+00 -1.430754564073271951e+00
7.640449480000240712e+00 -1.430848240306533459e+00
7.629867140000241577e+00 -1.430942178444342572e+00
7.619284800000242441e+00 -1.431036375128626137e+00
7.608702460000243306e+00 -1.431130807861118237e+00
7.598120120000244171e+00 -1.431225516637288253e+00
7.587537780000245036e+00 -1.431320499900972543e+00
7.576955440000245900e+00 -1.431415769701546381e+00
7.566373100000246765e+00 -1.431511270668381908e+00
7.555790760000247630e+00 -1.431607036020060564e+00
7.545208420000248495e+00 -1.431703067201700597e+00
7.534626080000249360e+00 -1.431799364409517272e+00
7.524043740000250224e+00 -1.431895900635259844e+00
7.513461400000251089e+00 -1.431992827250396783e+00
7.502879060000251954e+00 -1.432089919201974704e+00
7.492296720000252819e+00 -1.432187278994372148e+00
7.481714380000253684e+00 -1.432284851621327126e+00
7.471132040000254548e+00 -1.432382771236398566e+00
7.460549700000255413e+00 -1.432481000637402468e+00
7.449967360000256278e+00 -1.432579470200403549e+00
7.439385020000257143e+00 -1.432678175475946780e+00
7.428802680000258007e+00 -1.432777241632650744e+00
7.418220340000258872e+00 -1.432876453614758017e+00
7.407638000000259737e+00 -1.432976097806114790e+00
7.397055660000260602e+00 -1.433075998863631240e+00
7.386473320000261467e+00 -1.433176125093324815e+00
7.375890980000262331e+00 -1.433276569969030634e+00
7.365308640000263196e+00 -1.433377284071534197e+00
7.354726300000264061e+00 -1.433478285903463600e+00
7.344143960000264926e+00 -1.433579518955896415e+00
7.333561620000265791e+00 -1.433681155647596350e+00
7.322979280000266655e+00 -1.433782937643461874e+00
7.312396940000267520e+00 -1.433885198825151086e+00
7.301814600000268385e+00 -1.433987633193857469e+00
7.291232260000269250e+00 -1.434090306560382055e+00
7.280649920000270114e+00 -1.434193419349615084e+00
7.270067580000270979e+00 -1.434296752305147526e+00
7.259485240000271844e+00 -1.434400305273936249e+00
7.248902900000272709e+00 -1.434504236593402871e+00
7.238320560000273574e+00 -1.434608465257861010e+00
7.227738220000274438e+00 -1.434713004786434931e+00
7.217155880000275303e+00 -1.434817836741649755e+00
7.206573540000276168e+00 -1.434923065230187200e+00
7.195991200000277033e+00 -1.435028517199060216e+00
7.185408860000277897e+00 -1.435134265240536555e+00
7.174826520000278762e+00 -1.435240324207380791e+00
7.164244180000279627e+00 -1.435346579687598156e+00
7.153661840000280492e+00 -1.435453370745870982e+00
7.143079500000281357e+00 -1.435560413659261014e+00
7.132497160000282221e+00 -1.435667722037677452e+00
7.121914820000283086e+00 -1.435775158338113755e+00
7.111332480000283951e+00 -1.435883220944719429e+00
7.100750140000284816e+00 -1.435991333031393369e+00
7.090167800000285681e+00 -1.436099900499410165e+00
7.079585460000286545e+00 -1.436208753625329848e+00
7.069003120000287410e+00 -1.436318008544595459e+00
7.058420780000288275e+00 -1.436427710427074844e+00
7.047838440000289140e+00 -1.436537551808432012e+00
7.037256100000290004e+00 -1.436647736567469025e+00
7.026673760000290869e+00 -1.436758250576119611e+00
7.016091420000291734e+00 -1.436869094183655493e+00
7.005509080000292599e+00 -1.436980267612831375e+00
6.994926740000293464e+00 -1.437091773495845493e+00
6.984344400000294328e+00 -1.437203604412753410e+00
6.973762060000295193e+00 -1.437315776605902151e+00
6.963179720000296058e+00 -1.437428407627794780e+00
6.952597380000296923e+00 -1.437541222067818314e+00
6.942015040000297788e+00 -1.437654348199873588e+00
6.931432700000298652e+00 -1.437767858869497317e+00
6.920850360000299517e+00 -1.437881728478412002e+00
6.910268020000300382e+00 -1.437995942377905845e+00
6.899685680000301247e+00 -1.438110502474753138e+00
6.889103340000302111e+00 -1.438225389488587247e+00
6.878521000000302976e+00 -1.438340655845152583e+00
6.867938660000303841e+00 -1.438456282311977308e+00
6.857356320000304706e+00 -1.438572236198649268e+00
6.846773980000305571e+00 -1.438688549707976660e+00
6.836191640000306435e+00 -1.438805214578194436e+00
6.825609300000307300e+00 -1.438922237526422343e+00
6.815026960000308165e+00 -1.439039618009839705e+00
6.804444620000309030e+00 -1.439157359062640085e+00
6.793862280000309894e+00 -1.439275448572934435e+00
6.783279940000310759e+00 -1.439393913473354214e+00
6.772697600000311624e+00 -1.439512747042628993e+00
6.677456540000319407e+00 -1.440598937715906303e+00
6.666874200000320272e+00 -1.440721499604009415e+00
6.656291860000321137e+00 -1.440844378819002625e+00
6.645709520000322001e+00 -1.440968298896821542e+00
6.635127180000322866e+00 -1.441091578913279436e+00
6.624544840000323731e+00 -1.441215669329496185e+00
6.613962500000324596e+00 -1.441340126890420237e+00
6.603380160000325461e+00 -1.441465056394478195e+00
6.592797820000326325e+00 -1.441590331008886450e+00
6.582215480000327190e+00 -1.441716105085959931e+00
6.571633140000328055e+00 -1.441842125895311355e+00
6.561050800000328920e+00 -1.441968640432916615e+00
6.550468460000329785e+00 -1.442095519861801289e+00
6.539886120000330649e+00 -1.442222837324978579e+00
6.529303780000331514e+00 -1.442350567280802354e+00
6.518721440000332379e+00 -1.442478697294379497e+00
6.508139100000333244e+00 -1.442607219841717692e+00
6.497556760000334108e+00 -1.442736164683606326e+00
6.486974420000334973e+00 -1.442865505929758374e+00
6.476392080000335838e+00 -1.442995268707912171e+00
6.465809740000336703e+00 -1.443125469525143645e+00
6.455227400000337568e+00 -1.443256058607375270e+00
6.444645060000338432e+00 -1.443387084700893830e+00
6.434062720000339297e+00 -1.443518536357806026e+00
6.423480380000340162e+00 -1.443650578568150600e+00
6.412898040000341027e+00 -1.443782785406232172e+00
6.402315700000341891e+00 -1.443915490546458180e+00
6.391733360000342756e+00 -1.444048687399419162e+00
6.381151020000343621e+00 -1.444182250056765815e+00
6.370568680000344486e+00 -1.444316080960602378e+00
6.359986340000345351e+00 -1.444450680240954021e+00
6.349404000000346215e+00 -1.444585661718298608e+00
6.338821660000347080e+00 -1.444720991197342874e+00
6.328239320000347945e+00 -1.444856809867268055e+00
6.317656980000348810e+00 -1.444993065235387286e+00
6.307074640000349675e+00 -1.445129797204120825e+00
6.296492300000350539e+00 -1.445266912896467026e+00
6.285909960000351404e+00 -1.445404516120836202e+00
6.275327620000352269e+00 -1.445542576775784349e+00
6.264745280000353134e+00 -1.445681091751283454e+00
6.254162940000353998e+00 -1.445820072530139555e+00
6.243580600000354863e+00 -1.445959510949953453e+00
6.232998260000355728e+00 -1.446099416155659512e+00
6.222415920000356593e+00 -1.446239788789526859e+00
6.211833580000357458e+00 -1.446380629793043049e+00
6.201251240000358322e+00 -1.446521911094189150e+00
6.190668900000359187e+00 -1.446663721874916764e+00
6.180086560000360052e+00 -1.446805977353155859e+00
6.169504220000360917e+00 -1.446948741846476372e+00
6.158921880000361782e+00 -1.447091962564121426e+00
6.148339540000362646e+00 -1.447235665395605775e+00
6.137757200000363511e+00 -1.447379855056732501e+00
6.127174860000364376e+00 -1.447524532644480999e+00
6.116592520000365241e+00 -1.447669699183580461e+00
6.106010180000366105e+00 -1.447815357805868786e+00
6.095427840000366970e+00 -1.447961512245508064e+00
6.084845500000367835e+00 -1.448108163409151716e+00
6.074263160000368700e+00 -1.448255286104868533e+00
6.063680820000369565e+00 -1.448402955031406369e+00
6.053098480000370429e+00 -1.448551126086630392e+00
6.042516140000371294e+00 -1.448699790827685518e+00
6.031933800000372159e+00 -1.448848964911421788e+00
6.021351460000373024e+00 -1.448998625148610442e+00
6.010769120000373889e+00 -1.449148841663065568e+00
6.000186780000374753e+00 -1.449299571164294420e+00
5.989604440000375618e+00 -1.449450791183233944e+00
5.979022100000376483e+00 -1.449602563294372537e+00
5.968439760000377348e+00 -1.449754853592605475e+00
5.957857420000378212e+00 -1.449907664083016634e+00
5.947275080000379077e+00 -1.450061004245070340e+00
5.936692740000379942e+00 -1.450214878955231823e+00
5.926110400000380807e+00 -1.450369267822082309e+00
5.915528060000381672e+00 -1.450524222832582311e+00
5.904945720000382536e+00 -1.450679709842275456e+00
5.894363380000383401e+00 -1.450835739585107254e+00
5.883781040000384266e+00 -1.450992320636506072e+00
5.873198700000385131e+00 -1.451149442601319617e+00
5.862616360000385995e+00 -1.451307105114617801e+00
5.852034020000386860e+00 -1.451465338129540372e+00
5.841451680000387725e+00 -1.451624121736696971e+00
5.830869340000388590e+00 -1.451783458167945851e+00
5.820287000000389455e+00 -1.451943352760357575e+00
5.809704660000390319e+00 -1.452103828183680667e+00
5.799122320000391184e+00 -1.452264866835977886e+00
5.788539980000392049e+00 -1.452426469961390021e+00
5.777957640000392914e+00 -1.452588631571985367e+00
5.767375300000393779e+00 -1.452751384529393341e+00
5.756792960000394643e+00 -1.452914710352439132e+00
5.746210620000395508e+00 -1.453078611026226152e+00
5.735628280000396373e+00 -1.453243089366147656e+00
5.725045940000397238e+00 -1.453408182309860797e+00
5.714463600000398102e+00 -1.453573830488632534e+00
5.703881260000398967e+00 -1.453740085258624415e+00
5.693298920000399832e+00 -1.453906931824529680e+00
5.682716580000400697e+00 -1.454074370939578031e+00
5.672134240000401562e+00 -1.454242431030782212e+00
5.661551900000402426e+00 -1.454411073723886449e+00
5.650969560000403291e+00 -1.454580285145493646e+00
5.640387220000404156e+00 -1.454750130599194113e+00
5.629804880000405021e+00 -1.454920588843124474e+00
5.619222540000405886e+00 -1.455091661937323977e+00
5.608640200000406750e+00 -1.455263358611621483e+00
5.598057860000407615e+00 -1.455435675600015966e+00
5.587475520000408480e+00 -1.455608602915408278e+00
5.576893180000409345e+00 -1.455782162206394892e+00
5.566310840000410209e+00 -1.455956338168676867e+00
5.555728500000411074e+00 -1.456131162185728689e+00
5.545146160000411939e+00 -1.456306606641868839e+00
5.534563820000412804e+00 -1.456482682861872879e+00
5.523981480000413669e+00 -1.456659419900113051e+00
5.513399140000414533e+00 -1.456836751098136817e+00
5.502816800000415398e+00 -1.457014783398167701e+00
5.492234460000416263e+00 -1.457193436748105642e+00
5.481652120000417128e+00 -1.457372711696702794e+00
5.471069780000417992e+00 -1.457552686985520429e+00
5.460487440000418857e+00 -1.457733316956932645e+00
5.449905100000419722e+00 -1.457914568042091519e+00
5.439322760000420587e+00 -1.458096525077859029e+00
5.428740420000421452e+00 -1.458279092625608397e+00
5.418158080000422316e+00 -1.458462365500424962e+00
5.407575740000423181e+00 -1.458646319064650809e+00
5.396993400000424046e+00 -1.458830882504081661e+00
5.386411060000424911e+00 -1.459016202343678126e+00
5.375828720000425776e+00 -1.459202162030120320e+00
5.365246380000426640e+00 -1.459388771458472123e+00
5.354664040000427505e+00 -1.459576131339171079e+00
5.344081700000428370e+00 -1.459764206938891640e+00
5.333499360000429235e+00 -1.459952801897604679e+00
5.322917020000430099e+00 -1.460142302957351035e+00
5.312334680000430964e+00 -1.460332422624746940e+00
5.301752340000431829e+00 -1.460523032503840968e+00
5.291170000000432694e+00 -1.460714704092802574e+00
5.280587660000433559e+00 -1.460906863888548068e+00
5.270005320000434423e+00 -1.461099780873934773e+00
5.259422980000435288e+00 -1.461293418003032807e+00
5.248840640000436153e+00 -1.461487753053609229e+00
5.238258300000437018e+00 -1.461682826763025744e+00
5.227675960000437883e+00 -1.461878607999917312e+00
5.217093620000438747e+00 -1.462075122428129426e+00
5.206511280000439612e+00 -1.462272371549877548e+00
5.195928940000440477e+00 -1.462470339065517155e+00
5.185346600000441342e+00 -1.462669037187759535e+00
5.174764260000442206e+00 -1.462868485141314956e+00
5.164181920000443071e+00 -1.463068677915227767e+00
5.153599580000443936e+00 -1.463269580209397791e+00
5.143017240000444801e+00 -1.463471251290926922e+00
5.132434900000445666e+00 -1.463673698305447912e+00
5.121852560000446530e+00 -1.463876855834304713e+00
5.111270220000447395e+00 -1.464080822922275482e+00
5.100687880000448260e+00 -1.464285525838490365e+00
5.090105540000449125e+00 -1.464490970248587320e+00
5.079523200000449989e+00 -1.464697200311579239e+00
5.068940860000450854e+00 -1.464904174025311701e+00
5.058358520000451719e+00 -1.465111950851130773e+00
5.047776180000452584e+00 -1.465320488042642255e+00
5.037193840000453449e+00 -1.465529810890771500e+00
5.026611500000454313e+00 -1.465739912978916371e+00
5.016029160000455178e+00 -1.465950803126781610e+00
5.005446820000456043e+00 -1.466162477156177646e+00
4.994864480000456908e+00 -1.466374946091976161e+00
4.984282140000457773e+00 -1.466588209117519526e+00
4.973699800000458637e+00 -1.466802268475362769e+00
4.963117460000459502e+00 -1.467017128455530006e+00
4.952535120000460367e+00 -1.467232795785620159e+00
4.941952780000461232e+00 -1.467449278575893690e+00
4.931370440000462096e+00 -1.467666570238209900e+00
4.920788100000462961e+00 -1.467884674824624147e+00
4.910205760000463826e+00 -1.468103598698124790e+00
4.899623420000464691e+00 -1.468323341747935551e+00
4.889041080000465556e+00 -1.468543911293453519e+00
4.878458740000466420e+00 -1.468765303372594477e+00
4.867876400000467285e+00 -1.468987535716535398e+00
4.857294060000468150e+00 -1.469210597998644063e+00
4.846711720000469015e+00 -1.469434493462000058e+00
4.836129380000469880e+00 -1.469659237969428212e+00
4.825547040000470744e+00 -1.469884822338921815e+00
4.814964700000471609e+00 -1.470111252464313178e+00
4.804382360000472474e+00 -1.470338540796873428e+00
4.793800020000473339e+00 -1.470566672646595574e+00
4.783217680000474203e+00 -1.470795669684125340e+00
4.772635340000475068e+00 -1.471025514690854852e+00
4.762053000000475933e+00 -1.471256245590707001e+00
4.751470660000476798e+00 -1.471487835838233948e+00
4.740888320000477663e+00 -1.471720286761916130e+00
4.730305980000478527e+00 -1.471953625257363507e+00
4.719723640000479392e+00 -1.472187791073946261e+00
4.709141300000480257e+00 -1.472422923169478759e+00
4.698558960000481122e+00 -1.472658796255741143e+00
4.687976620000481986e+00 -1.472895689300112831e+00
4.677394280000482851e+00 -1.473133405463460832e+00
4.666811940000483716e+00 -1.473372032831305134e+00
4.656229600000484581e+00 -1.473611528741135546e+00
4.645647260000485446e+00 -1.473851947336695778e+00
4.635064920000486310e+00 -1.474093304579080499e+00
4.624482580000487175e+00 -1.474335498259186528e+00
4.613900240000488040e+00 -1.474578559924998089e+00
4.603317900000488905e+00 -1.474822573511169299e+00
4.592735560000489770e+00 -1.475067506675746598e+00
4.582153220000490634e+00 -1.475313340230477221e+00
4.571570880000491499e+00 -1.475560090603253771e+00
4.560988540000492364e+00 -1.475807758274881865e+00
4.550406200000493229e+00 -1.476056344531104347e+00
4.539823860000494093e+00 -1.476305852860303025e+00
4.529241520000494958e+00 -1.476556282993808811e+00
4.518659180000495823e+00 -1.476807640302379321e+00
4.508076840000496688e+00 -1.477059920984459485e+00
4.497494500000497553e+00 -1.477313137485041672e+00
4.486912160000498417e+00 -1.477567277910776466e+00
4.476329820000499282e+00 -1.477822363339301948e+00
4.465747480000500147e+00 -1.478078375182267257e+00
4.455165140000501012e+00 -1.478335327804992660e+00
4.444582800000501877e+00 -1.478593218881806948e+00
4.434000460000502741e+00 -1.478852046158256162e+00
4.423418120000503606e+00 -1.479111829678163570e+00
4.412835780000504471e+00 -1.479372527770084211e+00
4.402253440000505336e+00 -1.479634229823947544e+00
4.391671100000506200e+00 -1.479896823389489802e+00
4.381088760000507065e+00 -1.480160388626318158e+00
4.370506420000507930e+00 -1.480424889189819515e+00
4.359924080000508795e+00 -1.480690343080852900e+00
4.349341740000509660e+00 -1.480956744815351556e+00
4.338759400000510524e+00 -1.481224102062796311e+00
4.328177060000511389e+00 -1.481492380262948050e+00
4.317594720000512254e+00 -1.481761666975396574e+00
4.307012380000513119e+00 -1.482031841108775172e+00
4.296430040000513984e+00 -1.482303026223593667e+00
4.285847700000514848e+00 -1.482575114090635138e+00
4.275265360000515713e+00 -1.482848182700833517e+00
4.264683020000516578e+00 -1.483122196270188597e+00
4.254100680000517443e+00 -1.483397136039419806e+00
4.243518340000518307e+00 -1.483673063481625309e+00
4.232936000000519172e+00 -1.483949918579029248e+00
4.222353660000520037e+00 -1.484227719696978864e+00
4.211771320000520902e+00 -1.484506476853946655e+00
4.201188980000521767e+00 -1.484786175717861978e+00
4.190606640000522631e+00 -1.485066772061602869e+00
4.180024300000523496e+00 -1.485348399668404484e+00
4.169441960000524361e+00 -1.485630920637355690e+00
4.158859620000525226e+00 -1.485914382566629444e+00
4.148277280000526090e+00 -1.486198776251254516e+00
4.137694940000526955e+00 -1.486484100519814611e+00
4.127112600000527820e+00 -1.486770354069259836e+00
4.116530260000528685e+00 -1.487057537181570854e+00
4.105947920000529550e+00 -1.487345643513092952e+00
4.095365580000530414e+00 -1.487634664077543967e+00
4.084783240000531279e+00 -1.487924603099686882e+00
4.074200900000532144e+00 -1.488215449649546995e+00
4.063618560000533009e+00 -1.488507203299755721e+00
4.053036220000533874e+00 -1.488799886553887841e+00
4.042453880000534738e+00 -1.489093434728262944e+00
4.031871540000535603e+00 -1.489387872917607103e+00
4.021289200000536468e+00 -1.489683203664469824e+00
4.010706860000537333e+00 -1.489979406496265257e+00
4.000124520000538197e+00 -1.490276484146964231e+00
3.989542180000539062e+00 -1.490574434628626044e+00
3.978959840000539927e+00 -1.490873242818822719e+00
3.968377500000540792e+00 -1.491172884464118997e+00
3.957795160000541657e+00 -1.491473379948277334e+00
3.947212820000542521e+00 -1.491774714719544814e+00
3.936630480000543386e+00 -1.492076871029548668e+00
3.926048140000544251e+00 -1.492379795228994777e+00
3.915465800000545116e+00 -1.492683600563765367e+00
3.904883460000545981e+00 -1.492988205038231486e+00
3.894301120000546845e+00 -1.493293567921853082e+00
3.883718780000547710e+00 -1.493599709155733146e+00
3.873136440000548575e+00 -1.493906622998536493e+00
3.862554100000549440e+00 -1.494214280243848503e+00
3.851971760000550304e+00 -1.494522682639324085e+00
3.841389420000551169e+00 -1.494831816303552552e+00
3.830807080000552034e+00 -1.495141675388311109e+00
3.820224740000552899e+00 -1.495452181848103024e+00
3.809642400000553764e+00 -1.495763452117622627e+00
3.799060060000554628e+00 -1.496075363712962236e+00
3.788477720000555493e+00 -1.496387929309825449e+00
3.777895380000556358e+00 -1.496701148374563584e+00
3.767313040000557223e+00 -1.497014997359374044e+00
3.756730700000558087e+00 -1.497329466584165658e+00
3.746148360000558952e+00 -1.497644458819490154e+00
3.735566020000559817e+00 -1.497960043516872952e+00
3.724983680000560682e+00 -1.498276232171945832e+00
3.714401340000561547e+00 -1.498592913216958644e+00
3.703819000000562411e+00 -1.498910172260005558e+00
3.693236660000563276e+00 -1.499227840176539761e+00
3.682654320000564141e+00 -1.499546055978026482e+00
3.672071980000565006e+00 -1.499864682993327536e+00
3.661489640000565871e+00 -1.500183720165090495e+00
3.650907300000566735e+00 -1.500503176389374804e+00
3.640324960000567600e+00 -1.500823014242801623e+00
3.629742620000568465e+00 -1.501143276528573711e+00
3.619160280000569330e+00 -1.501463724579613412e+00
3.608577940000570194e+00 -1.501784517500137417e+00
3.597995600000571059e+00 -1.502105602658216466e+00
3.587413260000571924e+00 -1.502426938205950080e+00
3.576830920000572789e+00 -1.502748494125541567e+00
3.566248580000573654e+00 -1.503070234617614576e+00
3.555666240000574518e+00 -1.503392136337547980e+00
3.545083900000575383e+00 -1.503714139187154908e+00
3.534501560000576248e+00 -1.504036252325433365e+00
3.523919220000577113e+00 -1.504358417065862596e+00
3.513336880000577978e+00 -1.504680642018500158e+00
3.502754540000578842e+00 -1.505002776888688887e+00
3.492172200000579707e+00 -1.505324916843026051e+00
3.481589860000580572e+00 -1.505646973232455998e+00
3.471007520000581437e+00 -1.505968902090049300e+00
3.460425180000582301e+00 -1.506290672067316372e+00
3.449842840000583166e+00 -1.506612236418261030e+00
3.439260500000584031e+00 -1.506933581823544976e+00
3.428678160000584896e+00 -1.507254586271902452e+00
3.418095820000585761e+00 -1.507575311616167424e+00
3.407513480000586625e+00 -1.507895659100094043e+00
3.396931140000587490e+00 -1.508215604903008877e+00
3.386348800000588355e+00 -1.508535018823863094e+00
3.375766460000589220e+00 -1.508853978465644952e+00
3.365184120000590084e+00 -1.509172374257409688e+00
3.354601780000590949e+00 -1.509490158210012423e+00
3.344019440000591814e+00 -1.509807317915315306e+00
3.333437100000592679e+00 -1.510123732250812312e+00
3.322854760000593544e+00 -1.510439384806313123e+00
3.312272420000594408e+00 -1.510754218697151430e+00
3.301690080000595273e+00 -1.511068181485909045e+00
3.291107740000596138e+00 -1.511381159206255820e+00
3.280525400000597003e+00 -1.511693229988698484e+00
3.269943060000597868e+00 -1.512004237732894385e+00
3.259360720000598732e+00 -1.512314124222804868e+00
3.248778380000599597e+00 -1.512622835416237876e+00
3.238196040000600462e+00 -1.512930315467287956e+00
3.227613700000601327e+00 -1.513236484769428403e+00
3.217031360000602191e+00 -1.513541329260140511e+00
3.206449020000603056e+00 -1.513844720022787582e+00
3.195866680000603921e+00 -1.514146608379529413e+00
3.185284340000604786e+00 -1.514446989415116906e+00
3.174702000000605651e+00 -1.514745611482397170e+00
3.164119660000606515e+00 -1.515042575603183783e+00
3.153537320000607380e+00 -1.515337758706091220e+00
3.142954980000608245e+00 -1.515631064015750429e+00
3.132372640000609110e+00 -1.515922438910382919e+00
3.121790300000609975e+00 -1.516211788807833472e+00
3.111207960000610839e+00 -1.516499039739416466e+00
3.100625620000611704e+00 -1.516784104954802093e+00
3.090043280000612569e+00 -1.517066901456382233e+00
3.079460940000613434e+00 -1.517347344923636321e+00
3.068878600000614298e+00 -1.517625344664274012e+00
3.058296260000615163e+00 -1.517900819567203463e+00
3.047713920000616028e+00 -1.518173668332777559e+00
3.037131580000616893e+00 -1.518443814766559763e+00
3.026549240000617758e+00 -1.518711142962230198e+00
3.015966900000618622e+00 -1.518975578677218108e+00
3.005384560000619487e+00 -1.519236999420780609e+00
2.994802220000620352e+00 -1.519495356688021603e+00
2.984219880000621217e+00 -1.519750474970955612e+00
2.973637540000622081e+00 -1.520002288683790503e+00
2.963055200000622946e+00 -1.520250693068187164e+00
2.952472860000623811e+00 -1.520495564964927659e+00
2.941890520000624676e+00 -1.520736813680489297e+00
2.931308180000625541e+00 -1.520974312542692664e+00
2.920725840000626405e+00 -1.521207957122264531e+00
2.910143500000627270e+00 -1.521437620195852825e+00
2.899561160000628135e+00 -1.521663177034795034e+00
2.888978820000629000e+00 -1.521884579916253477e+00
2.878396480000629865e+00 -1.522101504339358868e+00
2.867814140000630729e+00 -1.522314084971395420e+00
2.857231800000631594e+00 -1.522522036724514694e+00
2.846649460000632459e+00 -1.522725254627379066e+00
2.836067120000633324e+00 -1.522923591543838162e+00
2.825484780000634188e+00 -1.523116952195440632e+00
2.814902440000635053e+00 -1.523305161966836740e+00
2.804320100000635918e+00 -1.523488075706811440e+00
2.793737760000636783e+00 -1.523665594318081684e+00
2.783155420000637648e+00 -1.523837491481257134e+00
2.772573080000638512e+00 -1.524003695251876067e+00
2.761990740000639377e+00 -1.524163991243636218e+00
2.751408400000640242e+00 -1.524318252404806895e+00
2.740826060000641107e+00 -1.524466295147896666e+00
2.730243720000641972e+00 -1.524607980383654748e+00
2.719661380000642836e+00 -1.524743123101141240e+00
2.709079040000643701e+00 -1.524871543018845310e+00
2.698496700000644566e+00 -1.524993088463352686e+00
2.687914360000645431e+00 -1.525107561122536204e+00
2.677332020000646295e+00 -1.525214809354436207e+00
2.666749680000647160e+00 -1.525314560531803476e+00
2.656167340000648025e+00 -1.525406678569084962e+00
2.645585000000648890e+00 -1.525491016767755337e+00
2.635002660000649755e+00 -1.525567315618941544e+00
2.624420320000650619e+00 -1.525635357190587627e+00
2.613837980000651484e+00 -1.525694947285633818e+00
2.603255640000652349e+00 -1.525745902449324953e+00
2.592673300000653214e+00 -1.525787935803114781e+00
2.582090960000654078e+00 -1.525820909198584818e+00
2.571508620000654943e+00 -1.525844506187899796e+00
2.560926280000655808e+00 -1.525858558730932124e+00
2.550343940000656673e+00 -1.525862803509616450e+00
2.539761600000657538e+00 -1.525856982845709142e+00
2.529179260000658402e+00 -1.525840848046228881e+00
2.518596920000659267e+00 -1.525814163913204791e+00
2.508014580000660132e+00 -1.525776654457760451e+00
2.497432240000660997e+00 -1.525728005873487003e+00
2.486849900000661862e+00 -1.525668035445956860e+00
2.476267560000662726e+00 -1.525596385670657362e+00
2.465685220000663591e+00 -1.525512778426642901e+00
2.455102880000664456e+00 -1.525416936015510760e+00
2.444520540000665321e+00 -1.525308536700879181e+00
2.433938200000666185e+00 -1.525187304309149061e+00
2.423355860000667050e+00 -1.525052865082619169e+00
2.412773520000667915e+00 -1.524904944390835126e+00
2.402191180000668780e+00 -1.524743214734424424e+00
2.391608840000669645e+00 -1.524567322843874528e+00
2.381026500000670509e+00 -1.524376856566535654e+00
2.370444160000671374e+00 -1.524171394808613300e+00
2.359861820000672239e+00 -1.523950954324268414e+00
2.349279480000673104e+00 -1.523714749262674806e+00
2.338697140000673969e+00 -1.523462574857458174e+00
2.328114800000674833e+00 -1.523193988182768965e+00
2.317532460000675698e+00 -1.522908587735400943e+00
2.306950120000676563e+00 -1.522605953305220750e+00
2.296367780000677428e+00 -1.522285745538958679e+00
2.285785440000678292e+00 -1.521947490651119672e+00
2.275203100000679157e+00 -1.521590644645617107e+00
2.264620760000680022e+00 -1.521214898949423855e+00
2.254038420000680887e+00 -1.520819691835940457e+00
2.243456080000681752e+00 -1.520404615751533628e+00
2.232873740000682616e+00 -1.519969135891719558e+00
2.222291400000683481e+00 -1.507308639291468300e+00
2.211709060000684346e+00 -1.508549332708522206e+00
2.201126720000685211e+00 -1.509773635916017653e+00
2.190544380000686076e+00 -1.510980821185552214e+00
2.179962040000686940e+00 -1.512170518797469665e+00
2.169379700000687805e+00 -1.513341841033410962e+00
2.158797360000688670e+00 -1.514494335666037861e+00
2.148215020000689535e+00 -1.515627179247855505e+00
2.137632680000690399e+00 -1.516739952812525383e+00
2.127050340000691264e+00 -1.517831612417182008e+00
2.116468000000692129e+00 -1.518901843790624540e+00
2.105885660000692994e+00 -1.519949791440412312e+00
2.095303320000693859e+00 -1.520974554473964124e+00
2.084720980000694723e+00 -1.521975761253582027e+00
2.074138640000695588e+00 -1.522952416959148403e+00
2.063556300000696453e+00 -1.523903850344017208e+00
2.052973960000697318e+00 -1.524829290932216530e+00
2.042391620000698182e+00 -1.525728050483854403e+00
2.031809280000699047e+00 -1.526598995424183425e+00
2.021226940000699912e+00 -1.527441840637652648e+00
2.010644600000700777e+00 -1.528255432917366319e+00
2.000062260000701642e+00 -1.529038810033917395e+00
1.989479920000702506e+00 -1.529791476696502617e+00
1.978897580000703371e+00 -1.530512301699435307e+00
1.968315240000704236e+00 -1.531200462976592958e+00
1.957732900000705101e+00 -1.531855008795900641e+00
1.947150560000705966e+00 -1.532475246093946808e+00
1.936568220000706830e+00 -1.533059926011405949e+00
1.925985880000707695e+00 -1.533608149852555558e+00
1.915403540000708560e+00 -1.534119077062844116e+00
1.904821200000709425e+00 -1.534591447553836252e+00
1.894238860000710289e+00 -1.535024608176893901e+00
1.883656520000711154e+00 -1.535417132159385911e+00
1.873074180000712019e+00 -1.535768077633547835e+00
1.862491840000712884e+00 -1.536076377849887820e+00
1.851909500000713749e+00 -1.536340957256401962e+00
1.841327160000714613e+00 -1.536560633753575988e+00
1.830744820000715478e+00 -1.536734092944814112e+00
1.820162480000716343e+00 -1.536860217297546738e+00
1.809580140000717208e+00 -1.536937773793085826e+00
1.798997800000718073e+00 -1.536965631622728701e+00
1.788415460000718937e+00 -1.536942074041696582e+00
1.777833120000719802e+00 -1.536866235194601416e+00
1.767250780000720667e+00 -1.536736426602369088e+00
1.756668440000721532e+00 -1.536551332469381803e+00
1.746086100000722396e+00 -1.536309692935677207e+00
1.735503760000723261e+00 -1.536009635303362320e+00
1.724921420000724126e+00 -1.535649824939258945e+00
1.714339080000724991e+00 -1.535228704886587137e+00
1.703756740000725856e+00 -1.534744748325484132e+00
1.693174400000726720e+00 -1.534195938071738263e+00
1.682592060000727585e+00 -1.533580983141875631e+00
1.672009720000728450e+00 -1.532897904366001596e+00
1.661427380000729315e+00 -1.532144658103003820e+00
1.650845040000730179e+00 -1.531319876556723081e+00
1.640262700000731044e+00 -1.530421168106243845e+00
1.629680360000731909e+00 -1.529446649462357977e+00
1.619098020000732774e+00 -1.528394357495933553e+00
1.608515680000733639e+00 -1.527262274314449719e+00
1.597933340000734503e+00 -1.526047665962897870e+00
1.587351000000735368e+00 -1.524748916811340393e+00
1.576768660000736233e+00 -1.523363342904180184e+00
1.566186320000737098e+00 -1.521888347178672163e+00
1.555603980000737963e+00 -1.520321975476037313e+00
1.545021640000738827e+00 -1.518661173110112728e+00
1.534439300000739692e+00 -1.516903335992142887e+00
1.523856960000740557e+00 -1.515045862851718939e+00
1.513274620000741422e+00 -1.513085923955205470e+00
1.502692280000742286e+00 -1.511020127912179767e+00
1.492109940000743151e+00 -1.508846019438586650e+00
1.481527600000744016e+00 -1.506560144587581584e+00
1.470945260000744881e+00 -1.504158900603836280e+00
1.460362920000745746e+00 -1.501639551428341157e+00
1.449780580000746610e+00 -1.498998112119990678e+00
1.439198240000747475e+00 -1.496230941597780584e+00
1.428615900000748340e+00 -1.493334524281444420e+00
1.418033560000749205e+00 -1.490304936796645663e+00
1.407451220000750070e+00 -1.487137740674931985e+00
1.396868880000750934e+00 -1.483829131738127804e+00
1.386286540000751799e+00 -1.480374731224069818e+00
1.375704200000752664e+00 -1.476769537708037650e+00
1.365121860000753529e+00 -1.473009606667426530e+00
1.354539520000754393e+00 -1.469089575109256973e+00
1.343957180000755258e+00 -1.465004335096132371e+00
1.333374840000756123e+00 -1.460748997479556888e+00
1.322792500000756988e+00 -1.456318019348816994e+00
1.312210160000757853e+00 -1.451705376518568791e+00
1.301627820000758717e+00 -1.446905661224528572e+00
1.291045480000759582e+00 -1.441912333923530465e+00
1.280463140000760447e+00 -1.436719495187132933e+00
1.269880800000761312e+00 -1.431320376040972064e+00
1.259298460000762176e+00 -1.425707635286260766e+00
1.248716120000763041e+00 -1.419874899560093828e+00
1.238133780000763906e+00 -1.413814256241524570e+00
1.227551440000764771e+00 -1.407517393153306484e+00
1.216969100000765636e+00 -1.400977465856168669e+00
1.206386760000766500e+00 -1.394185380237894734e+00
1.195804420000767365e+00 -1.387132051936509347e+00
1.185222080000768230e+00 -1.379808971664004513e+00
1.174639740000769095e+00 -1.372206259580176058e+00
1.164057400000769960e+00 -1.364313527653137958e+00
1.153475060000770824e+00 -1.356121203392456565e+00
1.142892720000771689e+00 -1.347617975990255346e+00
1.132310380000772554e+00 -1.338792004950997594e+00
1.121728040000773419e+00 -1.329632308288951181e+00
1.111145700000774283e+00 -1.320126101115050021e+00
1.100563360000775148e+00 -1.310259911665750954e+00
1.089981020000776013e+00 -1.300021119943336245e+00
1.079398680000776878e+00 -1.289394924827312439e+00
1.068816340000777743e+00 -1.278366192342715646e+00
1.058234000000778607e+00 -1.266920295323455292e+00
