1.058234000000000030e+01 -1.214377112186519447e+00
1.057175766000000117e+01 -1.214438496433784431e+00
1.056117532000000203e+01 -1.214500010638208005e+00
1.055059298000000290e+01 -1.214561647619008422e+00
1.054001064000000376e+01 -1.214623408268778793e+00
1.052942830000000463e+01 -1.214685297528353525e+00
1.051884596000000549e+01 -1.214747310226875765e+00
1.050826362000000636e+01 -1.214809451320725486e+00
1.049768128000000722e+01 -1.214871718027815906e+00
1.048709894000000808e+01 -1.214934114196106307e+00
1.047651660000000895e+01 -1.214996634631723804e+00
1.046593426000000981e+01 -1.215059288182589015e+00
1.045535192000001068e+01 -1.215122068175459091e+00
1.044476958000001154e+01 -1.215184975315708238e+00
1.043418724000001241e+01 -1.215248014750321737e+00
1.042360490000001327e+01 -1.215311181005329644e+00
1.041302256000001414e+01 -1.215374479243561900e+00
1.040244022000001500e+01 -1.215437912188618075e+00
1.039185788000001587e+01 -1.215501470138175444e+00
1.038127554000001673e+01 -1.215565158457607486e+00
1.037069320000001760e+01 -1.215628983532711427e+00
1.036011086000001846e+01 -1.215692938671723677e+00
1.034952852000001933e+01 -1.215757024568217215e+00
1.033894618000002019e+01 -1.215821246472863493e+00
1.032836384000002106e+01 -1.215885598817005198e+00
1.031778150000002192e+01 -1.215950084015228860e+00
1.030719916000002279e+01 -1.216014710337753435e+00
1.029661682000002365e+01 -1.216079465484179112e+00
1.028603448000002452e+01 -1.216144358762478728e+00
1.027545214000002538e+01 -1.216209384550369643e+00
1.026486980000002625e+01 -1.216274548174171244e+00
1.025428746000002711e+01 -1.216339846822558135e+00
1.024370512000002797e+01 -1.216405284295392075e+00
1.023312278000002884e+01 -1.216470856484691776e+00
1.022254044000002970e+01 -1.216536569413414703e+00
1.021195810000003057e+01 -1.216602419294486204e+00
1.020137576000003143e+01 -1.216668405825981347e+00
1.019079342000003230e+01 -1.216734534424502634e+00
1.018021108000003316e+01 -1.216800799370239661e+00
1.016962874000003403e+01 -1.216867206098838361e+00
1.015904640000003489e+01 -1.216933751787484974e+00
1.014846406000003576e+01 -1.217000440216829071e+00
1.013788172000003662e+01 -1.217067266345860599e+00
1.012729938000003749e+01 -1.217134239176778543e+00
1.011671704000003835e+01 -1.217201351969507295e+00
1.010613470000003922e+01 -1.217268605387241243e+00
1.009555236000004008e+01 -1.217336004960718698e+00
1.008497002000004095e+01 -1.217403544868235210e+00
1.007438768000004181e+01 -1.217471230658268455e+00
1.006380534000004268e+01 -1.217539059496538290e+00
1.005322300000004354e+01 -1.217607038374520112e+00
1.004264066000004441e+01 -1.217675155844167856e+00
1.003205832000004527e+01 -1.217743424177969880e+00
1.002147598000004614e+01 -1.217811836616638832e+00
1.001089364000004700e+01 -1.217880393811412221e+00
1.000031130000004786e+01 -1.217949101408868806e+00
9.989728960000048730e+00 -1.218017953483815363e+00
9.979146620000049595e+00 -1.218086955701127572e+00
9.968564280000050459e+00 -1.218156105215080665e+00
9.957981940000051324e+00 -1.218225405767273450e+00
9.947399600000052189e+00 -1.218294852411418550e+00
9.936817260000053054e+00 -1.218364454245479456e+00
9.926234920000053918e+00 -1.218434204490572936e+00
9.915652580000054783e+00 -1.218504103786121284e+00
9.905070240000055648e+00 -1.218574157898286048e+00
9.894487900000056513e+00 -1.218644360795630543e+00
9.883905560000057378e+00 -1.218714718263314456e+00
9.873323220000058242e+00 -1.218785230032070732e+00
9.862740880000059107e+00 -1.218855892059858226e+00
9.852158540000059972e+00 -1.218926707214264660e+00
9.841576200000060837e+00 -1.218997682055799503e+00
9.830993860000061701e+00 -1.219068809785950780e+00
9.820411520000062566e+00 -1.219140091032271833e+00
9.809829180000063431e+00 -1.219211531684402772e+00
9.799246840000064296e+00 -1.219283125602028228e+00
9.788664500000065161e+00 -1.219354875720261910e+00
9.778082160000066025e+00 -1.219426790697525353e+00
9.767499820000066890e+00 -1.219498857499432987e+00
9.756917480000067755e+00 -1.219571086335681009e+00
9.746335140000068620e+00 -1.219643471004203228e+00
9.735752800000069485e+00 -1.219716017484994808e+00
9.725170460000070349e+00 -1.219788722903231148e+00
9.714588120000071214e+00 -1.219861590949512520e+00
9.704005780000072079e+00 -1.219934617698356760e+00
9.693423440000072944e+00 -1.220007813192057977e+00
9.682841100000073808e+00 -1.220081166318468302e+00
9.672258760000074673e+00 -1.220154680268906500e+00
9.661676420000075538e+00 -1.220228361133327555e+00
9.651094080000076403e+00 -1.220302202596251995e+00
9.640511740000077268e+00 -1.220376210768356007e+00
9.629929400000078132e+00 -1.220450382763539343e+00
9.619347060000078997e+00 -1.220524722252195104e+00
9.608764720000079862e+00 -1.220599224474603117e+00
9.598182380000080727e+00 -1.220673898717167472e+00
9.587600040000081592e+00 -1.220748738130427835e+00
9.577017700000082456e+00 -1.220823743311907350e+00
9.566435360000083321e+00 -1.220898920485950390e+00
9.555853020000084186e+00 -1.220974263220612199e+00
9.545270680000085051e+00 -1.221049777761597399e+00
9.534688340000085915e+00 -1.221125461211834962e+00
9.524106000000086780e+00 -1.221201317221195737e+00
9.513523660000087645e+00 -1.221277341087150470e+00
9.502941320000088510e+00 -1.221353542153801541e+00
9.492358980000089375e+00 -1.221429913551480340e+00
9.481776640000090239e+00 -1.221506455866161689e+00
9.471194300000091104e+00 -1.221583175461145476e+00
9.460611960000091969e+00 -1.221660065784936133e+00
9.450029620000092834e+00 -1.221737133222992711e+00
9.439447280000093699e+00 -1.221814374867244313e+00
9.428864940000094563e+00 -1.221891794347090832e+00
9.418282600000095428e+00 -1.221969387019360198e+00
9.407700260000096293e+00 -1.222047162288078193e+00
9.397117920000097158e+00 -1.222125113263327734e+00
9.386535580000098022e+00 -1.222203240519660339e+00
9.375953240000098887e+00 -1.222281550564116470e+00
9.365370900000099752e+00 -1.222360036722478061e+00
9.354788560000100617e+00 -1.222438705524814706e+00
9.344206220000101482e+00 -1.222517560488677102e+00
9.333623880000102346e+00 -1.222596589671259615e+00
9.323041540000103211e+00 -1.222675800293637538e+00
9.312459200000104076e+00 -1.222755199134922144e+00
9.301876860000104941e+00 -1.222834779284708739e+00
9.291294520000105805e+00 -1.222914541306336922e+00
9.280712180000106670e+00 -1.222994491855678101e+00
9.270129840000107535e+00 -1.223074624132482802e+00
9.259547500000108400e+00 -1.223154941699281295e+00
9.248965160000109265e+00 -1.223235453685326712e+00
9.238382820000110129e+00 -1.223316146205645216e+00
9.227800480000110994e+00 -1.223397030546990782e+00
9.217218140000111859e+00 -1.223478099837558286e+00
9.206635800000112724e+00 -1.223559360842526811e+00
9.196053460000113589e+00 -1.223640810626690056e+00
9.185471120000114453e+00 -1.223722452766530466e+00
9.174888780000115318e+00 -1.223804283565838702e+00
9.164306440000116183e+00 -1.223886310240607012e+00
9.153724100000117048e+00 -1.223968528201137662e+00
9.143141760000117912e+00 -1.224050937209559597e+00
9.132559420000118777e+00 -1.224133544163849674e+00
9.121977080000119642e+00 -1.224216342060777896e+00
9.111394740000120507e+00 -1.224299337823590017e+00
9.100812400000121372e+00 -1.224382528506902768e+00
9.090230060000122236e+00 -1.224465917666524462e+00
9.079647720000123101e+00 -1.224549500890298681e+00
9.069065380000123966e+00 -1.224633287815883431e+00
9.058483040000124831e+00 -1.224717271480572522e+00
9.047900700000125696e+00 -1.224801452420049452e+00
9.037318360000126560e+00 -1.224885837695112834e+00
9.026736020000127425e+00 -1.224970420167563745e+00
9.016153680000128290e+00 -1.225055206924432039e+00
9.005571340000129155e+00 -1.225140195010474775e+00
8.994989000000130019e+00 -1.225225392012547765e+00
8.984406660000130884e+00 -1.225310785495844934e+00
8.973824320000131749e+00 -1.225396389212034309e+00
8.963241980000132614e+00 -1.225482196178025118e+00
8.952659640000133479e+00 -1.225568206919162462e+00
8.942077300000134343e+00 -1.225654428665131190e+00
8.931494960000135208e+00 -1.225740854138883451e+00
8.920912620000136073e+00 -1.225827490597318103e+00
8.910330280000136938e+00 -1.225914335075797279e+00
8.899747940000137802e+00 -1.226001391088549664e+00
8.889165600000138667e+00 -1.226088654368868491e+00
8.878583260000139532e+00 -1.226176134701429721e+00
8.868000920000140397e+00 -1.226263825082643644e+00
8.857418580000141262e+00 -1.226351726028036104e+00
8.846836240000142126e+00 -1.226439844942246671e+00
8.836253900000142991e+00 -1.226528174405769445e+00
8.825671560000143856e+00 -1.226616721851597758e+00
8.815089220000144721e+00 -1.226705487111848569e+00
8.804506880000145586e+00 -1.226794465262767808e+00
8.793924540000146450e+00 -1.226883660532412490e+00
8.783342200000147315e+00 -1.226973079977879522e+00
8.772759860000148180e+00 -1.227062716575302304e+00
8.762177520000149045e+00 -1.227152570830727596e+00
8.751595180000149909e+00 -1.227242650330483187e+00
8.741012840000150774e+00 -1.227332947508528171e+00
8.730430500000151639e+00 -1.227423469980586379e+00
8.719848160000152504e+00 -1.227514217594043666e+00
8.709265820000153369e+00 -1.227605185333405347e+00
8.698683480000154233e+00 -1.227696382500110150e+00
8.688101140000155098e+00 -1.227787801444907290e+00
8.677518800000155963e+00 -1.227879449888072072e+00
8.666936460000156828e+00 -1.227971324843002865e+00
8.656354120000157693e+00 -1.228063429771361958e+00
8.645771780000158557e+00 -1.228155761269739132e+00
8.635189440000159422e+00 -1.228248331757411993e+00
8.624607100000160287e+00 -1.228341127358601348e+00
8.614024760000161152e+00 -1.228434152299846094e+00
8.603442420000162016e+00 -1.228527414463959522e+00
8.592860080000162881e+00 -1.228620906048746297e+00
8.582277740000163746e+00 -1.228714634968339769e+00
8.571695400000164611e+00 -1.228808598228471771e+00
8.561113060000165476e+00 -1.228902799270614743e+00
8.550530720000166340e+00 -1.228997234119053594e+00
8.539948380000167205e+00 -1.229091912852572577e+00
8.529366040000168070e+00 -1.229186828396378495e+00
8.518783700000168935e+00 -1.229281981234670251e+00
8.508201360000169799e+00 -1.229377379450455887e+00
8.497619020000170664e+00 -1.229473015084151521e+00
8.487036680000171529e+00 -1.229568896251314492e+00
8.476454340000172394e+00 -1.229665019950745064e+00
8.465872000000173259e+00 -1.229761389603974964e+00
8.455289660000174123e+00 -1.229858001325633943e+00
8.444707320000174988e+00 -1.229954865285727950e+00
8.434124980000175853e+00 -1.230051974390071301e+00
8.423542640000176718e+00 -1.230149329115524548e+00
8.412960300000177583e+00 -1.230246937753032954e+00
8.402377960000178447e+00 -1.230344792181317759e+00
8.391795620000179312e+00 -1.230442900725266409e+00
8.381213280000180177e+00 -1.230541260377590929e+00
8.370630940000181042e+00 -1.230639874540119028e+00
8.360048600000181906e+00 -1.230738739421960659e+00
8.349466260000182771e+00 -1.230837865288647137e+00
8.338883920000183636e+00 -1.230937245026944016e+00
8.328301580000184501e+00 -1.231036879107081372e+00
8.317719240000185366e+00 -1.231136776036424907e+00
8.307136900000186230e+00 -1.231236927527252778e+00
8.296554560000187095e+00 -1.231337342122309941e+00
8.285972220000187960e+00 -1.231438024548668686e+00
8.275389880000188825e+00 -1.231538959773743835e+00
8.264807540000189690e+00 -1.231640155305542716e+00
8.254225200000190554e+00 -1.231741620679847493e+00
8.243642860000191419e+00 -1.231843356952208479e+00
8.233060520000192284e+00 -1.231945345154873639e+00
8.222478180000193149e+00 -1.232047618364803032e+00
8.211895840000194013e+00 -1.232150142341919219e+00
8.201313500000194878e+00 -1.232252949967056477e+00
8.190731160000195743e+00 -1.232356035697887542e+00
8.180148820000196608e+00 -1.232459376839046383e+00
8.169566480000197473e+00 -1.232563006798519822e+00
8.158984140000198337e+00 -1.232666891351843041e+00
8.148401800000199202e+00 -1.232771062835367859e+00
8.137819460000200067e+00 -1.232875519395137287e+00
8.127237120000200932e+00 -1.232980217903765441e+00
8.116654780000201796e+00 -1.233085240208213529e+00
8.106072440000202661e+00 -1.233190513106942943e+00
8.095490100000203526e+00 -1.233296079311810622e+00
8.084907760000204391e+00 -1.233401918215448978e+00
8.074325420000205256e+00 -1.233508032518180864e+00
8.063743080000206120e+00 -1.233614417013102038e+00
8.053160740000206985e+00 -1.233721120703032748e+00
8.042578400000207850e+00 -1.233828121377002596e+00
8.031996060000208715e+00 -1.233935387960862773e+00
8.021413720000209580e+00 -1.234042937184331112e+00
8.010831380000210444e+00 -1.234150788347993410e+00
8.000249040000211309e+00 -1.234258924952257530e+00
7.989666700000212174e+00 -1.234367352145782526e+00
7.979084360000213039e+00 -1.234476075352268110e+00
7.968502020000213903e+00 -1.234585089689913096e+00
7.957919680000214768e+00 -1.234694402036118133e+00
7.947337340000215633e+00 -1.234804009203195774e+00
7.936755000000216498e+00 -1.234913917542877604e+00
7.926172660000217363e+00 -1.235024121602286584e+00
7.915590320000218227e+00 -1.235134635807158654e+00
7.905007980000219092e+00 -1.235245442831147678e+00
7.894425640000219957e+00 -1.235356554235621518e+00
7.883843300000220822e+00 -1.235467970467265308e+00
7.873260960000221687e+00 -1.235579689447399598e+00
7.862678620000222551e+00 -1.235691718496088942e+00
7.852096280000223416e+00 -1.235804055590329797e+00
7.841513940000224281e+00 -1.235916703964265784e+00
7.830931600000225146e+00 -1.236029653479146839e+00
7.820349260000226010e+00 -1.236142929613685659e+00
7.809766920000226875e+00 -1.236256512371110894e+00
7.799184580000227740e+00 -1.236370406477222739e+00
7.788602240000228605e+00 -1.236484621824756269e+00
7.778019900000229470e+00 -1.236599145362279106e+00
7.767437560000230334e+00 -1.236713994376413828e+00
7.756855220000231199e+00 -1.236829169467009493e+00
7.746272880000232064e+00 -1.236944652297395919e+00
7.735690540000232929e+00 -1.237060461743310080e+00
7.725108200000233794e+00 -1.237176600776170643e+00
7.714525860000234658e+00 -1.237293063027610440e+00
7.703943520000235523e+00 -1.237409853733602239e+00
7.693361180000236388e+00 -1.237526973186049206e+00
7.682778840000237253e+00 -1.237644416735786068e+00
7.672196500000238117e+00 -1.237762186756463656e+00
7.661614160000238982e+00 -1.237880300986453408e+00
7.651031820000239847e+00 -1.237998747609098338e+00
7.640449480000240712e+00 -1.238117528991759864e+00
7.629867140000241577e+00 -1.238236641506714752e+00
7.619284800000242441e+00 -1.238356095549017155e+00
7.608702460000243306e+00 -1.238475881863799088e+00
7.598120120000244171e+00 -1.238596014823294178e+00
7.587537780000245036e+00 -1.238716488191910381e+00
7.576955440000245900e+00 -1.238837325239561471e+00
7.566373100000246765e+00 -1.238958491887916402e+00
7.555790760000247630e+00 -1.239080002032244332e+00
7.545208420000248495e+00 -1.239201866327952040e+00
7.534626080000249360e+00 -1.239324074965234557e+00
7.524043740000250224e+00 -1.239446628406284834e+00
7.513461400000251089e+00 -1.239569544841588877e+00
7.502879060000251954e+00 -1.239692825486183203e+00
7.492296720000252819e+00 -1.239816445253086874e+00
7.481714380000253684e+00 -1.239940425018570602e+00
7.471132040000254548e+00 -1.240064769206480122e+00
7.460549700000255413e+00 -1.240189483805567372e+00
7.449967360000256278e+00 -1.240314554159751337e+00
7.439385020000257143e+00 -1.240439968622130795e+00
7.428802680000258007e+00 -1.240565780815781283e+00
7.418220340000258872e+00 -1.240691930904541662e+00
7.407638000000259737e+00 -1.240818463168811947e+00
7.397055660000260602e+00 -1.240945376403412626e+00
7.386473320000261467e+00 -1.241072642844644802e+00
7.375890980000262331e+00 -1.241200311562934422e+00
7.365308640000263196e+00 -1.241328334907561004e+00
7.354726300000264061e+00 -1.241456741570111655e+00
7.344143960000264926e+00 -1.241585500934416109e+00
7.333561620000265791e+00 -1.241714685534504037e+00
7.322979280000266655e+00 -1.241844210297806006e+00
7.312396940000267520e+00 -1.241974161800255327e+00
7.301814600000268385e+00 -1.242104470900097235e+00
7.291232260000269250e+00 -1.242235157152914438e+00
7.280649920000270114e+00 -1.242366276227840682e+00
7.270067580000270979e+00 -1.242497757964750038e+00
7.259485240000271844e+00 -1.242629610924512296e+00
7.248902900000272709e+00 -1.242761879513984091e+00
7.238320560000273574e+00 -1.242894548572344604e+00
7.227738220000274438e+00 -1.243027624853787261e+00
7.217155880000275303e+00 -1.243161088969501282e+00
7.206573540000276168e+00 -1.243294985297758393e+00
7.195991200000277033e+00 -1.243429267279317463e+00
7.185408860000277897e+00 -1.243563948860578305e+00
7.174826520000278762e+00 -1.243699034465921782e+00
7.164244180000279627e+00 -1.243834496381105659e+00
7.153661840000280492e+00 -1.243970443289716510e+00
7.143079500000281357e+00 -1.244106760087994923e+00
7.132497160000282221e+00 -1.244243510715775214e+00
7.121914820000283086e+00 -1.244380618237604486e+00
7.111332480000283951e+00 -1.244518244561684917e+00
7.100750140000284816e+00 -1.244656189453153150e+00
7.090167800000285681e+00 -1.244794610034298588e+00
7.079585460000286545e+00 -1.244933456240475023e+00
7.069003120000287410e+00 -1.245072728213166391e+00
7.058420780000288275e+00 -1.245212485820982984e+00
7.047838440000289140e+00 -1.245352625402568414e+00
7.037256100000290004e+00 -1.245493196297545735e+00
7.026673760000290869e+00 -1.245634199038362588e+00
7.016091420000291734e+00 -1.245775646339681408e+00
7.005509080000292599e+00 -1.245917527186757523e+00
6.994926740000293464e+00 -1.246059854368509967e+00
6.984344400000294328e+00 -1.246202628827697501e+00
6.973762060000295193e+00 -1.246345842632336387e+00
6.963179720000296058e+00 -1.246489501682621404e+00
6.952597380000296923e+00 -1.246633626069980183e+00
6.942015040000297788e+00 -1.246778197296717128e+00
6.931432700000298652e+00 -1.246923219824536577e+00
6.920850360000299517e+00 -1.247068706817759720e+00
6.910268020000300382e+00 -1.247214647039050828e+00
6.899685680000301247e+00 -1.247361053732672920e+00
6.889103340000302111e+00 -1.247507927883448442e+00
6.878521000000302976e+00 -1.247655268682464014e+00
6.867938660000303841e+00 -1.247803068219270006e+00
6.857356320000304706e+00 -1.247951353782688733e+00
6.846773980000305571e+00 -1.248100107000125858e+00
6.836191640000306435e+00 -1.248249332372773468e+00
6.825609300000307300e+00 -1.248399043546290610e+00
6.815026960000308165e+00 -1.248549229062059229e+00
6.804444620000309030e+00 -1.248699902652380400e+00
6.793862280000309894e+00 -1.248851065357387657e+00
6.783279940000310759e+00 -1.249002709453204352e+00
6.772697600000311624e+00 -1.249154841301033825e+00
6.762115260000312489e+00 -1.249307481408224341e+00
6.751532920000313354e+00 -1.249460611537477117e+00
6.740950580000314218e+00 -1.249614236246020971e+00
6.730368240000315083e+00 -1.249768369696696135e+00
6.719785900000315948e+00 -1.249923000212828983e+00
6.709203560000316813e+00 -1.250078142051611607e+00
6.698621220000317678e+00 -1.250233796227969263e+00
6.688038880000318542e+00 -1.250389955436653100e+00
6.677456540000319407e+00 -1.250546626016151519e+00
6.666874200000320272e+00 -1.250703828824325070e+00
6.656291860000321137e+00 -1.250861545774207828e+00
6.645709520000322001e+00 -1.251019781497675121e+00
6.635127180000322866e+00 -1.251178550715350113e+00
6.624544840000323731e+00 -1.251337841537996765e+00
6.613962500000324596e+00 -1.251497660647128196e+00
6.603380160000325461e+00 -1.251658042847995311e+00
6.592797820000326325e+00 -1.251818938491207733e+00
6.582215480000327190e+00 -1.251980382280974302e+00
6.571633140000328055e+00 -1.252142362215116878e+00
6.561050800000328920e+00 -1.252304893454131651e+00
6.550468460000329785e+00 -1.252467977269537958e+00
6.539886120000330649e+00 -1.252631606287691879e+00
6.529303780000331514e+00 -1.252795791117359503e+00
6.518721440000332379e+00 -1.252960550414232044e+00
6.508139100000333244e+00 -1.253125861095604865e+00
6.497556760000334108e+00 -1.253291732317227902e+00
6.486974420000334973e+00 -1.253458179763872415e+00
6.476392080000335838e+00 -1.253625191235673064e+00
6.465809740000336703e+00 -1.253792782537253014e+00
6.455227400000337568e+00 -1.253960955069157057e+00
6.444645060000338432e+00 -1.254129701645164019e+00
6.434062720000339297e+00 -1.254299029745755245e+00
6.423480380000340162e+00 -1.254468960977178638e+00
6.412898040000341027e+00 -1.254639477706596562e+00
6.402315700000341891e+00 -1.254810594040194571e+00
6.391733360000342756e+00 -1.254982308596407359e+00
6.381151020000343621e+00 -1.255154617618491564e+00
6.370568680000344486e+00 -1.255327537615755995e+00
6.359986340000345351e+00 -1.255501070138211217e+00
6.349404000000346215e+00 -1.255675208251916919e+00
6.338821660000347080e+00 -1.255849959823158279e+00
6.328239320000347945e+00 -1.256025346843462343e+00
6.317656980000348810e+00 -1.256201351953509349e+00
6.307074640000349675e+00 -1.256377980259017590e+00
6.296492300000350539e+00 -1.256555248891890297e+00
6.285909960000351404e+00 -1.256733145303514210e+00
6.275327620000352269e+00 -1.256911686773407366e+00
6.264745280000353134e+00 -1.257090875040093314e+00
6.254162940000353998e+00 -1.257270703438963411e+00
6.243580600000354863e+00 -1.257451180286163428e+00
6.232998260000355728e+00 -1.257632328026015323e+00
6.222415920000356593e+00 -1.257814129589961638e+00
6.211833580000357458e+00 -1.257996590287786542e+00
6.201251240000358322e+00 -1.258179728080806692e+00
6.190668900000359187e+00 -1.258363530275790065e+00
6.180086560000360052e+00 -1.258548014998819742e+00
6.169504220000360917e+00 -1.258733193426490926e+00
6.158921880000361782e+00 -1.258919040460833694e+00
6.148339540000362646e+00 -1.259105574824283647e+00
6.137757200000363511e+00 -1.259292819113330353e+00
6.127174860000364376e+00 -1.259480756602058715e+00
6.116592520000365241e+00 -1.259669392843599578e+00
6.106010180000366105e+00 -1.259858746712797517e+00
6.095427840000366970e+00 -1.260048805398091165e+00
6.084845500000367835e+00 -1.260239587958672525e+00
6.074263160000368700e+00 -1.260431097082117091e+00
6.063680820000369565e+00 -1.260623325428116948e+00
6.053098480000370429e+00 -1.260816295743646398e+00
6.042516140000371294e+00 -1.261009995164444675e+00
6.031933800000372159e+00 -1.261204443309837053e+00
6.021351460000373024e+00 -1.261399643592795439e+00
6.010769120000373889e+00 -1.261595588320013839e+00
6.000186780000374753e+00 -1.261792291158823742e+00
5.989604440000375618e+00 -1.261989767080884395e+00
5.979022100000376483e+00 -1.262188008934706396e+00
5.968439760000377348e+00 -1.262387019769259489e+00
5.957857420000378212e+00 -1.262586820075041638e+00
5.947275080000379077e+00 -1.262787396920210803e+00
5.936692740000379942e+00 -1.262988771015834288e+00
5.926110400000380807e+00 -1.263190945099892382e+00
5.915528060000381672e+00 -1.263393913931522894e+00
5.904945720000382536e+00 -1.263597687941751646e+00
5.894363380000383401e+00 -1.263802291714075210e+00
5.883781040000384266e+00 -1.264007709702650750e+00
5.873198700000385131e+00 -1.264213948292683742e+00
5.862616360000385995e+00 -1.264421029157527965e+00
5.852034020000386860e+00 -1.264628939336329694e+00
5.841451680000387725e+00 -1.264837700750551797e+00
5.830869340000388590e+00 -1.265047317587587816e+00
5.820287000000389455e+00 -1.265257793416813881e+00
5.809704660000390319e+00 -1.265469130678871901e+00
5.799122320000391184e+00 -1.265681344169726330e+00
5.788539980000392049e+00 -1.265894429049364556e+00
5.777957640000392914e+00 -1.266108392123524107e+00
5.767375300000393779e+00 -1.266323256381473916e+00
5.756792960000394643e+00 -1.266539008880549932e+00
5.746210620000395508e+00 -1.266755672889777307e+00
5.735628280000396373e+00 -1.266973251990429983e+00
5.725045940000397238e+00 -1.267191742201349225e+00
5.714463600000398102e+00 -1.267411155594062588e+00
5.703881260000398967e+00 -1.267631518412973834e+00
5.693298920000399832e+00 -1.267852816451176201e+00
5.682716580000400697e+00 -1.268075056992934435e+00
5.672134240000401562e+00 -1.268298265763355470e+00
5.661551900000402426e+00 -1.268522427407049014e+00
5.650969560000403291e+00 -1.268747569195801006e+00
5.640387220000404156e+00 -1.268973693704539940e+00
5.629804880000405021e+00 -1.269200795943847826e+00
5.619222540000405886e+00 -1.269428891990493247e+00
5.608640200000406750e+00 -1.269658008055227771e+00
5.598057860000407615e+00 -1.269888130777186541e+00
5.587475520000408480e+00 -1.270119267979686217e+00
5.576893180000409345e+00 -1.270351445736442653e+00
5.566310840000410209e+00 -1.270584651290045608e+00
5.555728500000411074e+00 -1.270818920743338465e+00
5.545146160000411939e+00 -1.271054230905478866e+00
5.534563820000412804e+00 -1.271290605035232391e+00
5.523981480000413669e+00 -1.271528064357742238e+00
5.513399140000414533e+00 -1.271766596206890698e+00
5.502816800000415398e+00 -1.272006228015178486e+00
5.492234460000416263e+00 -1.272246964792189461e+00
5.481652120000417128e+00 -1.272488804855674172e+00
5.471069780000417992e+00 -1.272731765187721908e+00
5.460487440000418857e+00 -1.272975879884572281e+00
5.449905100000419722e+00 -1.273221120371619719e+00
5.439322760000420587e+00 -1.273467504916079518e+00
5.428740420000421452e+00 -1.273715062486580507e+00
5.418158080000422316e+00 -1.273963780628778242e+00
5.407575740000423181e+00 -1.274213688738424555e+00
5.396993400000424046e+00 -1.274464792499292898e+00
5.386411060000424911e+00 -1.274717091390911827e+00
5.375828720000425776e+00 -1.274970601463818243e+00
5.365246380000426640e+00 -1.275225352983765381e+00
5.354664040000427505e+00 -1.275481335402580463e+00
5.344081700000428370e+00 -1.275738558216994889e+00
5.333499360000429235e+00 -1.275997052524913355e+00
5.322917020000430099e+00 -1.276256806147591405e+00
5.312334680000430964e+00 -1.276517850663268616e+00
5.301752340000431829e+00 -1.276780192495162058e+00
5.291170000000432694e+00 -1.277043832461586703e+00
5.280587660000433559e+00 -1.277308788023182595e+00
5.270005320000434423e+00 -1.277575090868838137e+00
5.259422980000435288e+00 -1.277842731861055459e+00
5.248840640000436153e+00 -1.278111721266133038e+00
5.238258300000437018e+00 -1.278382092547775795e+00
5.227675960000437883e+00 -1.278653833869088707e+00
5.217093620000438747e+00 -1.278926979233518946e+00
5.206511280000439612e+00 -1.279201535867109829e+00
5.195928940000440477e+00 -1.279477506125139774e+00
5.185346600000441342e+00 -1.279754909021936227e+00
5.174764260000442206e+00 -1.280033777813343265e+00
5.164181920000443071e+00 -1.280314104978890422e+00
5.153599580000443936e+00 -1.280595901616441878e+00
5.143017240000444801e+00 -1.280879203816180256e+00
5.132434900000445666e+00 -1.281164000151482574e+00
5.121852560000446530e+00 -1.281450327318371274e+00
5.111270220000447395e+00 -1.281738209462787603e+00
5.100687880000448260e+00 -1.282027616509048729e+00
5.090105540000449125e+00 -1.282318589463515179e+00
5.079523200000449989e+00 -1.282611161148139445e+00
5.068940860000450854e+00 -1.282905325889621695e+00
5.058358520000451719e+00 -1.283201095675343684e+00
5.047776180000452584e+00 -1.283498509509237051e+00
5.037193840000453449e+00 -1.283797556444548738e+00
5.026611500000454313e+00 -1.284098287551609152e+00
5.016029160000455178e+00 -1.284400680130968420e+00
5.005446820000456043e+00 -1.284704767100464107e+00
4.994864480000456908e+00 -1.285010582037444005e+00
4.984282140000457773e+00 -1.285318114292063330e+00
4.973699800000458637e+00 -1.285627405344346830e+00
4.963117460000459502e+00 -1.285938464735764342e+00
4.952535120000460367e+00 -1.286251299813439219e+00
4.941952780000461232e+00 -1.286565935066404265e+00
4.931370440000462096e+00 -1.286882406083787345e+00
4.920788100000462961e+00 -1.287200712966065863e+00
4.910205760000463826e+00 -1.287520868392363793e+00
4.899623420000464691e+00 -1.287842916537025317e+00
4.889041080000465556e+00 -1.288166847338936938e+00
4.878458740000466420e+00 -1.288492705781454584e+00
4.867876400000467285e+00 -1.288820502398270840e+00
4.857294060000468150e+00 -1.289150246979363867e+00
4.846711720000469015e+00 -1.289481965351217285e+00
4.836129380000469880e+00 -1.289815697625618540e+00
4.825547040000470744e+00 -1.290151444082287435e+00
4.814964700000471609e+00 -1.290489219200721127e+00
4.804382360000472474e+00 -1.290829070936542422e+00
4.793800020000473339e+00 -1.291170989885346732e+00
4.783217680000474203e+00 -1.291515024906507936e+00
4.772635340000475068e+00 -1.291861187559682378e+00
4.762053000000475933e+00 -1.292209507306189664e+00
4.751470660000476798e+00 -1.292559978575393398e+00
4.740888320000477663e+00 -1.292912660598018126e+00
4.730305980000478527e+00 -1.293267556547070152e+00
4.719723640000479392e+00 -1.293624681934853360e+00
4.709141300000480257e+00 -1.293984088895037354e+00
4.698558960000481122e+00 -1.294345768744110003e+00
4.687976620000481986e+00 -1.294709774623546528e+00
4.677394280000482851e+00 -1.295076119137080983e+00
4.666811940000483716e+00 -1.295444817958329775e+00
4.656229600000484581e+00 -1.295815901711902862e+00
4.645647260000485446e+00 -1.296189415326038707e+00
4.635064920000486310e+00 -1.296565373017224410e+00
4.624482580000487175e+00 -1.296943776445053542e+00
4.613900240000488040e+00 -1.297324689516929253e+00
4.603317900000488905e+00 -1.297708104330717038e+00
4.592735560000489770e+00 -1.298094078753357250e+00
4.582153220000490634e+00 -1.298482630899739476e+00
4.571570880000491499e+00 -1.298873766560725951e+00
4.560988540000492364e+00 -1.299267532430158356e+00
4.550406200000493229e+00 -1.299663971650288241e+00
4.539823860000494093e+00 -1.300063094321698198e+00
4.529241520000494958e+00 -1.300464918025517891e+00
4.518659180000495823e+00 -1.300869504578182401e+00
4.508076840000496688e+00 -1.301276846899433348e+00
4.497494500000497553e+00 -1.301687021701752656e+00
4.486912160000498417e+00 -1.302100007787226010e+00
4.476329820000499282e+00 -1.302515853930369394e+00
4.465747480000500147e+00 -1.302934615237529847e+00
4.455165140000501012e+00 -1.303356285094782185e+00
4.444582800000501877e+00 -1.303780929659518639e+00
4.434000460000502741e+00 -1.304208566585308704e+00
4.423418120000503606e+00 -1.304639213971237499e+00
4.412835780000504471e+00 -1.305072914850831101e+00
4.402253440000505336e+00 -1.305509746583879638e+00
4.391671100000506200e+00 -1.305949676941620563e+00
4.381088760000507065e+00 -1.306392748267222181e+00
4.370506420000507930e+00 -1.306839031236898707e+00
4.359924080000508795e+00 -1.307288520068851101e+00
4.349341740000509660e+00 -1.307741286885808707e+00
4.338759400000510524e+00 -1.308197350395429170e+00
4.328177060000511389e+00 -1.308656732735336670e+00
4.317594720000512254e+00 -1.309119480012639558e+00
4.307012380000513119e+00 -1.309585652808622935e+00
4.296430040000513984e+00 -1.310055264470913583e+00
4.285847700000514848e+00 -1.310528337504853535e+00
4.275265360000515713e+00 -1.311004948918364388e+00
4.264683020000516578e+00 -1.311485093700417437e+00
4.254100680000517443e+00 -1.311968850438465228e+00
4.243518340000518307e+00 -1.312456238714007961e+00
4.232936000000519172e+00 -1.312947285092035177e+00
4.222353660000520037e+00 -1.313442040102525077e+00
4.211771320000520902e+00 -1.313940566179434111e+00
4.201188980000521767e+00 -1.314442882057955453e+00
4.190606640000522631e+00 -1.314949010959271192e+00
4.180024300000523496e+00 -1.315459036695860062e+00
4.169441960000524361e+00 -1.315972954880364032e+00
4.158859620000525226e+00 -1.316490851030784226e+00
4.148277280000526090e+00 -1.317012745300414567e+00
4.137694940000526955e+00 -1.317538669034329146e+00
4.127112600000527820e+00 -1.318068675428075265e+00
4.116530260000528685e+00 -1.318602832117546697e+00
4.105947920000529550e+00 -1.319141161948120811e+00
4.095365580000530414e+00 -1.319683688462312876e+00
4.084783240000531279e+00 -1.320230502684654139e+00
4.074200900000532144e+00 -1.320781600566324432e+00
4.063618560000533009e+00 -1.321337074947198209e+00
4.053036220000533874e+00 -1.321896979515986059e+00
4.042453880000534738e+00 -1.322461284411814875e+00
4.031871540000535603e+00 -1.323030079280618443e+00
4.021289200000536468e+00 -1.323603434932022926e+00
4.010706860000537333e+00 -1.324181379366782929e+00
4.000124520000538197e+00 -1.324763935845766349e+00
3.989542180000539062e+00 -1.325351202895941327e+00
3.978959840000539927e+00 -1.325943176333961526e+00
3.968377500000540792e+00 -1.326539976599128146e+00
3.957795160000541657e+00 -1.327141570301962448e+00
3.947212820000542521e+00 -1.327748037910581935e+00
3.936630480000543386e+00 -1.328359464020917091e+00
3.926048140000544251e+00 -1.328975850326558295e+00
3.915465800000545116e+00 -1.329597289645506608e+00
3.904883460000545981e+00 -1.330223806446440005e+00
3.894301120000546845e+00 -1.330855445181932994e+00
3.883718780000547710e+00 -1.331492262449192054e+00
3.873136440000548575e+00 -1.332134346885240683e+00
3.862554100000549440e+00 -1.332781721213831982e+00
3.851971760000550304e+00 -1.333434410764131828e+00
3.841389420000551169e+00 -1.334092525806524154e+00
3.830807080000552034e+00 -1.334756060318425863e+00
3.820224740000552899e+00 -1.335425126484386382e+00
3.809642400000553764e+00 -1.336099740619874465e+00
3.799060060000554628e+00 -1.336779952103601676e+00
3.788477720000555493e+00 -1.337465831112463643e+00
3.777895380000556358e+00 -1.338157432507345534e+00
3.767313040000557223e+00 -1.338854819209948754e+00
3.756730700000558087e+00 -1.339558001309963498e+00
3.746148360000558952e+00 -1.340267096173229477e+00
3.735566020000559817e+00 -1.340982094931756574e+00
3.724983680000560682e+00 -1.341703116771012505e+00
3.714401340000561547e+00 -1.342430179753987707e+00
3.703819000000562411e+00 -1.343163355375927237e+00
3.693236660000563276e+00 -1.343902653252067925e+00
3.682654320000564141e+00 -1.344648180078942934e+00
3.672071980000565006e+00 -1.345399980779681037e+00
3.661489640000565871e+00 -1.346158067161081329e+00
3.650907300000566735e+00 -1.346922562771326826e+00
3.640324960000567600e+00 -1.347693453957586440e+00
3.629742620000568465e+00 -1.348470865875664337e+00
3.619160280000569330e+00 -1.349254817838655640e+00
3.608577940000570194e+00 -1.350045324170751293e+00
3.597995600000571059e+00 -1.350842474924931036e+00
3.587413260000571924e+00 -1.351646372822383535e+00
3.576830920000572789e+00 -1.352457023578721218e+00
3.566248580000573654e+00 -1.353274444420810019e+00
3.555666240000574518e+00 -1.354098763529941074e+00
3.545083900000575383e+00 -1.354929959842368303e+00
3.534501560000576248e+00 -1.355768162785069508e+00
3.523919220000577113e+00 -1.356613381503724236e+00
3.513336880000577978e+00 -1.357465631777825532e+00
3.502754540000578842e+00 -1.358324999948302025e+00
3.492172200000579707e+00 -1.359191581081023337e+00
3.481589860000580572e+00 -1.360065384268847044e+00
3.471007520000581437e+00 -1.360946413482482242e+00
3.460425180000582301e+00 -1.361834799196103951e+00
3.449842840000583166e+00 -1.362730509495384545e+00
3.439260500000584031e+00 -1.363633687378329684e+00
3.428678160000584896e+00 -1.364544294293808857e+00
3.418095820000585761e+00 -1.365462373803004059e+00
3.407513480000586625e+00 -1.366388039873693394e+00
3.396931140000587490e+00 -1.367321252738896709e+00
3.386348800000588355e+00 -1.368262143103087691e+00
3.375766460000589220e+00 -1.369210672986046928e+00
3.365184120000590084e+00 -1.370166922383809771e+00
3.354601780000590949e+00 -1.371130893648536686e+00
3.344019440000591814e+00 -1.372102740995856163e+00
3.333437100000592679e+00 -1.373082368478691473e+00
3.322854760000593544e+00 -1.374069799911863843e+00
3.312272420000594408e+00 -1.375065162409512265e+00
3.301690080000595273e+00 -1.376068398120352754e+00
3.291107740000596138e+00 -1.377079633577388718e+00
3.280525400000597003e+00 -1.378098807448624674e+00
3.269943060000597868e+00 -1.379125993135925210e+00
3.259360720000598732e+00 -1.380161199336953359e+00
3.248778380000599597e+00 -1.381204445924796742e+00
3.238196040000600462e+00 -1.382255793282039846e+00
3.227613700000601327e+00 -1.383315167536115942e+00
3.217031360000602191e+00 -1.384382687464283501e+00
3.206449020000603056e+00 -1.385458271128326757e+00
3.195866680000603921e+00 -1.386542035571667775e+00
3.185284340000604786e+00 -1.387633888854316933e+00
3.174702000000605651e+00 -1.388733891697492506e+00
3.164119660000606515e+00 -1.389842032941717376e+00
3.153537320000607380e+00 -1.390958302243904487e+00
3.142954980000608245e+00 -1.392082751227787352e+00
3.132372640000609110e+00 -1.393215269250762001e+00
3.121790300000609975e+00 -1.394355960347323675e+00
3.111207960000610839e+00 -1.395504711315288082e+00
3.100625620000611704e+00 -1.396661622995883478e+00
3.090043280000612569e+00 -1.397826570690538173e+00
3.079460940000613434e+00 -1.398999578785838471e+00
3.068878600000614298e+00 -1.400180616434270942e+00
3.058296260000615163e+00 -1.401369650351162566e+00
3.047713920000616028e+00 -1.402566698474047024e+00
3.037131580000616893e+00 -1.403771607032670454e+00
3.026549240000617758e+00 -1.404984458963587368e+00
3.015966900000618622e+00 -1.406205101276250646e+00
3.005384560000619487e+00 -1.407433610214806841e+00
2.994802220000620352e+00 -1.408669904221386382e+00
2.984219880000621217e+00 -1.409913764616245402e+00
2.973637540000622081e+00 -1.411165274727027796e+00
2.963055200000622946e+00 -1.412424327986110173e+00
2.952472860000623811e+00 -1.413690912584926185e+00
2.941890520000624676e+00 -1.414964817455059087e+00
2.931308180000625541e+00 -1.416246093526974725e+00
2.920725840000626405e+00 -1.417534537747254797e+00
2.910143500000627270e+00 -1.418830145109794660e+00
2.899561160000628135e+00 -1.420132852616107222e+00
2.888978820000629000e+00 -1.421442378366921888e+00
2.878396480000629865e+00 -1.422758771289564850e+00
2.867814140000630729e+00 -1.424081795158720798e+00
2.857231800000631594e+00 -1.425411465647011378e+00
2.846649460000632459e+00 -1.426747506854775027e+00
2.836067120000633324e+00 -1.428089856426168147e+00
2.825484780000634188e+00 -1.429438308318540907e+00
2.814902440000635053e+00 -1.430792808719055786e+00
2.804320100000635918e+00 -1.432153163384048078e+00
2.793737760000636783e+00 -1.433519086905959306e+00
2.783155420000637648e+00 -1.434890548749324424e+00
2.772573080000638512e+00 -1.436267240742713946e+00
2.761990740000639377e+00 -1.437649119345662863e+00
2.751408400000640242e+00 -1.439035829166191105e+00
2.740826060000641107e+00 -1.440427214775555020e+00
2.730243720000641972e+00 -1.441823053952847378e+00
2.719661380000642836e+00 -1.443223113509958244e+00
2.709079040000643701e+00 -1.444627213655460762e+00
2.698496700000644566e+00 -1.446034940073328112e+00
2.687914360000645431e+00 -1.447446184567397820e+00
2.677332020000646295e+00 -1.448860545513113385e+00
2.666749680000647160e+00 -1.450277895713284915e+00
2.656167340000648025e+00 -1.451697753912188471e+00
2.645585000000648890e+00 -1.453119912425685945e+00
2.635002660000649755e+00 -1.454544088653804579e+00
2.624420320000650619e+00 -1.455969772407349483e+00
2.613837980000651484e+00 -1.457396791952059178e+00
2.603255640000652349e+00 -1.458824586640913523e+00
2.592673300000653214e+00 -1.460252935844909450e+00
2.582090960000654078e+00 -1.461681310839112014e+00
2.571508620000654943e+00 -1.463109462062614607e+00
2.560926280000655808e+00 -1.464536757306236225e+00
2.550343940000656673e+00 -1.465962847660851498e+00
2.539761600000657538e+00 -1.467387235850597271e+00
2.529179260000658402e+00 -1.468809400641095220e+00
2.518596920000659267e+00 -1.470228939617228336e+00
2.508014580000660132e+00 -1.471645107223910953e+00
2.497432240000660997e+00 -1.473057511353530469e+00
2.486849900000661862e+00 -1.474465437846418814e+00
2.476267560000662726e+00 -1.475868447541739181e+00
2.465685220000663591e+00 -1.477265725223023018e+00
2.455102880000664456e+00 -1.478656588913361380e+00
2.444520540000665321e+00 -1.480040464670091760e+00
2.433938200000666185e+00 -1.481416458585464113e+00
2.423355860000667050e+00 -1.482784009226731925e+00
2.412773520000667915e+00 -1.484142052173324178e+00
2.402191180000668780e+00 -1.485489911045606126e+00
2.391608840000669645e+00 -1.486826570919281831e+00
2.381026500000670509e+00 -1.488151251873139680e+00
2.370444160000671374e+00 -1.489462823043429474e+00
2.359861820000672239e+00 -1.490760190243965777e+00
2.349279480000673104e+00 -1.492042375300848267e+00
2.338697140000673969e+00 -1.493308094595208857e+00
2.328114800000674833e+00 -1.494556288382699716e+00
2.317532460000675698e+00 -1.495785355874913680e+00
2.306950120000676563e+00 -1.496994146287185856e+00
2.296367780000677428e+00 -1.498180977068260145e+00
2.285785440000678292e+00 -1.499344424684140531e+00
2.275203100000679157e+00 -1.500482674896721269e+00
2.264620760000680022e+00 -1.501593708029713259e+00
2.254038420000680887e+00 -1.502675672797123552e+00
2.243456080000681752e+00 -1.503726263473099012e+00
2.232873740000682616e+00 -1.504743223439823474e+00
2.222291400000683481e+00 -1.505723540308346653e+00
2.211709060000684346e+00 -1.506664464083456556e+00
2.201126720000685211e+00 -1.507562402324273521e+00
2.190544380000686076e+00 -1.508413182109071604e+00
2.179962040000686940e+00 -1.509212259651447896e+00
2.169379700000687805e+00 -1.509953269785976326e+00
2.158797360000688670e+00 -1.510628316447740316e+00
2.148215020000689535e+00 -1.511225352082787188e+00
2.137632680000690399e+00 -1.511721439322475602e+00
