2.243456080000681752e+00 -1.398410877131100571e+00
2.232873740000682616e+00 -1.398518760373873571e+00
2.222291400000683481e+00 -1.398593654822565036e+00
2.211709060000684346e+00 -1.398634575937845126e+00
2.201126720000685211e+00 -1.398641145031872313e+00
2.190544380000686076e+00 -1.398612820774380205e+00
2.179962040000686940e+00 -1.398548865161532540e+00
2.169379700000687805e+00 -1.398448758613417109e+00
2.158797360000688670e+00 -1.398312111603646768e+00
2.148215020000689535e+00 -1.398138148335612341e+00
2.137632680000690399e+00 -1.397926375986692449e+00
2.127050340000691264e+00 -1.397676358339903668e+00
2.116468000000692129e+00 -1.397387268524021842e+00
2.105885660000692994e+00 -1.397058743044088835e+00
2.095303320000693859e+00 -1.396690167844775843e+00
2.084720980000694723e+00 -1.396280749098919305e+00
2.074138640000695588e+00 -1.395829973158833059e+00
2.063556300000696453e+00 -1.395337332624084548e+00
2.052973960000697318e+00 -1.394801968561004690e+00
2.042391620000698182e+00 -1.394223176024543376e+00
2.031809280000699047e+00 -1.393600577618975267e+00
2.021226940000699912e+00 -1.392933115475985861e+00
2.010644600000700777e+00 -1.392220264151692311e+00
2.000062260000701642e+00 -1.391461371664477920e+00
1.989479920000702506e+00 -1.390655411920316498e+00
1.978897580000703371e+00 -1.389801765449747872e+00
1.968315240000704236e+00 -1.388899741062650239e+00
1.957732900000705101e+00 -1.387948330304257460e+00
1.947150560000705966e+00 -1.386946601735087770e+00
1.936568220000706830e+00 -1.385893865326078611e+00
1.925985880000707695e+00 -1.384789224667081209e+00
1.915403540000708560e+00 -1.383631763544979298e+00
1.904821200000709425e+00 -1.382420629584580007e+00
1.894238860000710289e+00 -1.381154495434240514e+00
1.883656520000711154e+00 -1.379832573835608978e+00
1.873074180000712019e+00 -1.378453897800494765e+00
1.862491840000712884e+00 -1.377017144205097132e+00
1.851909500000713749e+00 -1.375521384571120276e+00
1.841327160000714613e+00 -1.373965159319154861e+00
1.830744820000715478e+00 -1.372347539123031757e+00
1.820162480000716343e+00 -1.370667138750351954e+00
1.809580140000717208e+00 -1.368922764144432591e+00
1.798997800000718073e+00 -1.367112752395967190e+00
1.788415460000718937e+00 -1.365236073673956385e+00
1.777833120000719802e+00 -1.363290854825959464e+00
1.767250780000720667e+00 -1.361275726537787500e+00
1.756668440000721532e+00 -1.359189179211723220e+00
1.746086100000722396e+00 -1.357029267796851624e+00
1.735503760000723261e+00 -1.354794476212571430e+00
1.724921420000724126e+00 -1.352482959509422322e+00
1.714339080000724991e+00 -1.350092659586428434e+00
1.703756740000725856e+00 -1.347621526212253951e+00
1.693174400000726720e+00 -1.345067869043253150e+00
1.682592060000727585e+00 -1.342429017096952171e+00
1.672009720000728450e+00 -1.339702938824510969e+00
1.661427380000729315e+00 -1.336887451799863014e+00
1.650845040000730179e+00 -1.333979631150472134e+00
1.640262700000731044e+00 -1.330977314022379066e+00
1.629680360000731909e+00 -1.327877679576617842e+00
1.619098020000732774e+00 -1.324677908127755988e+00
1.608515680000733639e+00 -1.321374950498579004e+00
1.597933340000734503e+00 -1.317966197123877858e+00
1.587351000000735368e+00 -1.314448000548061657e+00
1.576768660000736233e+00 -1.310816967319995641e+00
1.566186320000737098e+00 -1.307070610365058450e+00
1.555603980000737963e+00 -1.303204541512685610e+00
1.545021640000738827e+00 -1.299215549301431905e+00
1.534439300000739692e+00 -1.295099655775230785e+00
1.523856960000740557e+00 -1.290852893102474974e+00
1.513274620000741422e+00 -1.286471027231870234e+00
1.502692280000742286e+00 -1.281950240019071874e+00
1.492109940000743151e+00 -1.277285584037051613e+00
1.481527600000744016e+00 -1.272472873924235470e+00
1.470945260000744881e+00 -1.267507467413916178e+00
1.460362920000745746e+00 -1.262384048750473386e+00
1.449780580000746610e+00 -1.257098003538042352e+00
1.439198240000747475e+00 -1.251643927317525495e+00
1.428615900000748340e+00 -1.246016510787727238e+00
1.418033560000749205e+00 -1.240209873456016298e+00
1.407451220000750070e+00 -1.234218614723020302e+00
1.396868880000750934e+00 -1.228036691126029645e+00
1.386286540000751799e+00 -1.221657725119225990e+00
1.375704200000752664e+00 -1.215075645637496926e+00
1.365121860000753529e+00 -1.208283378397233765e+00
1.354539520000754393e+00 -1.201274657367159771e+00
1.343957180000755258e+00 -1.194042002669121194e+00
1.333374840000756123e+00 -1.186578443761166390e+00
1.322792500000756988e+00 -1.178876122556836492e+00
1.312210160000757853e+00 -1.170927226384519848e+00
1.301627820000758717e+00 -1.162724129806718132e+00
1.291045480000759582e+00 -1.154257985827256583e+00
1.280463140000760447e+00 -1.145520535285833974e+00
1.269880800000761312e+00 -1.136502296961849678e+00
1.259298460000762176e+00 -1.127194648823529821e+00
1.248716120000763041e+00 -1.117587487065015983e+00
1.238133780000763906e+00 -1.107671300737468778e+00
1.227551440000764771e+00 -1.097434569760916245e+00
1.216969100000765636e+00 -1.086868160838893038e+00
1.206386760000766500e+00 -1.075960855041183661e+00
1.195804420000767365e+00 -1.064700447432620489e+00
1.185222080000768230e+00 -1.053075701296781297e+00
1.174639740000769095e+00 -1.041073478628103510e+00
1.164057400000769960e+00 -1.028681814679673900e+00
1.153475060000770824e+00 -1.015886823387912807e+00
1.142892720000771689e+00 -1.002674904090933072e+00
1.132310380000772554e+00 -9.890318486000927445e-01
1.121728040000773419e+00 -9.749421712225999626e-01
1.111145700000774283e+00 -9.603913578156675346e-01
1.100563360000775148e+00 -9.453621646156310510e-01
1.089981020000776013e+00 -9.298388647544685304e-01
1.079398680000776878e+00 -9.138028058881608739e-01
1.068816340000777743e+00 -8.972368171743290155e-01
1.058234000000778607e+00 -8.801213325517271979e-01
