1.058234000000000030e+01 -1.125252551335172324e+00
1.057175766000000117e+01 -1.125329088928103571e+00
1.056117532000000203e+01 -1.125405785358154720e+00
1.055059298000000290e+01 -1.125482635644644347e+00
1.054001064000000376e+01 -1.125559641528373067e+00
1.052942830000000463e+01 -1.125636804059642948e+00
1.051884596000000549e+01 -1.125714123342929529e+00
1.050826362000000636e+01 -1.125791600437073825e+00
1.049768128000000722e+01 -1.125869233402171155e+00
1.048709894000000808e+01 -1.125947028319733700e+00
1.047651660000000895e+01 -1.126024978599864390e+00
1.046593426000000981e+01 -1.126103091682790325e+00
1.045535192000001068e+01 -1.126181363138714087e+00
1.044476958000001154e+01 -1.126259794534580028e+00
1.043418724000001241e+01 -1.126338387062153501e+00
1.042360490000001327e+01 -1.126417140616484236e+00
1.041302256000001414e+01 -1.126496056398115453e+00
1.040244022000001500e+01 -1.126575141576621863e+00
1.039185788000001587e+01 -1.126654382121377029e+00
1.038127554000001673e+01 -1.126733784426125151e+00
1.037069320000001760e+01 -1.126813354012001334e+00
1.036011086000001846e+01 -1.126893086475149630e+00
1.034952852000001933e+01 -1.126972983384323168e+00
1.033894618000002019e+01 -1.127053045968775979e+00
1.032836384000002106e+01 -1.127133274125103224e+00
1.031778150000002192e+01 -1.127213667111878870e+00
1.030719916000002279e+01 -1.127294230873671754e+00
1.029661682000002365e+01 -1.127374959780611086e+00
1.028603448000002452e+01 -1.127455856961053104e+00
1.027545214000002538e+01 -1.127536922312552869e+00
1.026486980000002625e+01 -1.127618157095217732e+00
1.025428746000002711e+01 -1.127699559374131688e+00
1.024370512000002797e+01 -1.127781135298117299e+00
1.023312278000002884e+01 -1.127862879885043856e+00
1.022254044000002970e+01 -1.127944795935685640e+00
1.021195810000003057e+01 -1.128026883774306377e+00
1.020137576000003143e+01 -1.128109143496962119e+00
1.019079342000003230e+01 -1.128191576222900228e+00
1.018021108000003316e+01 -1.128274181937380050e+00
1.016962874000003403e+01 -1.128356961940911951e+00
1.015904640000003489e+01 -1.128439914301039959e+00
1.014846406000003576e+01 -1.128523045195049868e+00
1.013788172000003662e+01 -1.128606348098502465e+00
1.012729938000003749e+01 -1.128689830517338955e+00
1.011671704000003835e+01 -1.128773488119192869e+00
1.010613470000003922e+01 -1.128857322478914682e+00
1.009555236000004008e+01 -1.128941334929054463e+00
1.008497002000004095e+01 -1.129025525371109229e+00
1.007438768000004181e+01 -1.129109895147776488e+00
1.006380534000004268e+01 -1.129194442329496173e+00
1.005322300000004354e+01 -1.129279180795001114e+00
1.004264066000004441e+01 -1.129364088712758063e+00
1.003205832000004527e+01 -1.129449181265180790e+00
1.002147598000004614e+01 -1.129534454150176614e+00
1.001089364000004700e+01 -1.129619908945510787e+00
1.000031130000004786e+01 -1.129705547027295864e+00
9.989728960000048730e+00 -1.129791368299538856e+00
9.979146620000049595e+00 -1.129877374148880786e+00
9.968564280000050459e+00 -1.129963562648977238e+00
9.957981940000051324e+00 -1.130049940037801903e+00
9.947399600000052189e+00 -1.130136499832969044e+00
9.936817260000053054e+00 -1.130223249582761547e+00
9.926234920000053918e+00 -1.130310185016559554e+00
9.915652580000054783e+00 -1.130397307715545807e+00
9.905070240000055648e+00 -1.130484619101371546e+00
9.894487900000056513e+00 -1.130572119080649252e+00
9.883905560000057378e+00 -1.130659809086120848e+00
9.873323220000058242e+00 -1.130747689160983338e+00
9.862740880000059107e+00 -1.130835759677562447e+00
9.852158540000059972e+00 -1.130924020074289604e+00
9.841576200000060837e+00 -1.131012475956098218e+00
9.830993860000061701e+00 -1.131101123085480609e+00
9.820411520000062566e+00 -1.131189963047285918e+00
9.809829180000063431e+00 -1.131278997310734447e+00
9.799246840000064296e+00 -1.131368225785561510e+00
9.788664500000065161e+00 -1.131457647937826660e+00
9.778082160000066025e+00 -1.131547269864686456e+00
9.767499820000066890e+00 -1.131637085910476070e+00
9.756917480000067755e+00 -1.131727099473863962e+00
9.746335140000068620e+00 -1.131817310466421311e+00
9.735752800000069485e+00 -1.131907720396465367e+00
9.725170460000070349e+00 -1.131998327347668809e+00
9.714588120000071214e+00 -1.132089137643913279e+00
9.704005780000072079e+00 -1.132180146393318765e+00
9.693423440000072944e+00 -1.132271364858225660e+00
9.682841100000073808e+00 -1.132362776975491148e+00
9.672258760000074673e+00 -1.132454391033015817e+00
9.661676420000075538e+00 -1.132546208578255609e+00
9.651094080000076403e+00 -1.132638229526457652e+00
9.640511740000077268e+00 -1.132730455437401140e+00
9.629929400000078132e+00 -1.132822884399478980e+00
9.619347060000078997e+00 -1.132915522773033867e+00
9.608764720000079862e+00 -1.133008364161696369e+00
9.598182380000080727e+00 -1.133101416200202660e+00
9.587600040000081592e+00 -1.133194674742477037e+00
9.577017700000082456e+00 -1.133288141385170533e+00
9.566435360000083321e+00 -1.133381817729004482e+00
9.555853020000084186e+00 -1.133475703693234582e+00
9.545270680000085051e+00 -1.133569800891419010e+00
9.534688340000085915e+00 -1.133664107417355016e+00
9.524106000000086780e+00 -1.133758629669443074e+00
9.513523660000087645e+00 -1.133853361278503780e+00
9.502941320000088510e+00 -1.133948309906551710e+00
9.492358980000089375e+00 -1.134043471446306572e+00
9.481776640000090239e+00 -1.134138847500002267e+00
9.471194300000091104e+00 -1.134234439724062682e+00
9.460611960000091969e+00 -1.134330248042244804e+00
9.450029620000092834e+00 -1.134426274124452849e+00
9.439447280000093699e+00 -1.134522516070343823e+00
9.428864940000094563e+00 -1.134618980318295556e+00
9.418282600000095428e+00 -1.134715660527715331e+00
9.407700260000096293e+00 -1.134812564389329648e+00
9.397117920000097158e+00 -1.134909687836581416e+00
9.386535580000098022e+00 -1.135007032477825639e+00
9.375953240000098887e+00 -1.135104600027867949e+00
9.365370900000099752e+00 -1.135202390415378293e+00
9.354788560000100617e+00 -1.135300405369282561e+00
9.344206220000101482e+00 -1.135398653861826812e+00
9.333623880000102346e+00 -1.135497118658335580e+00
9.323041540000103211e+00 -1.135595808299841858e+00
9.312459200000104076e+00 -1.135694728504814677e+00
9.301876860000104941e+00 -1.135793875249295315e+00
9.291294520000105805e+00 -1.135893250148449773e+00
9.280712180000106670e+00 -1.135992854978205902e+00
9.270129840000107535e+00 -1.136092689672765221e+00
9.259547500000108400e+00 -1.136192753965246993e+00
9.248965160000109265e+00 -1.136293054151778836e+00
9.238382820000110129e+00 -1.136393584553546887e+00
9.227800480000110994e+00 -1.136494348914909747e+00
9.217218140000111859e+00 -1.136595347173199322e+00
9.206635800000112724e+00 -1.136696581154803987e+00
9.196053460000113589e+00 -1.136798048977341491e+00
9.185471120000114453e+00 -1.136899757190284355e+00
9.174888780000115318e+00 -1.137001701024412892e+00
9.164306440000116183e+00 -1.137103883778140201e+00
9.153724100000117048e+00 -1.137206305971159015e+00
9.143141760000117912e+00 -1.137308967739536492e+00
9.132559420000118777e+00 -1.137411870960278737e+00
9.121977080000119642e+00 -1.137515015577160060e+00
9.111394740000120507e+00 -1.137618403483019680e+00
9.100812400000121372e+00 -1.137722032803818006e+00
9.090230060000122236e+00 -1.137825910136464724e+00
9.079647720000123101e+00 -1.137930029255158182e+00
9.069065380000123966e+00 -1.138034397966145583e+00
9.058483040000124831e+00 -1.138139012364328906e+00
9.047900700000125696e+00 -1.138243874085488105e+00
9.037318360000126560e+00 -1.138348985075595898e+00
9.026736020000127425e+00 -1.138454345285488056e+00
9.016153680000128290e+00 -1.138559956677795970e+00
9.005571340000129155e+00 -1.138665817387555457e+00
8.994989000000130019e+00 -1.138771943616542881e+00
8.984406660000130884e+00 -1.138878310087506840e+00
8.973824320000131749e+00 -1.138984934176266339e+00
8.963241980000132614e+00 -1.139091812028480089e+00
8.952659640000133479e+00 -1.139198945289426224e+00
8.942077300000134343e+00 -1.139306335977613660e+00
8.931494960000135208e+00 -1.139413984051407702e+00
8.920912620000136073e+00 -1.139521891546787957e+00
8.910330280000136938e+00 -1.139630056608849973e+00
8.899747940000137802e+00 -1.139738485936578005e+00
8.889165600000138667e+00 -1.139847173379122225e+00
8.878583260000139532e+00 -1.139956126818190807e+00
8.868000920000140397e+00 -1.140065342452692310e+00
8.857418580000141262e+00 -1.140174821938450211e+00
8.846836240000142126e+00 -1.140284567369894031e+00
8.836253900000142991e+00 -1.140394578713992857e+00
8.825671560000143856e+00 -1.140504858083576600e+00
8.815089220000144721e+00 -1.140615405683194084e+00
8.804506880000145586e+00 -1.140726222121546396e+00
8.793924540000146450e+00 -1.140837307433823833e+00
8.783342200000147315e+00 -1.140948667494217972e+00
8.772759860000148180e+00 -1.141060298557726504e+00
8.762177520000149045e+00 -1.141172202291630633e+00
8.751595180000149909e+00 -1.141284380870314585e+00
8.741012840000150774e+00 -1.141396834270031579e+00
8.730430500000151639e+00 -1.141509564684388689e+00
8.719848160000152504e+00 -1.141622572339565433e+00
8.709265820000153369e+00 -1.141735857873660276e+00
8.698683480000154233e+00 -1.141849423368771266e+00
8.688101140000155098e+00 -1.141963268806710730e+00
8.677518800000155963e+00 -1.142077396427734204e+00
8.666936460000156828e+00 -1.142191804407324707e+00
8.656354120000157693e+00 -1.142306499590784785e+00
8.645771780000158557e+00 -1.142421477377639327e+00
8.635189440000159422e+00 -1.142536751789973160e+00
8.624607100000160287e+00 -1.142652302814296306e+00
8.614024760000161152e+00 -1.142768141027130646e+00
8.603442420000162016e+00 -1.142884268735421927e+00
8.592860080000162881e+00 -1.143000685931699678e+00
8.582277740000163746e+00 -1.143117394943673037e+00
8.571695400000164611e+00 -1.143234393960663287e+00
8.561113060000165476e+00 -1.143351689890758305e+00
8.550530720000166340e+00 -1.143469276738899865e+00
8.539948380000167205e+00 -1.143587162543539204e+00
8.529366040000168070e+00 -1.143705343716880929e+00
8.518783700000168935e+00 -1.143823821960705533e+00
8.508201360000169799e+00 -1.143942599672879812e+00
8.497619020000170664e+00 -1.144061676857672349e+00
8.487036680000171529e+00 -1.144181055934802238e+00
8.476454340000172394e+00 -1.144300735108766620e+00
8.465872000000173259e+00 -1.144420721353803572e+00
8.455289660000174123e+00 -1.144541008724707654e+00
8.444707320000174988e+00 -1.144661605310012487e+00
8.434124980000175853e+00 -1.144782507589410248e+00
8.423542640000176718e+00 -1.144903717280577382e+00
8.412960300000177583e+00 -1.145025236877018848e+00
8.402377960000178447e+00 -1.145147066395957314e+00
8.391795620000179312e+00 -1.145269208353901558e+00
8.381213280000180177e+00 -1.145391660972065129e+00
8.370630940000181042e+00 -1.145514431294352153e+00
8.360048600000181906e+00 -1.145637513428397369e+00
8.349466260000182771e+00 -1.145760915515877443e+00
8.338883920000183636e+00 -1.145884634107749100e+00
8.328301580000184501e+00 -1.146008670938846841e+00
8.317719240000185366e+00 -1.146133028603684156e+00
8.307136900000186230e+00 -1.146257707133459203e+00
8.296554560000187095e+00 -1.146382709147057088e+00
8.285972220000187960e+00 -1.146508046223015276e+00
8.275389880000188825e+00 -1.146633696721367945e+00
8.264807540000189690e+00 -1.146759672549378273e+00
8.254225200000190554e+00 -1.146885972953461952e+00
8.243642860000191419e+00 -1.147012613782424140e+00
8.233060520000192284e+00 -1.147139572422560372e+00
8.222478180000193149e+00 -1.147266874509820012e+00
8.211895840000194013e+00 -1.147394502966291974e+00
8.201313500000194878e+00 -1.147522465282663440e+00
8.190731160000195743e+00 -1.147650787068446476e+00
8.180148820000196608e+00 -1.147779416256140994e+00
8.169566480000197473e+00 -1.147908403477241324e+00
8.158984140000198337e+00 -1.148037715482763010e+00
8.148401800000199202e+00 -1.148167370225307016e+00
8.137819460000200067e+00 -1.148297387248803592e+00
8.127237120000200932e+00 -1.148427711153254149e+00
8.116654780000201796e+00 -1.148558419181274992e+00
8.106072440000202661e+00 -1.148689446722390706e+00
8.095490100000203526e+00 -1.148820829415908129e+00
8.084907760000204391e+00 -1.148952553578508562e+00
8.074325420000205256e+00 -1.149084641886942260e+00
8.063743080000206120e+00 -1.149217075308276437e+00
8.053160740000206985e+00 -1.149349862936238420e+00
8.042578400000207850e+00 -1.149482975739407831e+00
8.031996060000208715e+00 -1.149616475382317926e+00
8.021413720000209580e+00 -1.149750349649020009e+00
8.010831380000210444e+00 -1.149884544201211334e+00
8.000249040000211309e+00 -1.150019119274533708e+00
7.989666700000212174e+00 -1.150154075242007190e+00
7.979084360000213039e+00 -1.150289376579505030e+00
7.968502020000213903e+00 -1.150425042254275887e+00
7.957919680000214768e+00 -1.150561075300557068e+00
7.947337340000215633e+00 -1.150697449763829372e+00
7.936755000000216498e+00 -1.150834245896264374e+00
7.926172660000217363e+00 -1.150971401346564615e+00
7.915590320000218227e+00 -1.151108912867460532e+00
7.905007980000219092e+00 -1.151246773467348605e+00
7.894425640000219957e+00 -1.151385064043054518e+00
7.883843300000220822e+00 -1.151523674803897723e+00
7.873260960000221687e+00 -1.151662692304739721e+00
7.862678620000222551e+00 -1.151802090897922293e+00
7.852096280000223416e+00 -1.151941867800131414e+00
7.841513940000224281e+00 -1.152082069438820744e+00
7.830931600000225146e+00 -1.152222621222912968e+00
7.820349260000226010e+00 -1.152363555296531450e+00
7.809766920000226875e+00 -1.152504880256950415e+00
7.799184580000227740e+00 -1.152646594121816914e+00
7.788602240000228605e+00 -1.152788700165617630e+00
7.778019900000229470e+00 -1.152931152992869190e+00
7.767437560000230334e+00 -1.153074045077152388e+00
7.756855220000231199e+00 -1.153217382733644270e+00
7.746272880000232064e+00 -1.153361018679434524e+00
7.735690540000232929e+00 -1.153505159951174530e+00
7.725108200000233794e+00 -1.153649590751265164e+00
7.714525860000234658e+00 -1.153794480970453673e+00
7.703943520000235523e+00 -1.153939835613960740e+00
7.693361180000236388e+00 -1.154085539249559478e+00
7.682778840000237253e+00 -1.154231650311994262e+00
7.672196500000238117e+00 -1.154378173935515672e+00
7.661614160000238982e+00 -1.154525034305188491e+00
7.651031820000239847e+00 -1.154672451793422816e+00
7.640449480000240712e+00 -1.154820213852074451e+00
7.629867140000241577e+00 -1.154968392074926298e+00
7.619284800000242441e+00 -1.155116990006492150e+00
7.608702460000243306e+00 -1.155265917230977157e+00
7.598120120000244171e+00 -1.155415357177646651e+00
7.587537780000245036e+00 -1.155565217422463542e+00
7.576955440000245900e+00 -1.155715616217523944e+00
7.566373100000246765e+00 -1.155866334986808130e+00
7.555790760000247630e+00 -1.156017482415503839e+00
7.545208420000248495e+00 -1.156169062175012918e+00
7.534626080000249360e+00 -1.156321074491580614e+00
7.524043740000250224e+00 -1.156473402862443045e+00
7.513461400000251089e+00 -1.156626279725073703e+00
7.502879060000251954e+00 -1.156779732415667450e+00
7.492296720000252819e+00 -1.156933499980125957e+00
7.481714380000253684e+00 -1.157087564858112705e+00
7.471132040000254548e+00 -1.157242212715431151e+00
7.460549700000255413e+00 -1.157397458407594115e+00
7.449967360000256278e+00 -1.157553007264040090e+00
7.439385020000257143e+00 -1.157708841280265633e+00
7.428802680000258007e+00 -1.157865458456968755e+00
7.418220340000258872e+00 -1.158022183408284667e+00
7.407638000000259737e+00 -1.158179543162485947e+00
7.397055660000260602e+00 -1.158337552821445238e+00
7.386473320000261467e+00 -1.158495633039189121e+00
7.375890980000262331e+00 -1.158654579379466476e+00
7.365308640000263196e+00 -1.158813789454000265e+00
7.354726300000264061e+00 -1.158973467380774114e+00
7.344143960000264926e+00 -1.159133379968408040e+00
7.333561620000265791e+00 -1.159294231796601737e+00
7.322979280000266655e+00 -1.159455066961715186e+00
7.312396940000267520e+00 -1.159616889119081895e+00
7.301814600000268385e+00 -1.159778935628113850e+00
7.291232260000269250e+00 -1.159941173833932249e+00
7.280649920000270114e+00 -1.160104462741373688e+00
7.270067580000270979e+00 -1.160267951802645081e+00
7.259485240000271844e+00 -1.160431611078292180e+00
7.248902900000272709e+00 -1.160596062610497414e+00
7.238320560000273574e+00 -1.160761005511365518e+00
7.227738220000274438e+00 -1.160926455391952494e+00
7.217155880000275303e+00 -1.161092384384622145e+00
7.206573540000276168e+00 -1.161259196351646095e+00
7.195991200000277033e+00 -1.161426133937522032e+00
7.185408860000277897e+00 -1.161593576975843867e+00
7.174826520000278762e+00 -1.161761523229950299e+00
7.164244180000279627e+00 -1.161929532489153871e+00
7.153661840000280492e+00 -1.162098939155819632e+00
7.143079500000281357e+00 -1.162268415870676197e+00
7.132497160000282221e+00 -1.162438401945940170e+00
7.121914820000283086e+00 -1.162608389426017741e+00
7.111332480000283951e+00 -1.162779928364289006e+00
7.100750140000284816e+00 -1.162950915908452565e+00
7.090167800000285681e+00 -1.163122962791153903e+00
7.079585460000286545e+00 -1.163295530234330188e+00
7.069003120000287410e+00 -1.163468633244240769e+00
7.058420780000288275e+00 -1.163642905408761807e+00
7.047838440000289140e+00 -1.163817091710743101e+00
7.037256100000290004e+00 -1.163991814198880537e+00
7.026673760000290869e+00 -1.164167073990806767e+00
7.016091420000291734e+00 -1.164342875910735264e+00
7.005509080000292599e+00 -1.164519220484093065e+00
6.994926740000293464e+00 -1.164696112593988531e+00
6.984344400000294328e+00 -1.164873546382500846e+00
6.973762060000295193e+00 -1.165051544764126756e+00
6.963179720000296058e+00 -1.165230093918809828e+00
6.952597380000296923e+00 -1.165409193851399960e+00
6.942015040000297788e+00 -1.165588857198619710e+00
6.931432700000298652e+00 -1.165769081599744128e+00
6.920850360000299517e+00 -1.165949872145619848e+00
6.910268020000300382e+00 -1.166131229445291906e+00
6.899685680000301247e+00 -1.166313158653539350e+00
6.889103340000302111e+00 -1.166495653861167048e+00
6.878521000000302976e+00 -1.166678754852732869e+00
6.867938660000303841e+00 -1.166862415314230184e+00
6.857356320000304706e+00 -1.167046651306380411e+00
6.846773980000305571e+00 -1.167231476120287992e+00
6.836191640000306435e+00 -1.167416887356211852e+00
6.825609300000307300e+00 -1.167602890395557758e+00
6.815026960000308165e+00 -1.167789485944577876e+00
6.804444620000309030e+00 -1.167976679454582722e+00
6.793862280000309894e+00 -1.168164464973955097e+00
6.783279940000310759e+00 -1.168352866778488597e+00
6.772697600000311624e+00 -1.168541870808369021e+00
6.762115260000312489e+00 -1.168731476862784113e+00
6.751532920000313354e+00 -1.168921698933455655e+00
6.740950580000314218e+00 -1.169112534589904051e+00
6.730368240000315083e+00 -1.169303989531609300e+00
6.719785900000315948e+00 -1.169496064577994376e+00
6.709203560000316813e+00 -1.169688765505135120e+00
6.698621220000317678e+00 -1.169882093915325605e+00
6.688038880000318542e+00 -1.170076052073090400e+00
6.677456540000319407e+00 -1.170270648571556382e+00
6.666874200000320272e+00 -1.170465875528512445e+00
6.656291860000321137e+00 -1.170661747686403853e+00
6.645709520000322001e+00 -1.170858262595206867e+00
6.635127180000322866e+00 -1.171055426303519553e+00
6.624544840000323731e+00 -1.171253239762809484e+00
6.613962500000324596e+00 -1.171451711898507275e+00
6.603380160000325461e+00 -1.171650849522721360e+00
6.592797820000326325e+00 -1.171850637468807577e+00
6.582215480000327190e+00 -1.172051091623271368e+00
6.571633140000328055e+00 -1.172252213022986211e+00
6.561050800000328920e+00 -1.172454008016775573e+00
6.550468460000329785e+00 -1.172656470602936096e+00
6.539886120000330649e+00 -1.172859627066359156e+00
6.529303780000331514e+00 -1.173063458666794734e+00
6.518721440000332379e+00 -1.173267996352712395e+00
6.508139100000333244e+00 -1.173473206800921265e+00
6.497556760000334108e+00 -1.173679109985951374e+00
6.486974420000334973e+00 -1.173885712574872953e+00
6.476392080000335838e+00 -1.174093015773995496e+00
6.465809740000336703e+00 -1.174301026348493870e+00
6.455227400000337568e+00 -1.174509738306495521e+00
6.444645060000338432e+00 -1.174719178820576637e+00
6.434062720000339297e+00 -1.174929333530440267e+00
6.423480380000340162e+00 -1.175140201952566965e+00
6.412898040000341027e+00 -1.175351801011913278e+00
6.402315700000341891e+00 -1.175564128286619825e+00
6.391733360000342756e+00 -1.175777190894901958e+00
6.381151020000343621e+00 -1.175990990240963985e+00
6.370568680000344486e+00 -1.176205533551046623e+00
6.359986340000345351e+00 -1.176420814864888476e+00
6.349404000000346215e+00 -1.176636862310113774e+00
6.338821660000347080e+00 -1.176853661482396562e+00
6.328239320000347945e+00 -1.177071211854686439e+00
6.317656980000348810e+00 -1.177289531325405481e+00
6.307074640000349675e+00 -1.177508617522256662e+00
6.296492300000350539e+00 -1.177728478062522122e+00
6.285909960000351404e+00 -1.177949114582063306e+00
6.275327620000352269e+00 -1.178170534818673509e+00
6.264745280000353134e+00 -1.178392732869806725e+00
6.254162940000353998e+00 -1.178615737893245807e+00
6.243580600000354863e+00 -1.178839535465242783e+00
6.232998260000355728e+00 -1.179064125038767452e+00
6.222415920000356593e+00 -1.179289525564031216e+00
6.211833580000357458e+00 -1.179515734746591660e+00
6.201251240000358322e+00 -1.179742760758685005e+00
6.190668900000359187e+00 -1.179970605506078352e+00
6.180086560000360052e+00 -1.180199277295001625e+00
6.169504220000360917e+00 -1.180428799289512831e+00
6.158921880000361782e+00 -1.180659135048242492e+00
6.148339540000362646e+00 -1.180890316718575361e+00
6.137757200000363511e+00 -1.181122334935244655e+00
6.127174860000364376e+00 -1.181355209786947746e+00
6.116592520000365241e+00 -1.181588939090226553e+00
6.106010180000366105e+00 -1.181823531634915048e+00
6.095427840000366970e+00 -1.182058989640428326e+00
6.084845500000367835e+00 -1.182295322045513464e+00
6.074263160000368700e+00 -1.182532532250628154e+00
6.063680820000369565e+00 -1.182770624460579345e+00
6.053098480000370429e+00 -1.183009607576479327e+00
6.042516140000371294e+00 -1.183249484013094266e+00
6.031933800000372159e+00 -1.183490263091059758e+00
6.021351460000373024e+00 -1.183731940662683835e+00
6.010769120000373889e+00 -1.183974546101245418e+00
6.000186780000374753e+00 -1.184218060643408954e+00
5.989604440000375618e+00 -1.184462501234386567e+00
5.979022100000376483e+00 -1.184707872526016503e+00
5.968439760000377348e+00 -1.184954178387318313e+00
5.957857420000378212e+00 -1.185201428711186944e+00
5.947275080000379077e+00 -1.185449626306764204e+00
5.936692740000379942e+00 -1.185698781242640720e+00
5.926110400000380807e+00 -1.185948888105409882e+00
5.915528060000381672e+00 -1.186199980454274439e+00
5.904945720000382536e+00 -1.186452044067636269e+00
5.894363380000383401e+00 -1.186705078594280094e+00
5.883781040000384266e+00 -1.186959107490173304e+00
5.873198700000385131e+00 -1.187214129045015776e+00
5.862616360000385995e+00 -1.187470153964353958e+00
5.852034020000386860e+00 -1.187727185511125327e+00
5.841451680000387725e+00 -1.187985234586463434e+00
5.830869340000388590e+00 -1.188244296016760071e+00
5.820287000000389455e+00 -1.188504404847325890e+00
5.809704660000390319e+00 -1.188765569834129288e+00
5.799122320000391184e+00 -1.189027745228984356e+00
5.788539980000392049e+00 -1.189290978739921956e+00
5.777957640000392914e+00 -1.189555268933303989e+00
5.767375300000393779e+00 -1.189820627418826993e+00
5.756792960000394643e+00 -1.190087057980006913e+00
5.746210620000395508e+00 -1.190354572444052295e+00
5.735628280000396373e+00 -1.190623165936165462e+00
5.725045940000397238e+00 -1.190892875110892923e+00
5.714463600000398102e+00 -1.191163686116974763e+00
5.703881260000398967e+00 -1.191435598969326382e+00
5.693298920000399832e+00 -1.191708640296966548e+00
5.682716580000400697e+00 -1.191982809000580401e+00
5.672134240000401562e+00 -1.192258107779860854e+00
5.661551900000402426e+00 -1.192534560260187115e+00
5.650969560000403291e+00 -1.192812159738925626e+00
5.640387220000404156e+00 -1.193090931983054048e+00
5.629804880000405021e+00 -1.193370874284978234e+00
5.619222540000405886e+00 -1.193652004545138201e+00
5.608640200000406750e+00 -1.193934312548879051e+00
5.598057860000407615e+00 -1.194217826719926379e+00
5.587475520000408480e+00 -1.194502546354764938e+00
5.576893180000409345e+00 -1.194788485178778448e+00
5.566310840000410209e+00 -1.195075648238858701e+00
5.555728500000411074e+00 -1.195364040870905642e+00
5.545146160000411939e+00 -1.195653695803442496e+00
5.534563820000412804e+00 -1.195944594812325956e+00
5.523981480000413669e+00 -1.196236760638263341e+00
5.513399140000414533e+00 -1.196530198738762651e+00
5.502816800000415398e+00 -1.196824923790063000e+00
5.492234460000416263e+00 -1.197120931964355206e+00
5.481652120000417128e+00 -1.197418264699557922e+00
5.471069780000417992e+00 -1.197716901320969862e+00
5.460487440000418857e+00 -1.198016891677767148e+00
5.449905100000419722e+00 -1.198318192302267882e+00
5.439322760000420587e+00 -1.198620836876314488e+00
5.428740420000421452e+00 -1.198924841096467686e+00
5.418158080000422316e+00 -1.199230211229334930e+00
5.407575740000423181e+00 -1.199536963282783475e+00
5.396993400000424046e+00 -1.199845093968502141e+00
5.386411060000424911e+00 -1.200154646887573229e+00
5.375828720000425776e+00 -1.200465609457053162e+00
5.365246380000426640e+00 -1.200777982949673639e+00
5.354664040000427505e+00 -1.201091801114845703e+00
5.344081700000428370e+00 -1.201407064600412467e+00
5.333499360000429235e+00 -1.201723790537577941e+00
5.322917020000430099e+00 -1.202041986098200788e+00
5.312334680000430964e+00 -1.202361668755535629e+00
5.301752340000431829e+00 -1.202682835841267117e+00
5.291170000000432694e+00 -1.203005533301128471e+00
5.280587660000433559e+00 -1.203329749078177358e+00
5.270005320000434423e+00 -1.203655484968178868e+00
5.259422980000435288e+00 -1.203982777121963776e+00
5.248840640000436153e+00 -1.204311626858933337e+00
5.238258300000437018e+00 -1.204642052886374382e+00
5.227675960000437883e+00 -1.204974063381607730e+00
5.217093620000438747e+00 -1.205307677427012836e+00
5.206511280000439612e+00 -1.205642893057452536e+00
5.195928940000440477e+00 -1.205979758755667319e+00
5.185346600000441342e+00 -1.206318263073000496e+00
5.174764260000442206e+00 -1.206658408408723071e+00
5.164181920000443071e+00 -1.207000233511770659e+00
5.153599580000443936e+00 -1.207343740457700765e+00
5.143017240000444801e+00 -1.207688949679199375e+00
5.132434900000445666e+00 -1.208035870463848749e+00
5.121852560000446530e+00 -1.208384523653906362e+00
5.111270220000447395e+00 -1.208734951212983466e+00
5.100687880000448260e+00 -1.209087105432275822e+00
5.090105540000449125e+00 -1.209441044149085931e+00
5.079523200000449989e+00 -1.209796757649793442e+00
5.068940860000450854e+00 -1.210154287486089775e+00
5.058358520000451719e+00 -1.210513636577559504e+00
5.047776180000452584e+00 -1.210874827237637952e+00
5.037193840000453449e+00 -1.211237869971895753e+00
5.026611500000454313e+00 -1.211602777252929641e+00
5.016029160000455178e+00 -1.211969592945780549e+00
5.005446820000456043e+00 -1.212338300449531170e+00
4.994864480000456908e+00 -1.212708933095162145e+00
4.984282140000457773e+00 -1.213081502110806342e+00
4.973699800000458637e+00 -1.213456031390237833e+00
4.963117460000459502e+00 -1.213832521157582001e+00
4.952535120000460367e+00 -1.214211027321849601e+00
4.941952780000461232e+00 -1.214591530160224586e+00
4.931370440000462096e+00 -1.214974064626541006e+00
4.920788100000462961e+00 -1.215358646429552270e+00
4.910205760000463826e+00 -1.215745290183496419e+00
4.899623420000464691e+00 -1.216134021448584068e+00
4.889041080000465556e+00 -1.216524852837837400e+00
4.878458740000466420e+00 -1.216917810413798318e+00
4.867876400000467285e+00 -1.217312895407752116e+00
4.857294060000468150e+00 -1.217710167023770218e+00
4.846711720000469015e+00 -1.218109616652452987e+00
4.836129380000469880e+00 -1.218511249514086847e+00
4.825547040000470744e+00 -1.218915115308553343e+00
4.814964700000471609e+00 -1.219321219498422870e+00
4.804382360000472474e+00 -1.219729589937927461e+00
4.793800020000473339e+00 -1.220140240727784153e+00
4.783217680000474203e+00 -1.220553200260855009e+00
4.772635340000475068e+00 -1.220968470851379939e+00
4.762053000000475933e+00 -1.221386151237151552e+00
4.751470660000476798e+00 -1.221806161955095504e+00
4.740888320000477663e+00 -1.222228545008130496e+00
4.730305980000478527e+00 -1.222653353679677091e+00
4.719723640000479392e+00 -1.223080594560797874e+00
4.709141300000480257e+00 -1.223510297956251769e+00
4.698558960000481122e+00 -1.223942479547719620e+00
4.687976620000481986e+00 -1.224377170212543664e+00
4.677394280000482851e+00 -1.224814373410961332e+00
4.666811940000483716e+00 -1.225254155604614148e+00
4.656229600000484581e+00 -1.225696510191228494e+00
4.645647260000485446e+00 -1.226141444378512801e+00
4.635064920000486310e+00 -1.226589015227805168e+00
4.624482580000487175e+00 -1.227039230550218019e+00
4.613900240000488040e+00 -1.227492123225097487e+00
4.603317900000488905e+00 -1.227947710590884034e+00
4.592735560000489770e+00 -1.228406026147658814e+00
4.582153220000490634e+00 -1.228867090588190214e+00
4.571570880000491499e+00 -1.229330926181006589e+00
4.560988540000492364e+00 -1.229797575524828046e+00
4.550406200000493229e+00 -1.230267030830772823e+00
4.539823860000494093e+00 -1.230739353176091511e+00
4.529241520000494958e+00 -1.231214551538708291e+00
4.518659180000495823e+00 -1.231692661526164079e+00
4.508076840000496688e+00 -1.232173702180442643e+00
4.497494500000497553e+00 -1.232657697222347526e+00
4.486912160000498417e+00 -1.233144706781069688e+00
4.476329820000499282e+00 -1.233634717581232776e+00
4.465747480000500147e+00 -1.234127778770440775e+00
4.455165140000501012e+00 -1.234623910341085651e+00
4.444582800000501877e+00 -1.235123150072228393e+00
4.434000460000502741e+00 -1.235625515808461028e+00
4.423418120000503606e+00 -1.236131050355023797e+00
4.412835780000504471e+00 -1.236639770042400999e+00
4.402253440000505336e+00 -1.237151758847715666e+00
4.391671100000506200e+00 -1.237666955125752422e+00
4.381088760000507065e+00 -1.238185427241271341e+00
4.370506420000507930e+00 -1.238707215136853224e+00
4.359924080000508795e+00 -1.239232340481648098e+00
4.349341740000509660e+00 -1.239760843847811378e+00
4.338759400000510524e+00 -1.240292744715108642e+00
4.328177060000511389e+00 -1.240828088540279373e+00
4.317594720000512254e+00 -1.241366896002060294e+00
4.307012380000513119e+00 -1.241909202008198987e+00
4.296430040000513984e+00 -1.242455042350175454e+00
4.285847700000514848e+00 -1.243004440863034299e+00
4.275265360000515713e+00 -1.243557440231855660e+00
4.264683020000516578e+00 -1.244114063681521998e+00
4.254100680000517443e+00 -1.244674354500619806e+00
4.243518340000518307e+00 -1.245238333656471852e+00
4.232936000000519172e+00 -1.245806049135764315e+00
4.222353660000520037e+00 -1.246377523462635306e+00
4.211771320000520902e+00 -1.246952793393659720e+00
4.201188980000521767e+00 -1.247531897167687864e+00
4.190606640000522631e+00 -1.248114859969696067e+00
4.180024300000523496e+00 -1.248701727042455634e+00
4.169441960000524361e+00 -1.249292522918730164e+00
4.158859620000525226e+00 -1.249887293381121589e+00
4.148277280000526090e+00 -1.250486060599278026e+00
4.137694940000526955e+00 -1.251088874809842322e+00
4.127112600000527820e+00 -1.251695760092386589e+00
4.116530260000528685e+00 -1.252306754708590653e+00
4.105947920000529550e+00 -1.252921899008453188e+00
4.095365580000530414e+00 -1.253541219140970497e+00
4.084783240000531279e+00 -1.254164762527900434e+00
4.074200900000532144e+00 -1.254792554580136166e+00
4.063618560000533009e+00 -1.255424643142398544e+00
4.053036220000533874e+00 -1.256061112619222708e+00
4.042453880000534738e+00 -1.256701894797540575e+00
4.031871540000535603e+00 -1.257347071957608975e+00
4.021289200000536468e+00 -1.257996684931402376e+00
4.010706860000537333e+00 -1.258650775588032289e+00
4.000124520000538197e+00 -1.259309370425272467e+00
3.989542180000539062e+00 -1.259972518400832575e+00
3.978959840000539927e+00 -1.260640245132884418e+00
3.968377500000540792e+00 -1.261312598603950175e+00
3.957795160000541657e+00 -1.261989612297282903e+00
3.947212820000542521e+00 -1.262671314534673073e+00
3.936630480000543386e+00 -1.263357755175636754e+00
3.926048140000544251e+00 -1.264048959322215060e+00
3.915465800000545116e+00 -1.264744976851410962e+00
3.904883460000545981e+00 -1.265445829958691037e+00
3.894301120000546845e+00 -1.266151571611089377e+00
3.883718780000547710e+00 -1.266862223098177198e+00
3.873136440000548575e+00 -1.267577834193694741e+00
3.862554100000549440e+00 -1.268298436201640955e+00
3.851971760000550304e+00 -1.269024057752181189e+00
3.841389420000551169e+00 -1.269754747957200447e+00
3.830807080000552034e+00 -1.270490530553021413e+00
3.820224740000552899e+00 -1.271231454376556158e+00
3.809642400000553764e+00 -1.271977539817931158e+00
3.799060060000554628e+00 -1.272728838656468575e+00
3.788477720000555493e+00 -1.273485372883717437e+00
3.777895380000556358e+00 -1.274247182137584478e+00
3.767313040000557223e+00 -1.275014303868398091e+00
3.756730700000558087e+00 -1.275786761050523133e+00
3.746148360000558952e+00 -1.276564600621453494e+00
3.735566020000559817e+00 -1.277347842945050882e+00
3.724983680000560682e+00 -1.278136534165821958e+00
3.714401340000561547e+00 -1.278930692709267847e+00
3.703819000000562411e+00 -1.279730430338533953e+00
3.693236660000563276e+00 -1.280535633745636837e+00
3.682654320000564141e+00 -1.281346402065916656e+00
3.672071980000565006e+00 -1.282162771393944745e+00
3.661489640000565871e+00 -1.282984758393398206e+00
3.650907300000566735e+00 -1.283812405148008429e+00
3.640324960000567600e+00 -1.284645726165703827e+00
3.629742620000568465e+00 -1.285484762015135507e+00
3.619160280000569330e+00 -1.286329525941148910e+00
3.608577940000570194e+00 -1.287180049607894672e+00
3.597995600000571059e+00 -1.288036351616823172e+00
3.587413260000571924e+00 -1.288898463778290759e+00
3.576830920000572789e+00 -1.289766404112091980e+00
3.566248580000573654e+00 -1.290640184236236276e+00
3.555666240000574518e+00 -1.291519837687943761e+00
3.545083900000575383e+00 -1.292405369760824652e+00
3.534501560000576248e+00 -1.293296811494466958e+00
3.523919220000577113e+00 -1.294194169965800834e+00
3.513336880000577978e+00 -1.295097453993897529e+00
3.502754540000578842e+00 -1.296006683317437513e+00
3.492172200000579707e+00 -1.296921874116663709e+00
3.481589860000580572e+00 -1.297843032092504956e+00
3.471007520000581437e+00 -1.298770156137199594e+00
3.460425180000582301e+00 -1.299703266258987133e+00
3.449842840000583166e+00 -1.300642354082320873e+00
3.439260500000584031e+00 -1.301587450429538384e+00
3.428678160000584896e+00 -1.302538503267122616e+00
3.418095820000585761e+00 -1.303495549744035253e+00
3.407513480000586625e+00 -1.304458583862946330e+00
3.396931140000587490e+00 -1.305427587239187615e+00
3.386348800000588355e+00 -1.306402564916810949e+00
3.375766460000589220e+00 -1.307383492206101394e+00
3.365184120000590084e+00 -1.308370367127071887e+00
3.354601780000590949e+00 -1.309363163659059692e+00
3.344019440000591814e+00 -1.310361963053546575e+00
3.333437100000592679e+00 -1.311366562207528119e+00
3.322854760000593544e+00 -1.312377016705981170e+00
3.312272420000594408e+00 -1.313393311626087190e+00
3.301690080000595273e+00 -1.314415405141213800e+00
3.291107740000596138e+00 -1.315443275609147200e+00
3.280525400000597003e+00 -1.316476872515885521e+00
3.269943060000597868e+00 -1.317516166322243443e+00
3.259360720000598732e+00 -1.318561104098790349e+00
3.248778380000599597e+00 -1.319611643352300856e+00
3.238196040000600462e+00 -1.320667732272345463e+00
3.227613700000601327e+00 -1.321729305831988777e+00
3.217031360000602191e+00 -1.322796314338155366e+00
3.206449020000603056e+00 -1.323868683814267699e+00
3.195866680000603921e+00 -1.324946355218151073e+00
3.185284340000604786e+00 -1.326029242684463982e+00
3.174702000000605651e+00 -1.327117277561421949e+00
3.164119660000606515e+00 -1.328210370883750713e+00
3.153537320000607380e+00 -1.329308433726812844e+00
3.142954980000608245e+00 -1.330411376416955171e+00
3.132372640000609110e+00 -1.331519090631439584e+00
3.121790300000609975e+00 -1.332631478641768785e+00
3.111207960000610839e+00 -1.333748422962921509e+00
3.100625620000611704e+00 -1.334869813038649378e+00
3.090043280000612569e+00 -1.335995529878712507e+00
3.079460940000613434e+00 -1.337125409815263399e+00
3.068878600000614298e+00 -1.338259338228882322e+00
3.058296260000615163e+00 -1.339397197603478418e+00
3.047713920000616028e+00 -1.340538802927448536e+00
3.037131580000616893e+00 -1.341683997350437307e+00
3.026549240000617758e+00 -1.342832620041602310e+00
3.015966900000618622e+00 -1.343984494848573963e+00
3.005384560000619487e+00 -1.345139440751442539e+00
2.994802220000620352e+00 -1.346297371895723627e+00
2.984219880000621217e+00 -1.347457870444003003e+00
2.973637540000622081e+00 -1.348620820851697211e+00
2.963055200000622946e+00 -1.349786045558922787e+00
2.952472860000623811e+00 -1.350953273127001975e+00
2.941890520000624676e+00 -1.352122278220698304e+00
2.931308180000625541e+00 -1.353292806570206341e+00
2.920725840000626405e+00 -1.354464602211470581e+00
2.910143500000627270e+00 -1.355637372412758834e+00
2.899561160000628135e+00 -1.356810875349846457e+00
2.888978820000629000e+00 -1.357984776128038362e+00
2.878396480000629865e+00 -1.359158769311510140e+00
2.867814140000630729e+00 -1.360332541938497952e+00
2.857231800000631594e+00 -1.361505746599654731e+00
2.846649460000632459e+00 -1.362678050774399408e+00
2.836067120000633324e+00 -1.363849040900600329e+00
2.825484780000634188e+00 -1.365018384174950139e+00
2.814902440000635053e+00 -1.366185652573438380e+00
2.804320100000635918e+00 -1.367350440485199048e+00
2.793737760000636783e+00 -1.368512319249961973e+00
2.783155420000637648e+00 -1.369670817281081421e+00
2.772573080000638512e+00 -1.370825485003321020e+00
2.761990740000639377e+00 -1.371975808203373726e+00
2.751408400000640242e+00 -1.373121294453453656e+00
2.740826060000641107e+00 -1.374261377116370975e+00
2.730243720000641972e+00 -1.375395513428637306e+00
2.719661380000642836e+00 -1.376523136558755134e+00
2.709079040000643701e+00 -1.377643602450934868e+00
2.698496700000644566e+00 -1.378756301282956231e+00
2.687914360000645431e+00 -1.379860530754292602e+00
2.677332020000646295e+00 -1.380955630795142719e+00
2.666749680000647160e+00 -1.382040831164709216e+00
2.656167340000648025e+00 -1.383115388220969466e+00
2.645585000000648890e+00 -1.384178487655734147e+00
2.635002660000649755e+00 -1.385229408968819076e+00
2.624420320000650619e+00 -1.386267011056522946e+00
2.613837980000651484e+00 -1.387290469016768446e+00
2.603255640000652349e+00 -1.388298824460489245e+00
2.592673300000653214e+00 -1.389290971571496502e+00
2.582090960000654078e+00 -1.390265856183841020e+00
2.571508620000654943e+00 -1.391222227386748722e+00
2.560926280000655808e+00 -1.392158844525372308e+00
2.550343940000656673e+00 -1.393074319298766017e+00
2.539761600000657538e+00 -1.393967146022282444e+00
2.529179260000658402e+00 -1.394835660608340300e+00
2.518596920000659267e+00 -1.395677985392694609e+00
2.508014580000660132e+00 -1.396492009459574746e+00
2.497432240000660997e+00 -1.397275043262529826e+00
2.486849900000661862e+00 -1.398023797764963438e+00
2.476267560000662726e+00 -1.398733123453720362e+00
2.465685220000663591e+00 -1.399391735593288999e+00
