4.000000000000000000e+02 -8.710717657756000820e-01
3.990000000000000000e+02 -8.713197960761599470e-01
3.980000000000000000e+02 -8.715690465691701139e-01
3.970000000000000000e+02 -8.718195253994299732e-01
3.960000000000000000e+02 -8.720712407521499232e-01
3.950000000000000000e+02 -8.723242008518201640e-01
3.940000000000000000e+02 -8.725784139612398072e-01
3.930000000000000000e+02 -8.728338883802496673e-01
3.920000000000000000e+02 -8.730906324446597866e-01
3.910000000000000000e+02 -8.733486545248300148e-01
3.900000000000000000e+02 -8.736079630242498117e-01
3.890000000000000000e+02 -8.738685663782799207e-01
3.880000000000000000e+02 -8.741304730524300792e-01
3.870000000000000000e+02 -8.743936915407900523e-01
3.860000000000000000e+02 -8.746582303644001577e-01
3.850000000000000000e+02 -8.749240980692600811e-01
3.840000000000000000e+02 -8.751913032245896007e-01
3.830000000000000000e+02 -8.754598544207702338e-01
3.820000000000000000e+02 -8.757297602672200476e-01
3.810000000000000000e+02 -8.760010293901898670e-01
3.800000000000000000e+02 -8.762736704303998314e-01
3.790000000000000000e+02 -8.765476920407098138e-01
3.780000000000000000e+02 -8.768231028833900487e-01
3.770000000000000000e+02 -8.770999116275698393e-01
3.760000000000000000e+02 -8.773781269463598598e-01
3.750000000000000000e+02 -8.776577575139102860e-01
3.740000000000000000e+02 -8.779388120023500219e-01
3.730000000000000000e+02 -8.782212990784999951e-01
3.720000000000000000e+02 -8.785052274005696882e-01
3.710000000000000000e+02 -8.787906056145998734e-01
3.700000000000000000e+02 -8.790774423507198287e-01
3.690000000000000000e+02 -8.793657462193801289e-01
3.680000000000000000e+02 -8.796555258073398553e-01
3.670000000000000000e+02 -8.799467896733700334e-01
3.660000000000000000e+02 -8.802395463439500745e-01
3.650000000000000000e+02 -8.805338043087702626e-01
3.640000000000000000e+02 -8.808295720158798581e-01
3.630000000000000000e+02 -8.811268578667400542e-01
3.620000000000000000e+02 -8.814256702111396002e-01
3.610000000000000000e+02 -8.817260173418001168e-01
3.600000000000000000e+02 -8.820279074887401594e-01
3.590000000000000000e+02 -8.823313488135199334e-01
3.580000000000000000e+02 -8.826363494031800316e-01
3.570000000000000000e+02 -8.829429172639200463e-01
3.560000000000000000e+02 -8.832510603146500605e-01
3.550000000000000000e+02 -8.835607863800100104e-01
3.540000000000000000e+02 -8.838721031836002107e-01
3.530000000000000000e+02 -8.841850183403701102e-01
3.520000000000000000e+02 -8.844995393490799884e-01
3.510000000000000000e+02 -8.848156735845796872e-01
3.500000000000000000e+02 -8.851334282892899807e-01
3.490000000000000000e+02 -8.854528105649198677e-01
3.480000000000000000e+02 -8.857738273635298309e-01
3.470000000000000000e+02 -8.860964854783803801e-01
3.460000000000000000e+02 -8.864207915344302080e-01
3.450000000000000000e+02 -8.867467519784201224e-01
3.440000000000000000e+02 -8.870743730687395967e-01
3.430000000000000000e+02 -8.874036608647600799e-01
3.420000000000000000e+02 -8.877346212158697680e-01
3.410000000000000000e+02 -8.880672597500798293e-01
3.400000000000000000e+02 -8.884015818622097438e-01
3.390000000000000000e+02 -8.887375927017300281e-01
3.380000000000000000e+02 -8.890752971601000310e-01
3.370000000000000000e+02 -8.894146998575799268e-01
3.360000000000000000e+02 -8.897558051296902137e-01
3.350000000000000000e+02 -8.900986170132301201e-01
3.340000000000000000e+02 -8.904431392316498606e-01
3.330000000000000000e+02 -8.907893751800400883e-01
3.320000000000000000e+02 -8.911373279094901845e-01
3.310000000000000000e+02 -8.914870001110499764e-01
3.300000000000000000e+02 -8.918383940988997560e-01
3.290000000000000000e+02 -8.921915115499698956e-01
3.280000000000000000e+02 -8.925463544227397739e-01
3.270000000000000000e+02 -8.929029235827701250e-01
3.260000000000000000e+02 -8.932612196575799857e-01
3.250000000000000000e+02 -8.936212428052100476e-01
3.240000000000000000e+02 -8.939829926938600568e-01
3.230000000000000000e+02 -8.943464684806099463e-01
3.220000000000000000e+02 -8.947116687895299014e-01
3.210000000000000000e+02 -8.950785916890398042e-01
3.200000000000000000e+02 -8.954472346684601014e-01
3.190000000000000000e+02 -8.958175946137797441e-01
3.180000000000000000e+02 -8.961896677825499369e-01
3.170000000000000000e+02 -8.965634497780298195e-01
3.160000000000000000e+02 -8.969389355223000848e-01
3.150000000000000000e+02 -8.973161192286099874e-01
3.140000000000000000e+02 -8.976949943726401093e-01
3.130000000000000000e+02 -8.980755536628401980e-01
3.120000000000000000e+02 -8.984577890097997788e-01
3.110000000000000000e+02 -8.988416914945299707e-01
3.100000000000000000e+02 -8.992272513355898944e-01
3.090000000000000000e+02 -8.996144578552097704e-01
3.080000000000000000e+02 -9.000032994442398460e-01
3.070000000000000000e+02 -9.003937635256299421e-01
3.060000000000000000e+02 -9.007858365171802495e-01
3.050000000000000000e+02 -9.011795037924801299e-01
3.040000000000000000e+02 -9.015747496407596762e-01
3.030000000000000000e+02 -9.019715572254500824e-01
3.020000000000000000e+02 -9.023699085409203624e-01
3.010000000000000000e+02 -9.027697843682201961e-01
3.000000000000000000e+02 -9.031711642289098618e-01
2.990000000000000000e+02 -9.035740263374100190e-01
2.980000000000000000e+02 -9.039783475517099154e-01
2.970000000000000000e+02 -9.043841033223699588e-01
2.960000000000000000e+02 -9.047912676396098197e-01
2.950000000000000000e+02 -9.051998129787502956e-01
2.940000000000000000e+02 -9.056097102435002322e-01
2.930000000000000000e+02 -9.060209287074900697e-01
2.920000000000000000e+02 -9.064334359534899077e-01
2.910000000000000000e+02 -9.068471978106729114e-01
2.900000000000000000e+02 -9.072621782895601283e-01
2.890000000000000000e+02 -9.076783395146901245e-01
2.880000000000000000e+02 -9.080956416547998344e-01
2.870000000000000000e+02 -9.085140428506298660e-01
2.860000000000000000e+02 -9.089334991400795927e-01
2.850000000000000000e+02 -9.093539643806300976e-01
2.840000000000000000e+02 -9.097753901690699418e-01
2.830000000000000000e+02 -9.101977257581996827e-01
2.820000000000000000e+02 -9.106209179706099555e-01
2.810000000000000000e+02 -9.110449111093402719e-01
2.800000000000000000e+02 -9.114696468650801409e-01
2.790000000000000000e+02 -9.118950642203300649e-01
2.780000000000000000e+02 -9.123210993496999599e-01
2.770000000000000000e+02 -9.127476855167598879e-01
2.760000000000000000e+02 -9.131747529669302921e-01
2.750000000000000000e+02 -9.136022288165900340e-01
2.740000000000000000e+02 -9.140300369379799061e-01
2.730000000000000000e+02 -9.144580978396402715e-01
2.720000000000000000e+02 -9.148863285427096814e-01
2.710000000000000000e+02 -9.153146424524500890e-01
2.700000000000000000e+02 -9.157429492247899372e-01
2.690000000000000000e+02 -9.161711546279499574e-01
2.680000000000000000e+02 -9.165991603990096825e-01
2.670000000000000000e+02 -9.170268640946296346e-01
2.660000000000000000e+02 -9.174541589363400806e-01
2.650000000000000000e+02 -9.178809336499300642e-01
2.640000000000000000e+02 -9.183070722983701639e-01
2.630000000000000000e+02 -9.187324541086197005e-01
2.620000000000000000e+02 -9.191569532914198870e-01
2.610000000000000000e+02 -9.195804388541090058e-01
2.600000000000000000e+02 -9.200027744062299062e-01
2.590000000000000000e+02 -9.204238179572700185e-01
2.580000000000000000e+02 -9.208434217064052074e-01
2.570000000000000000e+02 -9.212614318239400468e-01
2.560000000000000000e+02 -9.216776882236840107e-01
2.550000000000000000e+02 -9.220920243263948102e-01
2.540000000000000000e+02 -9.225042668134131318e-01
2.530000000000000000e+02 -9.229142353700295898e-01
2.520000000000000000e+02 -9.233217424183141064e-01
2.510000000000000000e+02 -9.237265928388481706e-01
2.500000000000000000e+02 -9.241285836803698750e-01
2.490000000000000000e+02 -9.245275038572540183e-01
2.480000000000000000e+02 -9.249231338338090858e-01
2.470000000000000000e+02 -9.253152452947134288e-01
2.460000000000000000e+02 -9.257036008009719152e-01
2.450000000000000000e+02 -9.260879534303165794e-01
2.440000000000000000e+02 -9.264680464014120043e-01
2.430000000000000000e+02 -9.268436126804997510e-01
2.420000000000000000e+02 -9.272143745697388750e-01
2.410000000000000000e+02 -9.275800432760125114e-01
2.400000000000000000e+02 -9.279403184586594300e-01
2.390000000000000000e+02 -9.282948877549432876e-01
2.380000000000000000e+02 -9.286434262818346053e-01
2.370000000000000000e+02 -9.289855961118932415e-01
2.360000000000000000e+02 -9.293210457219188703e-01
2.350000000000000000e+02 -9.296494094119569507e-01
2.340000000000000000e+02 -9.299703066923732386e-01
2.330000000000000000e+02 -9.302833416364495456e-01
2.320000000000000000e+02 -9.305881021955774157e-01
2.310000000000000000e+02 -9.308841594737415903e-01
2.300000000000000000e+02 -9.311710669577942801e-01
2.290000000000000000e+02 -9.314483596990216219e-01
2.280000000000000000e+02 -9.317155534418761764e-01
2.270000000000000000e+02 -9.319721436938994685e-01
2.260000000000000000e+02 -9.322176047311072633e-01
2.250000000000000000e+02 -9.324513885318885809e-01
2.240000000000000000e+02 -9.326729236310380422e-01
2.230000000000000000e+02 -9.328816138848001760e-01
2.220000000000000000e+02 -9.330768371360017577e-01
2.210000000000000000e+02 -9.332579437666340683e-01
2.200000000000000000e+02 -9.334242551224748441e-01
2.190000000000000000e+02 -9.335750617928889605e-01
2.180000000000000000e+02 -9.337096217237946805e-01
2.170000000000000000e+02 -9.338271581391861531e-01
2.160000000000000000e+02 -9.339268572403613966e-01
2.150000000000000000e+02 -9.340078656460084616e-01
2.140000000000000000e+02 -9.340692875275568019e-01
2.130000000000000000e+02 -9.341101813833374568e-01
2.120000000000000000e+02 -9.341295563818532433e-01
2.110000000000000000e+02 -9.341263681847499223e-01
2.100000000000000000e+02 -9.340995141369934363e-01
2.090000000000000000e+02 -9.340478276775311395e-01
2.080000000000000000e+02 -9.339700717792306373e-01
2.070000000000000000e+02 -9.338649311631026517e-01
2.060000000000000000e+02 -9.337310029425432978e-01
2.050000000000000000e+02 -9.335667852228808350e-01
2.040000000000000000e+02 -9.333706629880331729e-01
2.030000000000000000e+02 -9.331408903113713738e-01
2.020000000000000000e+02 -9.328755674627755567e-01
2.010000000000000000e+02 -9.325726107251903763e-01
2.000000000000000000e+02 -9.322297114447064548e-01
1.990000000000000000e+02 -9.318442785238130188e-01
1.980000000000000000e+02 -9.314133541708632391e-01
1.970000000000000000e+02 -9.309334836675418057e-01
1.960000000000000000e+02 -9.304004993820609304e-01
1.950000000000000000e+02 -9.298091259473000303e-01
1.940000000000000000e+02 -9.291521452960985750e-01
1.930000000000000000e+02 -9.284181242213778162e-01
1.920000000000000000e+02 -9.275787983941445880e-01
