4.000000000000000000e+02 -3.239163036773047288e-01
3.990000000000000000e+02 -3.243303088425387726e-01
3.980000000000000000e+02 -3.247463756791785228e-01
3.970000000000000000e+02 -3.251645189812344405e-01
3.960000000000000000e+02 -3.255847536609308701e-01
3.950000000000000000e+02 -3.260070947492527127e-01
3.940000000000000000e+02 -3.264315573960532291e-01
3.930000000000000000e+02 -3.268581568704708173e-01
3.920000000000000000e+02 -3.272869085611090911e-01
3.910000000000000000e+02 -3.277178279762718027e-01
3.900000000000000000e+02 -3.281509307440859669e-01
3.890000000000000000e+02 -3.285862326126384181e-01
3.880000000000000000e+02 -3.290237494500619642e-01
3.870000000000000000e+02 -3.294634972445583676e-01
3.860000000000000000e+02 -3.299054921043251820e-01
3.850000000000000000e+02 -3.303497502576229206e-01
3.840000000000000000e+02 -3.307962880524450977e-01
3.830000000000000000e+02 -3.312451219565283322e-01
3.820000000000000000e+02 -3.316962685569456726e-01
3.810000000000000000e+02 -3.321497445599892462e-01
3.800000000000000000e+02 -3.326055667906061553e-01
3.790000000000000000e+02 -3.330637521921540056e-01
3.780000000000000000e+02 -3.335243178257846219e-01
3.770000000000000000e+02 -3.339872808698787221e-01
3.760000000000000000e+02 -3.344526586194691564e-01
3.750000000000000000e+02 -3.349204684854846237e-01
3.740000000000000000e+02 -3.353907279939032371e-01
3.730000000000000000e+02 -3.358634547849334018e-01
3.720000000000000000e+02 -3.363386666119922985e-01
3.710000000000000000e+02 -3.368163813406747087e-01
3.700000000000000000e+02 -3.372966169476148135e-01
3.690000000000000000e+02 -3.377793915191297236e-01
3.680000000000000000e+02 -3.382647232499815804e-01
3.670000000000000000e+02 -3.387526304418725376e-01
3.660000000000000000e+02 -3.392431315018268334e-01
3.650000000000000000e+02 -3.397362449405941787e-01
3.640000000000000000e+02 -3.402319893708108944e-01
3.630000000000000000e+02 -3.407303835050737861e-01
3.620000000000000000e+02 -3.412314461538350496e-01
3.610000000000000000e+02 -3.417351962233934337e-01
3.600000000000000000e+02 -3.422416527134107822e-01
3.590000000000000000e+02 -3.427508347145433731e-01
3.580000000000000000e+02 -3.432627614058562093e-01
3.570000000000000000e+02 -3.437774520520908705e-01
3.560000000000000000e+02 -3.442949260006608059e-01
3.550000000000000000e+02 -3.448152026787696389e-01
3.540000000000000000e+02 -3.453383015900804986e-01
3.530000000000000000e+02 -3.458642423113262865e-01
3.520000000000000000e+02 -3.463930444887511895e-01
3.510000000000000000e+02 -3.469247278344921304e-01
3.500000000000000000e+02 -3.474593121224357484e-01
3.490000000000000000e+02 -3.479968171842504621e-01
3.480000000000000000e+02 -3.485372629049705573e-01
3.470000000000000000e+02 -3.490806692185600690e-01
3.460000000000000000e+02 -3.496270561030812019e-01
3.450000000000000000e+02 -3.501764435757822591e-01
3.440000000000000000e+02 -3.507288516878713791e-01
3.430000000000000000e+02 -3.512843005191690349e-01
3.420000000000000000e+02 -3.518428101723692913e-01
3.410000000000000000e+02 -3.524044007671685019e-01
3.400000000000000000e+02 -3.529690924340990188e-01
3.390000000000000000e+02 -3.535369053080654744e-01
3.380000000000000000e+02 -3.541078595217611591e-01
3.370000000000000000e+02 -3.546819751985278435e-01
3.360000000000000000e+02 -3.552592724452431350e-01
3.350000000000000000e+02 -3.558397713446377342e-01
3.340000000000000000e+02 -3.564234919474817964e-01
3.330000000000000000e+02 -3.570104542644146894e-01
3.320000000000000000e+02 -3.576006782574470133e-01
3.310000000000000000e+02 -3.581941838310586101e-01
3.300000000000000000e+02 -3.587909908230815237e-01
3.290000000000000000e+02 -3.593911188634327791e-01
3.280000000000000000e+02 -3.599945878713014524e-01
3.270000000000000000e+02 -3.606014173109058918e-01
3.260000000000000000e+02 -3.612116266538455411e-01
3.250000000000000000e+02 -3.618252352535811234e-01
3.240000000000000000e+02 -3.624422623338841021e-01
3.230000000000000000e+02 -3.630627269769727272e-01
3.220000000000000000e+02 -3.636866481112192018e-01
3.210000000000000000e+02 -3.643140444981987081e-01
3.200000000000000000e+02 -3.649449347196521698e-01
3.190000000000000000e+02 -3.655793371636092415e-01
3.180000000000000000e+02 -3.662172700103163425e-01
3.170000000000000000e+02 -3.668587512173374643e-01
3.160000000000000000e+02 -3.675037985045032096e-01
3.150000000000000000e+02 -3.681524293380485924e-01
3.140000000000000000e+02 -3.688046609142912047e-01
3.130000000000000000e+02 -3.694605101428585225e-01
3.120000000000000000e+02 -3.701199936290205939e-01
3.110000000000000000e+02 -3.707831276558818390e-01
3.100000000000000000e+02 -3.714499281654731755e-01
3.090000000000000000e+02 -3.721204107395807981e-01
3.080000000000000000e+02 -3.727945905796888892e-01
3.070000000000000000e+02 -3.734724824863805415e-01
3.060000000000000000e+02 -3.741541008379848376e-01
3.050000000000000000e+02 -3.748394595685082820e-01
3.040000000000000000e+02 -3.755285721448341496e-01
3.030000000000000000e+02 -3.762214515432140693e-01
3.020000000000000000e+02 -3.769181102248643223e-01
3.010000000000000000e+02 -3.776185601108585921e-01
3.000000000000000000e+02 -3.783228125561540756e-01
2.990000000000000000e+02 -3.790308783227974709e-01
2.980000000000000000e+02 -3.797427675521163337e-01
2.970000000000000000e+02 -3.804584897362568441e-01
2.960000000000000000e+02 -3.811780536884444848e-01
2.950000000000000000e+02 -3.819014675126378711e-01
2.940000000000000000e+02 -3.826287385719744361e-01
2.930000000000000000e+02 -3.833598734561595167e-01
2.920000000000000000e+02 -3.840948779479852471e-01
2.910000000000000000e+02 -3.848337569886490228e-01
2.900000000000000000e+02 -3.855765146418812517e-01
2.890000000000000000e+02 -3.863231540571481215e-01
2.880000000000000000e+02 -3.870736774314162965e-01
2.870000000000000000e+02 -3.878280859698733929e-01
2.860000000000000000e+02 -3.885863798452822149e-01
2.850000000000000000e+02 -3.893485581560486297e-01
2.840000000000000000e+02 -3.901146188830829642e-01
2.830000000000000000e+02 -3.908845588451157482e-01
2.820000000000000000e+02 -3.916583736526411119e-01
2.810000000000000000e+02 -3.924360576604944972e-01
2.800000000000000000e+02 -3.932176039187722516e-01
2.790000000000000000e+02 -3.940030041223654411e-01
2.780000000000000000e+02 -3.947922485587400665e-01
2.770000000000000000e+02 -3.955853260541982719e-01
2.760000000000000000e+02 -3.963822239184029428e-01
2.750000000000000000e+02 -3.971829278870997459e-01
2.740000000000000000e+02 -3.979874220632393378e-01
2.730000000000000000e+02 -3.987956888559542890e-01
2.720000000000000000e+02 -3.996077089179264075e-01
2.710000000000000000e+02 -4.004234610806318706e-01
2.700000000000000000e+02 -4.012429222876842116e-01
2.690000000000000000e+02 -4.020660675259369876e-01
2.680000000000000000e+02 -4.028928697547107252e-01
2.670000000000000000e+02 -4.037232998325769318e-01
2.660000000000000000e+02 -4.045573264420830872e-01
2.650000000000000000e+02 -4.053949160120748907e-01
2.640000000000000000e+02 -4.062360326376549535e-01
2.630000000000000000e+02 -4.070806379976681377e-01
2.620000000000000000e+02 -4.079286912697642764e-01
2.610000000000000000e+02 -4.087801490428099038e-01
2.600000000000000000e+02 -4.096349652265518504e-01
2.590000000000000000e+02 -4.104930909588273558e-01
2.580000000000000000e+02 -4.113544745096430200e-01
2.570000000000000000e+02 -4.122190611826391793e-01
2.560000000000000000e+02 -4.130867932134236198e-01
2.550000000000000000e+02 -4.139576096650300352e-01
2.540000000000000000e+02 -4.148314463200699631e-01
2.530000000000000000e+02 -4.157082355698035192e-01
2.520000000000000000e+02 -4.165879063000059723e-01
2.510000000000000000e+02 -4.174703837732251510e-01
2.500000000000000000e+02 -4.183555895078199249e-01
2.490000000000000000e+02 -4.192434411532494076e-01
2.480000000000000000e+02 -4.201338523619146947e-01
2.470000000000000000e+02 -4.210267326570328872e-01
2.460000000000000000e+02 -4.219219872968686946e-01
2.450000000000000000e+02 -4.228195171348913539e-01
2.440000000000000000e+02 -4.237192184760089075e-01
2.430000000000000000e+02 -4.246209829285103599e-01
2.420000000000000000e+02 -4.255246972518277326e-01
2.410000000000000000e+02 -4.264302432000012799e-01
2.400000000000000000e+02 -4.273374973604739946e-01
2.390000000000000000e+02 -4.282463309884461666e-01
2.380000000000000000e+02 -4.291566098364575366e-01
2.370000000000000000e+02 -4.300681939790833019e-01
2.360000000000000000e+02 -4.309809376326884101e-01
2.350000000000000000e+02 -4.318946889700618352e-01
2.340000000000000000e+02 -4.328092899298116580e-01
2.330000000000000000e+02 -4.337245760203672917e-01
2.320000000000000000e+02 -4.346403761184244874e-01
2.310000000000000000e+02 -4.355565122617307550e-01
2.300000000000000000e+02 -4.364727994360435015e-01
2.290000000000000000e+02 -4.373890453559940994e-01
2.280000000000000000e+02 -4.383050502399452597e-01
2.270000000000000000e+02 -4.392206065783014202e-01
2.260000000000000000e+02 -4.401354988954200298e-01
2.250000000000000000e+02 -4.410495035048727086e-01
2.240000000000000000e+02 -4.419623882576179663e-01
2.230000000000000000e+02 -4.428739122831219510e-01
2.220000000000000000e+02 -4.437838257233208128e-01
2.210000000000000000e+02 -4.446918694588459231e-01
2.200000000000000000e+02 -4.455977748275554151e-01
2.190000000000000000e+02 -4.465012633351157501e-01
2.180000000000000000e+02 -4.474020463572874196e-01
2.170000000000000000e+02 -4.482998248337794478e-01
2.160000000000000000e+02 -4.491942889531842509e-01
2.150000000000000000e+02 -4.500851178291296328e-01
2.140000000000000000e+02 -4.509719791669066224e-01
2.130000000000000000e+02 -4.518545289205166404e-01
2.120000000000000000e+02 -4.527324109399528118e-01
2.110000000000000000e+02 -4.536052566079922244e-01
2.100000000000000000e+02 -4.544726844665854526e-01
2.090000000000000000e+02 -4.553342998322727486e-01
2.080000000000000000e+02 -4.561896944003438481e-01
2.070000000000000000e+02 -4.570384458373185077e-01
2.060000000000000000e+02 -4.578801173614135411e-01
2.050000000000000000e+02 -4.587142573106500754e-01
2.040000000000000000e+02 -4.595403986979484379e-01
2.030000000000000000e+02 -4.603580587531362345e-01
2.020000000000000000e+02 -4.611667384513248313e-01
2.010000000000000000e+02 -4.619659220267993138e-01
2.000000000000000000e+02 -4.627550764728341481e-01
1.990000000000000000e+02 -4.635336510257856979e-01
1.980000000000000000e+02 -4.643010766342515749e-01
1.970000000000000000e+02 -4.650567654118613059e-01
1.960000000000000000e+02 -4.658001100733663025e-01
1.950000000000000000e+02 -4.665304833540228069e-01
1.940000000000000000e+02 -4.672472374109584714e-01
1.930000000000000000e+02 -4.679497032066779472e-01
1.920000000000000000e+02 -4.686371898735753327e-01
1.910000000000000000e+02 -4.693089840597401419e-01
1.900000000000000000e+02 -4.699643492541398793e-01
1.890000000000000000e+02 -4.706025250921373471e-01
1.880000000000000000e+02 -4.712227266397591707e-01
1.870000000000000000e+02 -4.718241436565332458e-01
1.860000000000000000e+02 -4.724059398361620810e-01
1.850000000000000000e+02 -4.729672520248381917e-01
1.840000000000000000e+02 -4.735071894161061445e-01
1.830000000000000000e+02 -4.740248327222799651e-01
1.820000000000000000e+02 -4.745192315182381049e-01
1.810000000000000000e+02 -4.749894101154656378e-01
1.800000000000000000e+02 -4.754343571093089804e-01
1.790000000000000000e+02 -4.758530304810091871e-01
1.780000000000000000e+02 -4.762443552075993347e-01
1.770000000000000000e+02 -4.766072222794569546e-01
1.760000000000000000e+02 -4.769404876907996638e-01
1.750000000000000000e+02 -4.772429714020198221e-01
1.740000000000000000e+02 -4.775134562749429601e-01
1.730000000000000000e+02 -4.777506869792549349e-01
1.720000000000000000e+02 -4.779533688706418815e-01
1.710000000000000000e+02 -4.781201668403086691e-01
1.700000000000000000e+02 -4.782497041357027801e-01
1.690000000000000000e+02 -4.783405611520497591e-01
1.680000000000000000e+02 -4.783912741951483749e-01
1.670000000000000000e+02 -4.784003342150316973e-01
1.660000000000000000e+02 -4.783661855108002903e-01
1.650000000000000000e+02 -4.782872244064362843e-01
1.640000000000000000e+02 -4.781617978986171802e-01
1.630000000000000000e+02 -4.779882022756020699e-01
1.620000000000000000e+02 -4.777646817088193609e-01
1.610000000000000000e+02 -4.774894239119527595e-01
1.600000000000000000e+02 -4.771605703266558751e-01
1.590000000000000000e+02 -4.767761971141121213e-01
1.580000000000000000e+02 -4.763343253495889718e-01
1.570000000000000000e+02 -4.758329165473800249e-01
1.560000000000000000e+02 -4.752698710958962458e-01
1.550000000000000000e+02 -4.746430266699939726e-01
1.540000000000000000e+02 -4.739501566202337646e-01
1.530000000000000000e+02 -4.731889683410064884e-01
1.520000000000000000e+02 -4.723571016172026793e-01
1.510000000000000000e+02 -4.714521269518889834e-01
1.500000000000000000e+02 -4.704715438742649858e-01
1.490000000000000000e+02 -4.694127792303675606e-01
1.480000000000000000e+02 -4.682731854559855078e-01
1.470000000000000000e+02 -4.670500388335122044e-01
1.460000000000000000e+02 -4.657405377327413776e-01
1.450000000000000000e+02 -4.643418008368519478e-01
1.440000000000000000e+02 -4.628508653528668471e-01
1.430000000000000000e+02 -4.612646852078063353e-01
1.420000000000000000e+02 -4.595801292297108653e-01
1.410000000000000000e+02 -4.577939793134816471e-01
1.400000000000000000e+02 -4.559029285704691015e-01
1.390000000000000000e+02 -4.539035794613370256e-01
1.380000000000000000e+02 -4.517924419096884803e-01
1.370000000000000000e+02 -4.495659313958527137e-01
1.360000000000000000e+02 -4.472203670259307651e-01
1.350000000000000000e+02 -4.447519695767233050e-01
1.340000000000000000e+02 -4.421568595081559749e-01
1.330000000000000000e+02 -4.394310549432923763e-01
1.320000000000000000e+02 -4.365704696070927815e-01
1.310000000000000000e+02 -4.335709107211187519e-01
1.300000000000000000e+02 -4.304280768445355454e-01
1.290000000000000000e+02 -4.271375556570637944e-01
1.280000000000000000e+02 -4.236948216722685734e-01
1.270000000000000000e+02 -4.200952338749580628e-01
1.260000000000000000e+02 -4.163340332702789026e-01
1.250000000000000000e+02 -4.124063403346476808e-01
1.240000000000000000e+02 -4.083071523572264216e-01
1.230000000000000000e+02 -4.040313406572297872e-01
1.220000000000000000e+02 -3.995736476663486747e-01
1.210000000000000000e+02 -3.949286838591054560e-01
1.200000000000000000e+02 -3.900909245190557484e-01
1.190000000000000000e+02 -3.850547063225555622e-01
1.180000000000000000e+02 -3.798142237256644238e-01
1.170000000000000000e+02 -3.743635251370419637e-01
1.160000000000000000e+02 -3.686965088583690209e-01
1.150000000000000000e+02 -3.628069187766956860e-01
1.140000000000000000e+02 -3.566883397885681761e-01
1.130000000000000000e+02 -3.503341929387496778e-01
1.120000000000000000e+02 -3.437377302551271052e-01
1.110000000000000000e+02 -3.368920292586313758e-01
1.100000000000000000e+02 -3.297899871322325094e-01
1.090000000000000000e+02 -3.224243145249757747e-01
1.080000000000000000e+02 -3.147875289744455074e-01
1.070000000000000000e+02 -3.068719479249639726e-01
1.060000000000000000e+02 -2.986696813196162426e-01
1.050000000000000000e+02 -2.901726237442278089e-01
1.040000000000000000e+02 -2.813724461013276112e-01
1.030000000000000000e+02 -2.722605867877537777e-01
1.020000000000000000e+02 -2.628282423510345245e-01
1.010000000000000000e+02 -2.530663576026398465e-01
1.000000000000000000e+02 -2.429656151549688392e-01
9.900000000000000000e+01 -2.325164243638688788e-01
9.800000000000000000e+01 -2.217089096442447227e-01
9.700000000000000000e+01 -2.105328981365364172e-01
9.600000000000000000e+01 -1.989779067048724759e-01
9.500000000000000000e+01 -1.870331282416198837e-01
9.400000000000000000e+01 -1.746874172679567794e-01
9.300000000000000000e+01 -1.619292748246119462e-01
9.200000000000000000e+01 -1.487468326407027641e-01
9.100000000000000000e+01 -1.351278365977985896e-01
9.000000000000000000e+01 -1.210596294984260801e-01
8.900000000000000000e+01 -1.065291331623430260e-01
8.800000000000000000e+01 -9.152282988144655462e-02
8.700000000000000000e+01 -7.602674327903891083e-02
8.600000000000000000e+01 -6.002641860551749531e-02
8.500000000000000000e+01 -4.350690252853806061e-02
8.400000000000000000e+01 -2.645272245334173711e-02
8.300000000000000000e+01 -8.847865415655187249e-03
8.200000000000000000e+01 9.324243424960743098e-03
8.100000000000000000e+01 2.808076269431569738e-02
8.000000000000000000e+01 4.743945711071728688e-02
7.900000000000000000e+01 6.741872025696127313e-02
7.800000000000000000e+01 8.803759788727105740e-02
7.700000000000000000e+01 1.093158118968068360e-01
7.600000000000000000e+01 1.312737851257300692e-01
7.500000000000000000e+01 1.539326672209520019e-01
7.400000000000000000e+01 1.773143618324748427e-01
7.300000000000000000e+01 2.014415554809200204e-01
7.200000000000000000e+01 2.263377484845208731e-01
7.100000000000000000e+01 2.520272884002443536e-01
7.000000000000000000e+01 2.785354064864584700e-01
6.900000000000000000e+01 3.058882577500225963e-01
6.800000000000000000e+01 3.341129651972150061e-01
6.700000000000000000e+01 3.632376689670765435e-01
6.600000000000000000e+01 3.932915810529014622e-01
6.500000000000000000e+01 4.243050464028651492e-01
6.400000000000000000e+01 4.563096111907617991e-01
6.300000000000000000e+01 4.893380991541768088e-01
6.200000000000000000e+01 5.234246968729354688e-01
6.100000000000000000e+01 5.586050489910330263e-01
6.000000000000000000e+01 5.949163643688948344e-01
5.900000000000000000e+01 6.323975342942140809e-01
5.800000000000000000e+01 6.710892639061690756e-01
5.700000000000000000e+01 7.110342181241837700e-01
5.600000000000000000e+01 7.522771835156273346e-01
5.500000000000000000e+01 7.948652476812361201e-01
5.400000000000000000e+01 8.388479979923464391e-01
5.300000000000000000e+01 8.842777418147799162e-01
5.200000000000000000e+01 9.312097506415932813e-01
5.100000000000000000e+01 9.797025311656120117e-01
5.000000000000000000e+01 1.029818126766973263e+00
