4.000000000000000000e+02 -9.791931716286926823e-01
3.990000000000000000e+02 -9.794045595749685251e-01
3.980000000000000000e+02 -9.796178132212224332e-01
3.970000000000000000e+02 -9.798329586754830345e-01
3.960000000000000000e+02 -9.800500224351035294e-01
3.950000000000000000e+02 -9.802690313911778253e-01
3.940000000000000000e+02 -9.804900128330492626e-01
3.930000000000000000e+02 -9.807129944527189780e-01
3.920000000000000000e+02 -9.809380043493824974e-01
3.910000000000000000e+02 -9.811650710337748160e-01
3.900000000000000000e+02 -9.813942234325568892e-01
3.890000000000000000e+02 -9.816254908928602196e-01
3.880000000000000000e+02 -9.818589031865195826e-01
3.870000000000000000e+02 -9.820944905144840531e-01
3.860000000000000000e+02 -9.823322835111804041e-01
3.850000000000000000e+02 -9.825723132487379496e-01
3.840000000000000000e+02 -9.828146112413141955e-01
3.830000000000000000e+02 -9.830592094493296740e-01
3.820000000000000000e+02 -9.833061402836560383e-01
3.810000000000000000e+02 -9.835554366098171464e-01
3.800000000000000000e+02 -9.838071317520282744e-01
3.790000000000000000e+02 -9.840612594974460503e-01
3.780000000000000000e+02 -9.843178541000225934e-01
3.770000000000000000e+02 -9.845769502846281052e-01
3.760000000000000000e+02 -9.848385832509632953e-01
3.750000000000000000e+02 -9.851027886774346154e-01
3.740000000000000000e+02 -9.853696027250294920e-01
3.730000000000000000e+02 -9.856390620410588888e-01
3.720000000000000000e+02 -9.859112037629204073e-01
3.710000000000000000e+02 -9.861860655217824512e-01
3.700000000000000000e+02 -9.864636854461171778e-01
3.690000000000000000e+02 -9.867441021653201583e-01
3.680000000000000000e+02 -9.870273548131630603e-01
3.670000000000000000e+02 -9.873134830311790511e-01
3.660000000000000000e+02 -9.876025269720011268e-01
3.650000000000000000e+02 -9.878945273027021079e-01
3.640000000000000000e+02 -9.881895252079163638e-01
3.630000000000000000e+02 -9.884875623929698651e-01
3.620000000000000000e+02 -9.887886810869499499e-01
3.610000000000000000e+02 -9.890929240457146943e-01
3.600000000000000000e+02 -9.894003345547011108e-01
3.590000000000000000e+02 -9.897109564318168351e-01
3.580000000000000000e+02 -9.900248340301589511e-01
3.570000000000000000e+02 -9.903420122406709769e-01
3.560000000000000000e+02 -9.906625364947373447e-01
3.550000000000000000e+02 -9.909864527666429890e-01
3.540000000000000000e+02 -9.913138075761276369e-01
3.530000000000000000e+02 -9.916446479905608458e-01
3.520000000000000000e+02 -9.919790216272894590e-01
3.510000000000000000e+02 -9.923169766559454263e-01
3.500000000000000000e+02 -9.926585618003331835e-01
3.490000000000000000e+02 -9.930038263406614218e-01
3.480000000000000000e+02 -9.933528201154223636e-01
3.470000000000000000e+02 -9.937055935233244375e-01
3.460000000000000000e+02 -9.940621975250926168e-01
3.450000000000000000e+02 -9.944226836452325635e-01
3.440000000000000000e+02 -9.947871039737540277e-01
3.430000000000000000e+02 -9.951555111677619081e-01
3.420000000000000000e+02 -9.955279584530727366e-01
3.410000000000000000e+02 -9.959044996256762872e-01
3.400000000000000000e+02 -9.962851890532141708e-01
3.390000000000000000e+02 -9.966700816764267890e-01
3.380000000000000000e+02 -9.970592330105159107e-01
3.370000000000000000e+02 -9.974526991464311987e-01
3.360000000000000000e+02 -9.978505367521610658e-01
3.350000000000000000e+02 -9.982528030740320801e-01
3.340000000000000000e+02 -9.986595559379162212e-01
3.330000000000000000e+02 -9.990708537504620068e-01
3.320000000000000000e+02 -9.994867555002401316e-01
3.310000000000000000e+02 -9.999073207589976864e-01
3.300000000000000000e+02 -1.000332609682752727e+00
3.290000000000000000e+02 -1.000762688152752045e+00
3.280000000000000000e+02 -1.001197607857706950e+00
3.270000000000000000e+02 -1.001637435290614553e+00
3.260000000000000000e+02 -1.002082232965642250e+00
3.250000000000000000e+02 -1.002532063988309075e+00
3.240000000000000000e+02 -1.002986992056911664e+00
3.230000000000000000e+02 -1.003447081463935575e+00
3.220000000000000000e+02 -1.003912397097587617e+00
3.210000000000000000e+02 -1.004383004443313299e+00
3.200000000000000000e+02 -1.004858969585519901e+00
3.190000000000000000e+02 -1.005340359209262235e+00
3.180000000000000000e+02 -1.005827240602080952e+00
3.170000000000000000e+02 -1.006319681655915010e+00
3.160000000000000000e+02 -1.006817750869152928e+00
3.150000000000000000e+02 -1.007321517348820805e+00
3.140000000000000000e+02 -1.007831050812779905e+00
3.130000000000000000e+02 -1.008346421592195341e+00
3.120000000000000000e+02 -1.008867700634061393e+00
3.110000000000000000e+02 -1.009394959503954636e+00
3.100000000000000000e+02 -1.009928270388789961e+00
3.090000000000000000e+02 -1.010467706099920537e+00
3.080000000000000000e+02 -1.011013340076328149e+00
3.070000000000000000e+02 -1.011565246387846617e+00
3.060000000000000000e+02 -1.012123499738909027e+00
3.050000000000000000e+02 -1.012688175472102659e+00
3.040000000000000000e+02 -1.013259349572123824e+00
3.030000000000000000e+02 -1.013837098669979175e+00
3.020000000000000000e+02 -1.014421500047097968e+00
3.010000000000000000e+02 -1.015012631639996554e+00
3.000000000000000000e+02 -1.015610572044898685e+00
2.990000000000000000e+02 -1.016215400522636703e+00
2.980000000000000000e+02 -1.016827197003743910e+00
2.970000000000000000e+02 -1.017446042093791636e+00
2.960000000000000000e+02 -1.018072017078787361e+00
2.950000000000000000e+02 -1.018705203930942771e+00
2.940000000000000000e+02 -1.019345685314498429e+00
2.930000000000000000e+02 -1.019993544591752288e+00
2.920000000000000000e+02 -1.020648865829298924e+00
2.910000000000000000e+02 -1.021311733804387778e+00
2.900000000000000000e+02 -1.021982234011501900e+00
2.890000000000000000e+02 -1.022660452668968212e+00
2.880000000000000000e+02 -1.023346476725771170e+00
2.870000000000000000e+02 -1.024040393868492771e+00
2.860000000000000000e+02 -1.024742292528314058e+00
2.850000000000000000e+02 -1.025452261888032401e+00
2.840000000000000000e+02 -1.026170391889286160e+00
2.830000000000000000e+02 -1.026896773239655891e+00
2.820000000000000000e+02 -1.027631497419849493e+00
2.810000000000000000e+02 -1.028374656690918210e+00
2.800000000000000000e+02 -1.029126344101253698e+00
2.790000000000000000e+02 -1.029886653493759407e+00
2.780000000000000000e+02 -1.030655679512678224e+00
2.770000000000000000e+02 -1.031433517610415462e+00
2.760000000000000000e+02 -1.032220264054117154e+00
2.750000000000000000e+02 -1.033016015932111564e+00
2.740000000000000000e+02 -1.033820871160032961e+00
2.730000000000000000e+02 -1.034634928486581673e+00
2.720000000000000000e+02 -1.035458287499062768e+00
2.710000000000000000e+02 -1.036291048628567690e+00
2.700000000000000000e+02 -1.037133313154526171e+00
2.690000000000000000e+02 -1.037985183208866680e+00
2.680000000000000000e+02 -1.038846761779815608e+00
2.670000000000000000e+02 -1.039718152714762311e+00
2.660000000000000000e+02 -1.040599460722764880e+00
2.650000000000000000e+02 -1.041490791376252334e+00
2.640000000000000000e+02 -1.042392251111893042e+00
2.630000000000000000e+02 -1.043303947230799444e+00
2.620000000000000000e+02 -1.044225987897724028e+00
2.610000000000000000e+02 -1.045158482139337597e+00
2.600000000000000000e+02 -1.046101539841565398e+00
2.590000000000000000e+02 -1.047055271745806149e+00
2.580000000000000000e+02 -1.048019789444007088e+00
2.570000000000000000e+02 -1.048995205372620143e+00
2.560000000000000000e+02 -1.049981632805152998e+00
2.550000000000000000e+02 -1.050979185843566199e+00
2.540000000000000000e+02 -1.051987979408226748e+00
2.530000000000000000e+02 -1.053008129226293832e+00
2.520000000000000000e+02 -1.054039751818729220e+00
2.510000000000000000e+02 -1.055082964485710040e+00
2.500000000000000000e+02 -1.056137885290338474e+00
2.490000000000000000e+02 -1.057204633040701891e+00
2.480000000000000000e+02 -1.058283327270124863e+00
2.470000000000000000e+02 -1.059374088215688348e+00
2.460000000000000000e+02 -1.060477036794722494e+00
2.450000000000000000e+02 -1.061592294579602580e+00
2.440000000000000000e+02 -1.062719983770313625e+00
2.430000000000000000e+02 -1.063860227165201122e+00
2.420000000000000000e+02 -1.065013148129430487e+00
2.410000000000000000e+02 -1.066178870561639735e+00
2.400000000000000000e+02 -1.067357518858125465e+00
2.390000000000000000e+02 -1.068549217874936064e+00
2.380000000000000000e+02 -1.069754092887960972e+00
2.370000000000000000e+02 -1.070972269550390044e+00
2.360000000000000000e+02 -1.072203873848235123e+00
2.350000000000000000e+02 -1.073449032053333418e+00
2.340000000000000000e+02 -1.074707870674236787e+00
2.330000000000000000e+02 -1.075980516404580367e+00
2.320000000000000000e+02 -1.077267096069330021e+00
2.310000000000000000e+02 -1.078567736568500024e+00
2.300000000000000000e+02 -1.079882564818739565e+00
2.290000000000000000e+02 -1.081211707692519841e+00
2.280000000000000000e+02 -1.082555291955030086e+00
2.270000000000000000e+02 -1.083913444198799869e+00
2.260000000000000000e+02 -1.085286290775949958e+00
2.250000000000000000e+02 -1.086673957728549578e+00
2.240000000000000000e+02 -1.088076570716470126e+00
2.230000000000000000e+02 -1.089494254942990015e+00
2.220000000000000000e+02 -1.090927135078750387e+00
2.210000000000000000e+02 -1.092375335183209950e+00
2.200000000000000000e+02 -1.093838978624170011e+00
2.190000000000000000e+02 -1.095318187995480308e+00
2.180000000000000000e+02 -1.096813085032629864e+00
2.170000000000000000e+02 -1.098323790526690269e+00
2.160000000000000000e+02 -1.099850424236140434e+00
2.150000000000000000e+02 -1.101393104797379952e+00
2.140000000000000000e+02 -1.102951949633140138e+00
2.130000000000000000e+02 -1.104527074859600111e+00
2.120000000000000000e+02 -1.106118595191659892e+00
2.110000000000000000e+02 -1.107726623847030467e+00
2.100000000000000000e+02 -1.109351272448580117e+00
2.090000000000000000e+02 -1.110992650925519909e+00
2.080000000000000000e+02 -1.112650867413119471e+00
2.070000000000000000e+02 -1.114326028151169989e+00
2.060000000000000000e+02 -1.116018237381255274e+00
2.050000000000000000e+02 -1.117727597242749837e+00
2.040000000000000000e+02 -1.119454207667650136e+00
2.030000000000000000e+02 -1.121198166274190111e+00
2.020000000000000000e+02 -1.122959568259439989e+00
2.010000000000000000e+02 -1.124738506290519746e+00
2.000000000000000000e+02 -1.126535070395249027e+00
1.990000000000000000e+02 -1.128349347850150064e+00
1.980000000000000000e+02 -1.130181423069269719e+00
1.970000000000000000e+02 -1.132031377489969515e+00
1.960000000000000000e+02 -1.133899289458169424e+00
1.950000000000000000e+02 -1.135785234112249853e+00
1.940000000000000000e+02 -1.137689283264970541e+00
1.930000000000000000e+02 -1.139611505283669501e+00
1.920000000000000000e+02 -1.141551964968529953e+00
1.910000000000000000e+02 -1.143510723430610332e+00
1.900000000000000000e+02 -1.145487837964330069e+00
1.890000000000000000e+02 -1.147483361920319522e+00
1.880000000000000000e+02 -1.149497344575119318e+00
1.870000000000000000e+02 -1.151529830996519621e+00
1.860000000000000000e+02 -1.153580861907600230e+00
1.850000000000000000e+02 -1.155650473545499768e+00
1.840000000000000000e+02 -1.157738697517920468e+00
1.830000000000000000e+02 -1.159845560653999907e+00
1.820000000000000000e+02 -1.161971088725939794e+00
1.810000000000000000e+02 -1.164115291689349352e+00
1.800000000000000000e+02 -1.166278184274829766e+00
1.790000000000000000e+02 -1.168459772654740103e+00
1.780000000000000000e+02 -1.170660057409109944e+00
1.770000000000000000e+02 -1.172879033343969812e+00
1.760000000000000000e+02 -1.175116689301529238e+00
1.750000000000000000e+02 -1.177373007962219997e+00
1.740000000000000000e+02 -1.179647965638930041e+00
1.730000000000000000e+02 -1.181941532061330236e+00
1.720000000000000000e+02 -1.184253670150170024e+00
1.710000000000000000e+02 -1.186584335781220023e+00
1.700000000000000000e+02 -1.188933477539290351e+00
1.690000000000000000e+02 -1.191301036457339757e+00
1.680000000000000000e+02 -1.193686945746510020e+00
1.670000000000000000e+02 -1.196091130510979594e+00
1.660000000000000000e+02 -1.198513507448510262e+00
1.650000000000000000e+02 -1.200953984537629582e+00
1.640000000000000000e+02 -1.203412460708459530e+00
1.630000000000000000e+02 -1.205888825498139472e+00
1.620000000000000000e+02 -1.208382958689099951e+00
1.610000000000000000e+02 -1.210894730587519952e+00
1.600000000000000000e+02 -1.213423998981820073e+00
1.590000000000000000e+02 -1.215970612714739829e+00
1.580000000000000000e+02 -1.218534408575009387e+00
1.570000000000000000e+02 -1.221115211514487431e+00
1.560000000000000000e+02 -1.223712834172460351e+00
1.550000000000000000e+02 -1.226327076379639669e+00
1.540000000000000000e+02 -1.228957724638880311e+00
1.530000000000000000e+02 -1.231604551587319296e+00
1.520000000000000000e+02 -1.234267315432570067e+00
1.510000000000000000e+02 -1.236945759369550313e+00
1.500000000000000000e+02 -1.239639610972529837e+00
1.490000000000000000e+02 -1.242348581564199694e+00
1.480000000000000000e+02 -1.245072365563150374e+00
1.470000000000000000e+02 -1.247810639805659871e+00
1.460000000000000000e+02 -1.250563062845789331e+00
1.450000000000000000e+02 -1.253329274230670087e+00
1.440000000000000000e+02 -1.256108893753409950e+00
1.430000000000000000e+02 -1.258901520681969366e+00
1.420000000000000000e+02 -1.261706732963079780e+00
1.410000000000000000e+02 -1.264524086405690362e+00
1.400000000000000000e+02 -1.267353113837560219e+00
1.390000000000000000e+02 -1.270193324239610178e+00
1.380000000000000000e+02 -1.273044201856969870e+00
1.370000000000000000e+02 -1.275905205285260635e+00
1.360000000000000000e+02 -1.278775766531289992e+00
1.350000000000000000e+02 -1.281655290051009866e+00
1.340000000000000000e+02 -1.284543151759920177e+00
1.330000000000000000e+02 -1.287438698016700300e+00
1.320000000000000000e+02 -1.290341244579459090e+00
1.310000000000000000e+02 -1.293250075531409582e+00
1.300000000000000000e+02 -1.296164442174199571e+00
1.290000000000000000e+02 -1.299083561887539595e+00
1.280000000000000000e+02 -1.302006616949459961e+00
1.270000000000000000e+02 -1.304932753316989658e+00
1.260000000000000000e+02 -1.307861079357319989e+00
1.250000000000000000e+02 -1.310790664531039429e+00
1.240000000000000000e+02 -1.313720538014060413e+00
1.230000000000000000e+02 -1.316649687257150481e+00
1.220000000000000000e+02 -1.319577056470470300e+00
1.210000000000000000e+02 -1.322501545025789760e+00
1.200000000000000000e+02 -1.325422005766079936e+00
1.190000000000000000e+02 -1.328337243208549845e+00
1.180000000000000000e+02 -1.331246011630379478e+00
1.170000000000000000e+02 -1.334147013019369554e+00
1.160000000000000000e+02 -1.337038894877019768e+00
1.150000000000000000e+02 -1.339920247851180024e+00
1.140000000000000000e+02 -1.342789603184359581e+00
1.130000000000000000e+02 -1.345645429951360494e+00
1.120000000000000000e+02 -1.348486132065068954e+00
1.110000000000000000e+02 -1.351310045028619511e+00
1.100000000000000000e+02 -1.354115432402589914e+00
1.090000000000000000e+02 -1.356900481962419747e+00
1.080000000000000000e+02 -1.359663301515679379e+00
1.070000000000000000e+02 -1.362401914347820098e+00
1.060000000000000000e+02 -1.365114254264549798e+00
1.050000000000000000e+02 -1.367798160195729196e+00
1.040000000000000000e+02 -1.370451370326169371e+00
1.030000000000000000e+02 -1.373071515717939839e+00
1.020000000000000000e+02 -1.375656113386699797e+00
1.010000000000000000e+02 -1.378202558793209853e+00
1.000000000000000000e+02 -1.380708117715349736e+00
9.900000000000000000e+01 -1.383169917457429454e+00
9.800000000000000000e+01 -1.385584937363799840e+00
9.700000000000000000e+01 -1.387949998594650403e+00
9.600000000000000000e+01 -1.390261753127340461e+00
9.500000000000000000e+01 -1.392516671947210849e+00
9.400000000000000000e+01 -1.394711032390079541e+00
9.300000000000000000e+01 -1.396840904599289779e+00
9.200000000000000000e+01 -1.398902137065578977e+00
9.100000000000000000e+01 -1.400890341210920376e+00
9.000000000000000000e+01 -1.402800874985100199e+00
8.900000000000000000e+01 -1.404628825439070638e+00
8.800000000000000000e+01 -1.406368990241840367e+00
8.700000000000000000e+01 -1.408015858103670137e+00
8.600000000000000000e+01 -1.409563588069939977e+00
8.500000000000000000e+01 -1.411005987644939896e+00
8.400000000000000000e+01 -1.412336489700078968e+00
8.300000000000000000e+01 -1.413548128118719216e+00
8.200000000000000000e+01 -1.414633512118530057e+00
8.100000000000000000e+01 -1.415584799187220355e+00
8.000000000000000000e+01 -1.416393666548700025e+00
7.900000000000000000e+01 -1.417051281071989521e+00
7.800000000000000000e+01 -1.417548267506320014e+00
7.700000000000000000e+01 -1.417874674914570088e+00
7.600000000000000000e+01 -1.418019941142909746e+00
7.500000000000000000e+01 -1.417972855141819810e+00
7.400000000000000000e+01 -1.417721516914310254e+00
7.300000000000000000e+01 -1.417253294830920662e+00
7.200000000000000000e+01 -1.416554779999059877e+00
7.100000000000000000e+01 -1.415611737330470188e+00
7.000000000000000000e+01 -1.414409052883970119e+00
6.900000000000000000e+01 -1.412930676996879686e+00
6.800000000000000000e+01 -1.411159562644590526e+00
6.700000000000000000e+01 -1.409077598381440311e+00
6.600000000000000000e+01 -1.406665535122109567e+00
6.500000000000000000e+01 -1.403902905925420441e+00
6.400000000000000000e+01 -1.400767937811979946e+00
6.300000000000000000e+01 -1.397237454536550239e+00
6.200000000000000000e+01 -1.393286769078719622e+00
6.100000000000000000e+01 -1.388889564462889359e+00
6.000000000000000000e+01 -1.384017761339259023e+00
5.900000000000000000e+01 -1.378641370562009083e+00
5.800000000000000000e+01 -1.372728328775959739e+00
5.700000000000000000e+01 -1.366244314774359925e+00
5.600000000000000000e+01 -1.359152544110370009e+00
5.500000000000000000e+01 -1.351413539118789586e+00
5.400000000000000000e+01 -1.342984871149110582e+00
5.300000000000000000e+01 -1.333820871375069661e+00
5.200000000000000000e+01 -1.323872306072529259e+00
5.100000000000000000e+01 -1.313086011688829435e+00
5.000000000000000000e+01 -1.301404484358289926e+00
