4.000000000000000000e+02 -6.148699743739298729e-01
3.990000000000000000e+02 -6.151005802375797415e-01
3.980000000000000000e+02 -6.153333719528700785e-01
3.970000000000000000e+02 -6.155683813267401883e-01
3.960000000000000000e+02 -6.158056406384101455e-01
3.950000000000000000e+02 -6.160451826444599543e-01
3.940000000000000000e+02 -6.162870405838500876e-01
3.930000000000000000e+02 -6.165312481829499092e-01
3.920000000000000000e+02 -6.167778396604199909e-01
3.910000000000000000e+02 -6.170268497322601853e-01
3.900000000000000000e+02 -6.172783136165699291e-01
3.890000000000000000e+02 -6.175322670384999491e-01
3.880000000000000000e+02 -6.177887462351098202e-01
3.870000000000000000e+02 -6.180477879599400870e-01
3.860000000000000000e+02 -6.183094294879999397e-01
3.850000000000000000e+02 -6.185737086201699153e-01
3.840000000000000000e+02 -6.188406636879197897e-01
3.830000000000000000e+02 -6.191103335579398736e-01
3.820000000000000000e+02 -6.193827576364400178e-01
3.810000000000000000e+02 -6.196579758736897592e-01
3.800000000000000000e+02 -6.199360287683197690e-01
3.790000000000000000e+02 -6.202169573716100892e-01
3.780000000000000000e+02 -6.205008032916700111e-01
3.770000000000000000e+02 -6.207876086975299135e-01
3.760000000000000000e+02 -6.210774163231700395e-01
3.750000000000000000e+02 -6.213702694715200758e-01
3.740000000000000000e+02 -6.216662120182201434e-01
3.730000000000000000e+02 -6.219652884154299732e-01
3.720000000000000000e+02 -6.222675436954701045e-01
3.710000000000000000e+02 -6.225730234743498404e-01
3.700000000000000000e+02 -6.228817739552798827e-01
3.690000000000000000e+02 -6.231938419320000033e-01
3.680000000000000000e+02 -6.235092747919699363e-01
3.670000000000000000e+02 -6.238281205195000956e-01
3.660000000000000000e+02 -6.241504276988498745e-01
3.650000000000000000e+02 -6.244762455170700388e-01
3.640000000000000000e+02 -6.248056237666996804e-01
3.630000000000000000e+02 -6.251386128485498794e-01
3.620000000000000000e+02 -6.254752637741398669e-01
3.610000000000000000e+02 -6.258156281681298561e-01
3.600000000000000000e+02 -6.261597582706197596e-01
3.590000000000000000e+02 -6.265077069392599451e-01
3.580000000000000000e+02 -6.268595276512696213e-01
3.570000000000000000e+02 -6.272152745053198863e-01
3.560000000000000000e+02 -6.275750022233399505e-01
3.550000000000000000e+02 -6.279387661520597907e-01
3.540000000000000000e+02 -6.283066222645099508e-01
3.530000000000000000e+02 -6.286786271614297483e-01
3.520000000000000000e+02 -6.290548380723697264e-01
3.510000000000000000e+02 -6.294353128568797029e-01
3.500000000000000000e+02 -6.298201100054299229e-01
3.490000000000000000e+02 -6.302092886401797767e-01
3.480000000000000000e+02 -6.306029085156696912e-01
3.470000000000000000e+02 -6.310010300194699440e-01
3.460000000000000000e+02 -6.314037141724198055e-01
3.450000000000000000e+02 -6.318110226290998277e-01
3.440000000000000000e+02 -6.322230176779100042e-01
3.430000000000000000e+02 -6.326397622411497057e-01
3.420000000000000000e+02 -6.330613198749299730e-01
3.410000000000000000e+02 -6.334877547689998778e-01
3.400000000000000000e+02 -6.339191317464498709e-01
3.390000000000000000e+02 -6.343555162632799060e-01
3.380000000000000000e+02 -6.347969744079698939e-01
3.370000000000000000e+02 -6.352435729007699372e-01
3.360000000000000000e+02 -6.356953790930399695e-01
3.350000000000000000e+02 -6.361524609664899188e-01
3.340000000000000000e+02 -6.366148871322598879e-01
3.330000000000000000e+02 -6.370827268299799062e-01
3.320000000000000000e+02 -6.375560499267898251e-01
3.310000000000000000e+02 -6.380349269161398329e-01
3.300000000000000000e+02 -6.385194289167899218e-01
3.290000000000000000e+02 -6.390096333624499803e-01
3.280000000000000000e+02 -6.395056019453400076e-01
3.270000000000000000e+02 -6.400074127203398966e-01
3.260000000000000000e+02 -6.405151393046799591e-01
3.250000000000000000e+02 -6.410288559356498439e-01
3.240000000000000000e+02 -6.415486374692898064e-01
3.230000000000000000e+02 -6.420745590755899679e-01
3.220000000000000000e+02 -6.426066974526898345e-01
3.210000000000000000e+02 -6.431451290015597344e-01
3.200000000000000000e+02 -6.436899310415897801e-01
3.190000000000000000e+02 -6.442411815053499247e-01
3.180000000000000000e+02 -6.447989589373799291e-01
3.170000000000000000e+02 -6.453633424933797880e-01
3.160000000000000000e+02 -6.459344119392698147e-01
3.150000000000000000e+02 -6.465122476504598925e-01
3.140000000000000000e+02 -6.470969306111901131e-01
3.130000000000000000e+02 -6.476885424139597891e-01
3.120000000000000000e+02 -6.482871652589998757e-01
3.110000000000000000e+02 -6.488928819541999182e-01
3.100000000000000000e+02 -6.495057759146598553e-01
3.090000000000000000e+02 -6.501259311629199455e-01
3.080000000000000000e+02 -6.507534323289299039e-01
3.070000000000000000e+02 -6.513883646504599056e-01
3.060000000000000000e+02 -6.520308139735200292e-01
3.050000000000000000e+02 -6.526808667531097674e-01
3.040000000000000000e+02 -6.533386100540599095e-01
3.030000000000000000e+02 -6.540041315520398468e-01
3.020000000000000000e+02 -6.546775195348799592e-01
3.010000000000000000e+02 -6.553588629039998059e-01
3.000000000000000000e+02 -6.560482511761397406e-01
2.990000000000000000e+02 -6.567457744852498447e-01
2.980000000000000000e+02 -6.574515235845199701e-01
2.970000000000000000e+02 -6.581655898489100487e-01
2.960000000000000000e+02 -6.588880652774600222e-01
2.950000000000000000e+02 -6.596190424962198318e-01
2.940000000000000000e+02 -6.603586147612197088e-01
2.930000000000000000e+02 -6.611068759615699175e-01
2.920000000000000000e+02 -6.618639206230099159e-01
2.910000000000000000e+02 -6.626298439112801031e-01
2.900000000000000000e+02 -6.634047416361701366e-01
2.890000000000000000e+02 -6.641887102551999877e-01
2.880000000000000000e+02 -6.649818468780099856e-01
2.870000000000000000e+02 -6.657842492704200144e-01
2.860000000000000000e+02 -6.665960158589299134e-01
2.850000000000000000e+02 -6.674172457352698373e-01
2.840000000000000000e+02 -6.682480386609600531e-01
2.830000000000000000e+02 -6.690884950720501489e-01
2.820000000000000000e+02 -6.699387160838599087e-01
2.810000000000000000e+02 -6.707988034957499401e-01
2.800000000000000000e+02 -6.716688597958399010e-01
2.790000000000000000e+02 -6.725489881658599511e-01
2.780000000000000000e+02 -6.734392924856699159e-01
2.770000000000000000e+02 -6.743398773379400968e-01
2.760000000000000000e+02 -6.752508480124199686e-01
2.750000000000000000e+02 -6.761723105103798481e-01
2.740000000000000000e+02 -6.771043715484799108e-01
2.730000000000000000e+02 -6.780471385624298186e-01
2.720000000000000000e+02 -6.790007197106597836e-01
2.710000000000000000e+02 -6.799652238770901302e-01
2.700000000000000000e+02 -6.809407606740298657e-01
2.690000000000000000e+02 -6.819274404441099113e-01
2.680000000000000000e+02 -6.829253742620799983e-01
2.670000000000000000e+02 -6.839346739357698990e-01
2.660000000000000000e+02 -6.849554520065297414e-01
2.650000000000000000e+02 -6.859878217488799557e-01
2.640000000000000000e+02 -6.870318971694298060e-01
2.630000000000000000e+02 -6.880877930050198765e-01
2.620000000000000000e+02 -6.891556247197899721e-01
2.610000000000000000e+02 -6.902355085014300062e-01
2.600000000000000000e+02 -6.913275612562899131e-01
2.590000000000000000e+02 -6.924319006034499457e-01
2.580000000000000000e+02 -6.935486448674599291e-01
2.570000000000000000e+02 -6.946779130700397875e-01
2.560000000000000000e+02 -6.958198249201997809e-01
2.550000000000000000e+02 -6.969745008030998612e-01
2.540000000000000000e+02 -6.981420617673897988e-01
2.530000000000000000e+02 -6.993226295109900015e-01
2.520000000000000000e+02 -7.005163263651400518e-01
2.510000000000000000e+02 -7.017232752769297921e-01
2.500000000000000000e+02 -7.029435997898999533e-01
2.490000000000000000e+02 -7.041774240227600679e-01
2.480000000000000000e+02 -7.054248726464300567e-01
2.470000000000000000e+02 -7.066860708586399920e-01
2.460000000000000000e+02 -7.079611443569500118e-01
2.450000000000000000e+02 -7.092502193093299656e-01
2.440000000000000000e+02 -7.105534223226599444e-01
2.430000000000000000e+02 -7.118708804088997866e-01
2.420000000000000000e+02 -7.132027209490899855e-01
2.410000000000000000e+02 -7.145490716547997501e-01
2.400000000000000000e+02 -7.159100605273600593e-01
2.390000000000000000e+02 -7.172858158144199692e-01
2.380000000000000000e+02 -7.186764659642299602e-01
2.370000000000000000e+02 -7.200821395770800049e-01
2.360000000000000000e+02 -7.215029653544600130e-01
2.350000000000000000e+02 -7.229390720453496844e-01
2.340000000000000000e+02 -7.243905883901098353e-01
2.330000000000000000e+02 -7.258576430614098740e-01
2.320000000000000000e+02 -7.273403646027598590e-01
2.310000000000000000e+02 -7.288388813641499819e-01
2.300000000000000000e+02 -7.303533214351198843e-01
2.290000000000000000e+02 -7.318838125750499746e-01
2.280000000000000000e+02 -7.334304821407700015e-01
2.270000000000000000e+02 -7.349934570115698174e-01
2.260000000000000000e+02 -7.365728635112900324e-01
2.250000000000000000e+02 -7.381688273281000745e-01
2.240000000000000000e+02 -7.397814734314498430e-01
2.230000000000000000e+02 -7.414109259863799206e-01
2.220000000000000000e+02 -7.430573082654299277e-01
2.210000000000000000e+02 -7.447207425579298601e-01
2.200000000000000000e+02 -7.464013500768297282e-01
2.190000000000000000e+02 -7.480992508631898463e-01
2.180000000000000000e+02 -7.498145636880997333e-01
2.170000000000000000e+02 -7.515474059525399930e-01
2.160000000000000000e+02 -7.532978935847698398e-01
2.150000000000000000e+02 -7.550661409356699272e-01
2.140000000000000000e+02 -7.568522606718798285e-01
2.130000000000000000e+02 -7.586563636669199084e-01
2.120000000000000000e+02 -7.604785588902698290e-01
2.110000000000000000e+02 -7.623189532945396918e-01
2.100000000000000000e+02 -7.641776517008297409e-01
2.090000000000000000e+02 -7.660547566822498711e-01
2.080000000000000000e+02 -7.679503684456497892e-01
2.070000000000000000e+02 -7.698645847118199548e-01
2.060000000000000000e+02 -7.717975005939999855e-01
2.050000000000000000e+02 -7.737492084747997767e-01
2.040000000000000000e+02 -7.757197978816898765e-01
2.030000000000000000e+02 -7.777093553609899512e-01
2.020000000000000000e+02 -7.797179643503898694e-01
2.010000000000000000e+02 -7.817457050501899207e-01
2.000000000000000000e+02 -7.837926542930098162e-01
1.990000000000000000e+02 -7.858588854121798528e-01
1.980000000000000000e+02 -7.879444681089200486e-01
1.970000000000000000e+02 -7.900494683177499144e-01
1.960000000000000000e+02 -7.921739480709698578e-01
1.950000000000000000e+02 -7.943179653612297830e-01
1.940000000000000000e+02 -7.964815740030199986e-01
1.930000000000000000e+02 -7.986648234920898926e-01
1.920000000000000000e+02 -8.008677588637599376e-01
1.910000000000000000e+02 -8.030904205490300152e-01
1.900000000000000000e+02 -8.053328442290298428e-01
1.890000000000000000e+02 -8.075950606873499860e-01
1.880000000000000000e+02 -8.098770956602898696e-01
1.870000000000000000e+02 -8.121789696845699291e-01
1.860000000000000000e+02 -8.145006979427199534e-01
1.850000000000000000e+02 -8.168422901055399921e-01
1.840000000000000000e+02 -8.192037501714998227e-01
1.830000000000000000e+02 -8.215850763030898563e-01
1.820000000000000000e+02 -8.239862648821899560e-01
1.810000000000000000e+02 -8.264072944240300478e-01
1.800000000000000000e+02 -8.288481480268098389e-01
1.790000000000000000e+02 -8.313087988412800611e-01
1.780000000000000000e+02 -8.337892133129900518e-01
1.770000000000000000e+02 -8.362893509938399417e-01
1.760000000000000000e+02 -8.388091643483199800e-01
1.750000000000000000e+02 -8.413485985544297829e-01
1.740000000000000000e+02 -8.439075912975998461e-01
1.730000000000000000e+02 -8.464860725592000534e-01
1.720000000000000000e+02 -8.490839643970998774e-01
1.710000000000000000e+02 -8.517011807196098738e-01
1.700000000000000000e+02 -8.543376270514200232e-01
1.690000000000000000e+02 -8.569932002911500035e-01
1.680000000000000000e+02 -8.596677884608798781e-01
1.670000000000000000e+02 -8.623612704462699785e-01
1.660000000000000000e+02 -8.650735157275699638e-01
1.650000000000000000e+02 -8.678043841010200099e-01
1.640000000000000000e+02 -8.705537253896300509e-01
1.630000000000000000e+02 -8.733213791443898977e-01
1.620000000000000000e+02 -8.761071743340399509e-01
1.610000000000000000e+02 -8.789109290241898798e-01
1.600000000000000000e+02 -8.817324500452698999e-01
1.590000000000000000e+02 -8.845715326485598107e-01
1.580000000000000000e+02 -8.874279601513798132e-01
1.570000000000000000e+02 -8.903015035693897516e-01
1.560000000000000000e+02 -8.931919212383898632e-01
1.550000000000000000e+02 -8.960989584232099681e-01
1.540000000000000000e+02 -8.990223469152298641e-01
1.530000000000000000e+02 -9.019618046180399862e-01
1.520000000000000000e+02 -9.049170351219099073e-01
1.510000000000000000e+02 -9.078877272662199127e-01
1.500000000000000000e+02 -9.108735546914997760e-01
1.490000000000000000e+02 -9.138741753801399303e-01
1.480000000000000000e+02 -9.168892311873397816e-01
1.470000000000000000e+02 -9.199183473616898699e-01
1.460000000000000000e+02 -9.229611320568299471e-01
1.450000000000000000e+02 -9.260171758338598957e-01
1.440000000000000000e+02 -9.290860511559300150e-01
1.430000000000000000e+02 -9.321673118750598563e-01
1.420000000000000000e+02 -9.352604927120000688e-01
1.410000000000000000e+02 -9.383651087298198190e-01
1.400000000000000000e+02 -9.414806548018500587e-01
1.390000000000000000e+02 -9.446066050741999121e-01
1.380000000000000000e+02 -9.477424124237900926e-01
1.370000000000000000e+02 -9.508875079120796547e-01
1.360000000000000000e+02 -9.540413002347897242e-01
1.350000000000000000e+02 -9.572031751670098121e-01
1.340000000000000000e+02 -9.603724950050500642e-01
1.330000000000000000e+02 -9.635485980027697073e-01
1.320000000000000000e+02 -9.667307978031798310e-01
1.310000000000000000e+02 -9.699183828626196657e-01
1.300000000000000000e+02 -9.731106158679397877e-01
1.290000000000000000e+02 -9.763067331418898709e-01
1.280000000000000000e+02 -9.795059440369897619e-01
1.270000000000000000e+02 -9.827074303119399667e-01
1.260000000000000000e+02 -9.859103454877899964e-01
1.250000000000000000e+02 -9.891138141792499283e-01
1.240000000000000000e+02 -9.923169313934897540e-01
1.230000000000000000e+02 -9.955187617925396193e-01
1.220000000000000000e+02 -9.987183389075395823e-01
1.210000000000000000e+02 -1.001914664299779822e+00
1.200000000000000000e+02 -1.005106706654899540e+00
1.190000000000000000e+02 -1.008293400800249540e+00
1.180000000000000000e+02 -1.011473646633079815e+00
1.170000000000000000e+02 -1.014646307941419856e+00
1.160000000000000000e+02 -1.017810211106299434e+00
1.150000000000000000e+02 -1.020964143664249590e+00
1.140000000000000000e+02 -1.024106852711399895e+00
1.130000000000000000e+02 -1.027237043130209804e+00
1.120000000000000000e+02 -1.030353375611739342e+00
1.110000000000000000e+02 -1.033454464455049848e+00
1.100000000000000000e+02 -1.036538875111609803e+00
1.090000000000000000e+02 -1.039605121453419656e+00
1.080000000000000000e+02 -1.042651662730809559e+00
1.070000000000000000e+02 -1.045676900190729786e+00
1.060000000000000000e+02 -1.048679173327389691e+00
1.050000000000000000e+02 -1.051656755727459425e+00
1.040000000000000000e+02 -1.054607850479079456e+00
1.030000000000000000e+02 -1.057530585110079357e+00
1.020000000000000000e+02 -1.060423006020149828e+00
1.010000000000000000e+02 -1.063283072370109661e+00
1.000000000000000000e+02 -1.066108649396979580e+00
9.900000000000000000e+01 -1.068897501115719795e+00
9.800000000000000000e+01 -1.071647282374999843e+00
9.700000000000000000e+01 -1.074355530234549549e+00
9.600000000000000000e+01 -1.077019654628890155e+00
9.500000000000000000e+01 -1.079636928288459696e+00
9.400000000000000000e+01 -1.082204475886419770e+00
9.300000000000000000e+01 -1.084719262384099991e+00
9.200000000000000000e+01 -1.087178080549399795e+00
9.100000000000000000e+01 -1.089577537620769698e+00
9.000000000000000000e+01 -1.091914041097849619e+00
8.900000000000000000e+01 -1.094183783632199702e+00
8.800000000000000000e+01 -1.096382727004949320e+00
8.700000000000000000e+01 -1.098506585164469751e+00
8.600000000000000000e+01 -1.100550806310659713e+00
8.500000000000000000e+01 -1.102510554002759546e+00
8.400000000000000000e+01 -1.104380687271789396e+00
8.300000000000000000e+01 -1.106155739709399732e+00
8.200000000000000000e+01 -1.107829897508069372e+00
8.100000000000000000e+01 -1.109396976414950053e+00
8.000000000000000000e+01 -1.110850397556649716e+00
7.900000000000000000e+01 -1.112183162079149579e+00
7.800000000000000000e+01 -1.113387824536399506e+00
7.700000000000000000e+01 -1.114456464941579572e+00
7.600000000000000000e+01 -1.115380659374929362e+00
7.500000000000000000e+01 -1.116151449022529718e+00
7.400000000000000000e+01 -1.116759307481199448e+00
7.300000000000000000e+01 -1.117194106148519550e+00
7.200000000000000000e+01 -1.117445077458659952e+00
7.100000000000000000e+01 -1.117500775698679893e+00
7.000000000000000000e+01 -1.117349035080129838e+00
6.900000000000000000e+01 -1.116976924684929484e+00
6.800000000000000000e+01 -1.116370699847019976e+00
6.700000000000000000e+01 -1.115515749455170180e+00
6.600000000000000000e+01 -1.114396538582489882e+00
6.500000000000000000e+01 -1.112996545767940271e+00
6.400000000000000000e+01 -1.111298194165720066e+00
6.300000000000000000e+01 -1.109282775683140265e+00
6.200000000000000000e+01 -1.106930367096849999e+00
6.100000000000000000e+01 -1.104219737012609226e+00
6.000000000000000000e+01 -1.101128242378839772e+00
5.900000000000000000e+01 -1.097631713110529761e+00
5.800000000000000000e+01 -1.093704323186269534e+00
5.700000000000000000e+01 -1.089318446382169681e+00
5.600000000000000000e+01 -1.084444494578489682e+00
5.500000000000000000e+01 -1.079050736305169345e+00
5.400000000000000000e+01 -1.073103092908319622e+00
5.300000000000000000e+01 -1.066564909367599956e+00
5.200000000000000000e+01 -1.059396696410829897e+00
5.100000000000000000e+01 -1.051555840120739660e+00
5.000000000000000000e+01 -1.042996274689559577e+00
