4.000000000000000000e+02 -6.120039691518599501e-01
3.990000000000000000e+02 -6.121695588469200366e-01
3.980000000000000000e+02 -6.123359724453198982e-01
3.970000000000000000e+02 -6.125032158209999800e-01
3.960000000000000000e+02 -6.126712948929199376e-01
3.950000000000000000e+02 -6.128402156250399857e-01
3.940000000000000000e+02 -6.130099840263699695e-01
3.930000000000000000e+02 -6.131806061509099681e-01
3.920000000000000000e+02 -6.133520880976499612e-01
3.910000000000000000e+02 -6.135244360105200911e-01
3.900000000000000000e+02 -6.136976560782401169e-01
3.890000000000000000e+02 -6.138717545342800008e-01
3.880000000000000000e+02 -6.140467376567299018e-01
3.870000000000000000e+02 -6.142226117681399700e-01
3.860000000000000000e+02 -6.143993832353398243e-01
3.850000000000000000e+02 -6.145770584691799820e-01
3.840000000000000000e+02 -6.147556439243697657e-01
3.830000000000000000e+02 -6.149351460991899776e-01
3.820000000000000000e+02 -6.151155715351700470e-01
3.810000000000000000e+02 -6.152969268167199912e-01
3.800000000000000000e+02 -6.154792185708999330e-01
3.790000000000000000e+02 -6.156624534668500015e-01
3.780000000000000000e+02 -6.158466382154600405e-01
3.770000000000000000e+02 -6.160317795688599052e-01
3.760000000000000000e+02 -6.162178843198599099e-01
3.750000000000000000e+02 -6.164049593014599981e-01
3.740000000000000000e+02 -6.165930113861899375e-01
3.730000000000000000e+02 -6.167820474854799340e-01
3.720000000000000000e+02 -6.169720745489700731e-01
3.710000000000000000e+02 -6.171630995637198414e-01
3.700000000000000000e+02 -6.173551295534699390e-01
3.690000000000000000e+02 -6.175481715777799696e-01
3.680000000000000000e+02 -6.177422327310397865e-01
3.670000000000000000e+02 -6.179373201416498151e-01
3.660000000000000000e+02 -6.181334409708600930e-01
3.650000000000000000e+02 -6.183306024118300215e-01
3.640000000000000000e+02 -6.185288116883198573e-01
3.630000000000000000e+02 -6.187280760536399971e-01
3.620000000000000000e+02 -6.189284027892796303e-01
3.610000000000000000e+02 -6.191297992035598163e-01
3.600000000000000000e+02 -6.193322726302898928e-01
3.590000000000000000e+02 -6.195358304271598726e-01
3.580000000000000000e+02 -6.197404799742798343e-01
3.570000000000000000e+02 -6.199462286724499727e-01
3.560000000000000000e+02 -6.201530839414501894e-01
3.550000000000000000e+02 -6.203610532182599613e-01
3.540000000000000000e+02 -6.205701439550899146e-01
3.530000000000000000e+02 -6.207803636174198392e-01
3.520000000000000000e+02 -6.209917196818598439e-01
3.510000000000000000e+02 -6.212042196340299416e-01
3.500000000000000000e+02 -6.214178709662299127e-01
3.490000000000000000e+02 -6.216326811750298997e-01
3.480000000000000000e+02 -6.218486577588198116e-01
3.470000000000000000e+02 -6.220658082151299118e-01
3.460000000000000000e+02 -6.222841400379498511e-01
3.450000000000000000e+02 -6.225036607148800583e-01
3.440000000000000000e+02 -6.227243777241697753e-01
3.430000000000000000e+02 -6.229462985316198687e-01
3.420000000000000000e+02 -6.231694305873798356e-01
3.410000000000000000e+02 -6.233937813225699509e-01
3.400000000000000000e+02 -6.236193581458400192e-01
3.390000000000000000e+02 -6.238461684396900964e-01
3.380000000000000000e+02 -6.240742195567599016e-01
3.370000000000000000e+02 -6.243035188158999604e-01
3.360000000000000000e+02 -6.245340734980100450e-01
3.350000000000000000e+02 -6.247658908419200241e-01
3.340000000000000000e+02 -6.249989780399800576e-01
3.330000000000000000e+02 -6.252333422334197532e-01
3.320000000000000000e+02 -6.254689905077099876e-01
3.310000000000000000e+02 -6.257059298875899955e-01
3.300000000000000000e+02 -6.259441673320197408e-01
3.290000000000000000e+02 -6.261837096715199280e-01
3.280000000000000000e+02 -6.264245638234500202e-01
3.270000000000000000e+02 -6.266667364669500362e-01
3.260000000000000000e+02 -6.269102342427999019e-01
3.250000000000000000e+02 -6.271550636975898874e-01
3.240000000000000000e+02 -6.274012312774099875e-01
3.230000000000000000e+02 -6.276487429700400300e-01
3.220000000000000000e+02 -6.278976057031999680e-01
3.210000000000000000e+02 -6.281478252300998211e-01
3.200000000000000000e+02 -6.283994075271297497e-01
3.190000000000000000e+02 -6.286523584351999538e-01
3.180000000000000000e+02 -6.289066836519499049e-01
3.170000000000000000e+02 -6.291623887237798307e-01
3.160000000000000000e+02 -6.294194790375798876e-01
3.150000000000000000e+02 -6.296779598121200472e-01
3.140000000000000000e+02 -6.299378360892999851e-01
3.130000000000000000e+02 -6.301991127249798597e-01
3.120000000000000000e+02 -6.304617943794699197e-01
3.110000000000000000e+02 -6.307258855079898030e-01
3.100000000000000000e+02 -6.309913903503296950e-01
3.090000000000000000e+02 -6.312583129207198773e-01
3.080000000000000000e+02 -6.315266569969499866e-01
3.070000000000000000e+02 -6.317964261092698930e-01
3.060000000000000000e+02 -6.320676235290800804e-01
3.050000000000000000e+02 -6.323402522570400475e-01
3.040000000000000000e+02 -6.326143150108900493e-01
3.030000000000000000e+02 -6.328898142129499860e-01
3.020000000000000000e+02 -6.331667519770600716e-01
3.010000000000000000e+02 -6.334451300952698150e-01
3.000000000000000000e+02 -6.337249500240398348e-01
2.990000000000000000e+02 -6.340062128699900379e-01
2.980000000000000000e+02 -6.342889193751899413e-01
2.970000000000000000e+02 -6.345730699021399079e-01
2.960000000000000000e+02 -6.348586644180100880e-01
2.950000000000000000e+02 -6.351457024786799632e-01
2.940000000000000000e+02 -6.354341832120599110e-01
2.930000000000000000e+02 -6.357241053010298515e-01
2.920000000000000000e+02 -6.360154669659097149e-01
2.910000000000000000e+02 -6.363082659460498336e-01
2.900000000000000000e+02 -6.366024994813701543e-01
2.890000000000000000e+02 -6.368981642928801534e-01
2.880000000000000000e+02 -6.371952565629499521e-01
2.870000000000000000e+02 -6.374937719146799298e-01
2.860000000000000000e+02 -6.377937053908799836e-01
2.850000000000000000e+02 -6.380950514323298073e-01
2.840000000000000000e+02 -6.383978038553601575e-01
2.830000000000000000e+02 -6.387019558287601040e-01
2.820000000000000000e+02 -6.390074998500698822e-01
2.810000000000000000e+02 -6.393144277210898174e-01
2.800000000000000000e+02 -6.396227305226199755e-01
2.790000000000000000e+02 -6.399323985886099520e-01
2.780000000000000000e+02 -6.402434214793498723e-01
2.770000000000000000e+02 -6.405557879540300092e-01
2.760000000000000000e+02 -6.408694859423199608e-01
2.750000000000000000e+02 -6.411845025153498634e-01
2.740000000000000000e+02 -6.415008238555897080e-01
2.730000000000000000e+02 -6.418184352259599379e-01
2.720000000000000000e+02 -6.421373209381400216e-01
2.710000000000000000e+02 -6.424574643197200619e-01
2.700000000000000000e+02 -6.427788476806497453e-01
2.690000000000000000e+02 -6.431014522785301057e-01
2.680000000000000000e+02 -6.434252582830299882e-01
2.670000000000000000e+02 -6.437502447391798555e-01
2.660000000000000000e+02 -6.440763895297099140e-01
2.650000000000000000e+02 -6.444036693362598101e-01
2.640000000000000000e+02 -6.447320595994600056e-01
2.630000000000000000e+02 -6.450615344779799809e-01
2.620000000000000000e+02 -6.453920668063298782e-01
2.610000000000000000e+02 -6.457236280515199489e-01
2.600000000000000000e+02 -6.460561882684798807e-01
2.590000000000000000e+02 -6.463897160542999565e-01
2.580000000000000000e+02 -6.467241785010898747e-01
2.570000000000000000e+02 -6.470595411476898207e-01
2.560000000000000000e+02 -6.473957679298598666e-01
2.550000000000000000e+02 -6.477328211292999738e-01
2.540000000000000000e+02 -6.480706613211599798e-01
2.530000000000000000e+02 -6.484092473201599205e-01
2.520000000000000000e+02 -6.487485361252098848e-01
2.510000000000000000e+02 -6.490884828626599656e-01
2.500000000000000000e+02 -6.494290407278497934e-01
2.490000000000000000e+02 -6.497701609252900523e-01
2.480000000000000000e+02 -6.501117926071700026e-01
2.470000000000000000e+02 -6.504538828100798753e-01
2.460000000000000000e+02 -6.507963763904398569e-01
2.450000000000000000e+02 -6.511392159578799355e-01
2.440000000000000000e+02 -6.514823418071198358e-01
2.430000000000000000e+02 -6.518256918478897433e-01
2.420000000000000000e+02 -6.521692015332799519e-01
2.410000000000000000e+02 -6.525128037859400099e-01
2.400000000000000000e+02 -6.528564289227298811e-01
2.390000000000000000e+02 -6.532000045771899632e-01
2.380000000000000000e+02 -6.535434556201398237e-01
2.370000000000000000e+02 -6.538867040782900819e-01
2.360000000000000000e+02 -6.542296690507900525e-01
2.350000000000000000e+02 -6.545722666235900267e-01
2.340000000000000000e+02 -6.549144097819000754e-01
2.330000000000000000e+02 -6.552560083201199870e-01
2.320000000000000000e+02 -6.555969687499000331e-01
2.310000000000000000e+02 -6.559371942056099192e-01
2.300000000000000000e+02 -6.562765843476801031e-01
2.290000000000000000e+02 -6.566150352635299337e-01
2.280000000000000000e+02 -6.569524393659299522e-01
2.270000000000000000e+02 -6.572886852890497122e-01
2.260000000000000000e+02 -6.576236577818199702e-01
2.250000000000000000e+02 -6.579572375987997601e-01
2.240000000000000000e+02 -6.582893013882697986e-01
2.230000000000000000e+02 -6.586197215776897762e-01
2.220000000000000000e+02 -6.589483662562899413e-01
2.210000000000000000e+02 -6.592750990548997825e-01
2.200000000000000000e+02 -6.595997790226997282e-01
2.190000000000000000e+02 -6.599222605011200171e-01
2.180000000000000000e+02 -6.602423929945799852e-01
2.170000000000000000e+02 -6.605600210380898618e-01
2.160000000000000000e+02 -6.608749840616198190e-01
2.150000000000000000e+02 -6.611871162512099609e-01
2.140000000000000000e+02 -6.614962464065700098e-01
2.130000000000000000e+02 -6.618021977952400769e-01
2.120000000000000000e+02 -6.621047880032799871e-01
2.110000000000000000e+02 -6.624038287820299686e-01
2.100000000000000000e+02 -6.626991258914201044e-01
2.090000000000000000e+02 -6.629904789390800302e-01
2.080000000000000000e+02 -6.632776812157300528e-01
2.070000000000000000e+02 -6.635605195262598288e-01
2.060000000000000000e+02 -6.638387740168999462e-01
2.050000000000000000e+02 -6.641122179977499984e-01
2.040000000000000000e+02 -6.643806177610600550e-01
2.030000000000000000e+02 -6.646437323949500042e-01
2.020000000000000000e+02 -6.649013135924700668e-01
2.010000000000000000e+02 -6.651531054557101585e-01
2.000000000000000000e+02 -6.653988442951900284e-01
1.990000000000000000e+02 -6.656382584239800559e-01
1.980000000000000000e+02 -6.658710679468299309e-01
1.970000000000000000e+02 -6.660969845437499925e-01
1.960000000000000000e+02 -6.663157112482900324e-01
1.950000000000000000e+02 -6.665269422199699978e-01
1.940000000000000000e+02 -6.667303625113502052e-01
1.930000000000000000e+02 -6.669256478286798018e-01
1.920000000000000000e+02 -6.671124642869897814e-01
1.910000000000000000e+02 -6.672904681585500875e-01
1.900000000000000000e+02 -6.674593056153900195e-01
1.890000000000000000e+02 -6.676186124649798881e-01
1.880000000000000000e+02 -6.677680138795200060e-01
1.870000000000000000e+02 -6.679071241183498486e-01
1.860000000000000000e+02 -6.680355462434498515e-01
1.850000000000000000e+02 -6.681528718279801105e-01
1.840000000000000000e+02 -6.682586806573700411e-01
1.830000000000000000e+02 -6.683525404234600398e-01
1.820000000000000000e+02 -6.684340056073000413e-01
1.810000000000000000e+02 -6.685026201678799795e-01
1.800000000000000000e+02 -6.685579129550298649e-01
1.790000000000000000e+02 -6.685994000624099209e-01
1.780000000000000000e+02 -6.686265838427198904e-01
1.770000000000000000e+02 -6.686389525546598822e-01
1.760000000000000000e+02 -6.686359800014798349e-01
1.750000000000000000e+02 -6.686171251613398647e-01
1.740000000000000000e+02 -6.685818318090498424e-01
1.730000000000000000e+02 -6.685295281294798553e-01
1.720000000000000000e+02 -6.684596263220700108e-01
1.710000000000000000e+02 -6.683715221967898579e-01
1.700000000000000000e+02 -6.682645947611699500e-01
1.690000000000000000e+02 -6.681382057983699108e-01
1.680000000000000000e+02 -6.679916994363198635e-01
1.670000000000000000e+02 -6.678244017075399830e-01
1.660000000000000000e+02 -6.676356200999699064e-01
1.650000000000000000e+02 -6.674246430981800593e-01
1.640000000000000000e+02 -6.671907397154001051e-01
1.630000000000000000e+02 -6.669331590155501699e-01
1.620000000000000000e+02 -6.666511296259499675e-01
1.610000000000000000e+02 -6.663438592395800608e-01
1.600000000000000000e+02 -6.660105341076200114e-01
1.590000000000000000e+02 -6.656503185212702123e-01
1.580000000000000000e+02 -6.652623542829601000e-01
1.570000000000000000e+02 -6.648457601664098382e-01
1.560000000000000000e+02 -6.643996313653901531e-01
1.550000000000000000e+02 -6.639230389303399926e-01
1.540000000000000000e+02 -6.634150291926499410e-01
1.530000000000000000e+02 -6.628746231755399121e-01
1.520000000000000000e+02 -6.623008159913401638e-01
1.510000000000000000e+02 -6.616925762236199882e-01
1.500000000000000000e+02 -6.610488452936600368e-01
1.490000000000000000e+02 -6.603685368099400099e-01
1.480000000000000000e+02 -6.596505358989199763e-01
1.470000000000000000e+02 -6.588936985162199278e-01
1.460000000000000000e+02 -6.580968507357801700e-01
1.450000000000000000e+02 -6.572587880154900919e-01
1.440000000000000000e+02 -6.563782744364298205e-01
1.430000000000000000e+02 -6.554540419136196672e-01
1.420000000000000000e+02 -6.544847893752000489e-01
1.410000000000000000e+02 -6.534691819066200669e-01
1.400000000000000000e+02 -6.524058498562900210e-01
1.390000000000000000e+02 -6.512933878988399483e-01
1.380000000000000000e+02 -6.501303540508001078e-01
1.370000000000000000e+02 -6.489152686347697818e-01
1.360000000000000000e+02 -6.476466131852097741e-01
1.350000000000000000e+02 -6.463228292913096862e-01
1.340000000000000000e+02 -6.449423173688499933e-01
1.330000000000000000e+02 -6.435034353550397324e-01
1.320000000000000000e+02 -6.420044973176900482e-01
1.310000000000000000e+02 -6.404437719705498022e-01
1.300000000000000000e+02 -6.388194810855998274e-01
1.290000000000000000e+02 -6.371297977924498257e-01
1.280000000000000000e+02 -6.353728447540897273e-01
1.270000000000000000e+02 -6.335466922082199082e-01
1.260000000000000000e+02 -6.316493558612901182e-01
1.250000000000000000e+02 -6.296787946237100142e-01
1.240000000000000000e+02 -6.276329081720597447e-01
1.230000000000000000e+02 -6.255095343246498407e-01
1.220000000000000000e+02 -6.233064462157098529e-01
1.210000000000000000e+02 -6.210213492531299062e-01
1.200000000000000000e+02 -6.186518778443598210e-01
1.190000000000000000e+02 -6.161955918738398763e-01
1.180000000000000000e+02 -6.136499729165600936e-01
1.170000000000000000e+02 -6.110124201698998725e-01
1.160000000000000000e+02 -6.082802460881998607e-01
1.150000000000000000e+02 -6.054506717035097463e-01
1.140000000000000000e+02 -6.025208216147599494e-01
1.130000000000000000e+02 -5.994877186315598072e-01
1.120000000000000000e+02 -5.963482780551998541e-01
1.110000000000000000e+02 -5.930993015833898596e-01
1.100000000000000000e+02 -5.897374708247598019e-01
1.090000000000000000e+02 -5.862593404108098483e-01
1.080000000000000000e+02 -5.826613306942997061e-01
1.070000000000000000e+02 -5.789397200240899988e-01
1.060000000000000000e+02 -5.750906365901600203e-01
1.050000000000000000e+02 -5.711100498325198949e-01
1.040000000000000000e+02 -5.669937614111599800e-01
1.030000000000000000e+02 -5.627373957370996882e-01
1.020000000000000000e+02 -5.583363900656900247e-01
1.010000000000000000e+02 -5.537859841579098052e-01
1.000000000000000000e+02 -5.490812095173298601e-01
9.900000000000000000e+01 -5.442168782139198413e-01
9.800000000000000000e+01 -5.391875713075298115e-01
9.700000000000000000e+01 -5.339876268885396238e-01
9.600000000000000000e+01 -5.286111277553899868e-01
9.500000000000000000e+01 -5.230518887494398639e-01
9.400000000000000000e+01 -5.173034437711399036e-01
9.300000000000000000e+01 -5.113590325061798669e-01
9.200000000000000000e+01 -5.052115868819597733e-01
9.100000000000000000e+01 -4.988537172870798342e-01
9.000000000000000000e+01 -4.922776985774398595e-01
8.900000000000000000e+01 -4.854754558926497321e-01
8.800000000000000000e+01 -4.784385503063998124e-01
8.700000000000000000e+01 -4.711581643289101118e-01
8.600000000000000000e+01 -4.636250872709499760e-01
8.500000000000000000e+01 -4.558297004772299266e-01
8.400000000000000000e+01 -4.477619624244698615e-01
8.300000000000000000e+01 -4.394113936676998788e-01
8.200000000000000000e+01 -4.307670616093097760e-01
8.100000000000000000e+01 -4.218175650424600409e-01
8.000000000000000000e+01 -4.125510184154499438e-01
7.900000000000000000e+01 -4.029550357263196325e-01
7.800000000000000000e+01 -3.930167139486296923e-01
7.700000000000000000e+01 -3.827226158574700277e-01
7.600000000000000000e+01 -3.720587520957696626e-01
7.500000000000000000e+01 -3.610105622910099177e-01
7.400000000000000000e+01 -3.495628949995996937e-01
7.300000000000000000e+01 -3.376999862169496325e-01
7.200000000000000000e+01 -3.254054361527298767e-01
7.100000000000000000e+01 -3.126621839275900427e-01
7.000000000000000000e+01 -2.994524798038098456e-01
6.900000000000000000e+01 -2.857578545087596789e-01
6.800000000000000000e+01 -2.715590851659102078e-01
6.700000000000000000e+01 -2.568361572840200946e-01
6.600000000000000000e+01 -2.415682222080600683e-01
6.500000000000000000e+01 -2.257335493581601460e-01
6.400000000000000000e+01 -2.093094725338401352e-01
6.300000000000000000e+01 -1.922723294700000585e-01
6.200000000000000000e+01 -1.745973937707200330e-01
6.100000000000000000e+01 -1.562587982422597443e-01
6.000000000000000000e+01 -1.372294485718799084e-01
5.900000000000000000e+01 -1.174809261668499083e-01
5.800000000000000000e+01 -9.698337886603980440e-02
5.700000000000000000e+01 -7.570539808159981732e-02
5.600000000000000000e+01 -5.361388076507989098e-02
5.500000000000000000e+01 -3.067387439565993912e-02
5.400000000000000000e+01 -6.848402955349941479e-03
5.300000000000000000e+01 1.790172843329995711e-02
5.200000000000000000e+01 4.361815285017001109e-02
5.100000000000000000e+01 7.034518798632016789e-02
5.000000000000000000e+01 9.813011316108999349e-02
