4.000000000000000000e+02 -6.091334177744600620e-01
3.990000000000000000e+02 -6.092337704575299107e-01
3.980000000000000000e+02 -6.093335749424302339e-01
3.970000000000000000e+02 -6.094328107324000765e-01
3.960000000000000000e+02 -6.095314569309300268e-01
3.950000000000000000e+02 -6.096294922361099600e-01
3.940000000000000000e+02 -6.097268949349399225e-01
3.930000000000000000e+02 -6.098236428976999690e-01
3.920000000000000000e+02 -6.099197135721399210e-01
3.910000000000000000e+02 -6.100150839778100131e-01
3.900000000000000000e+02 -6.101097307002201209e-01
3.890000000000000000e+02 -6.102036298849600193e-01
3.880000000000000000e+02 -6.102967572319797362e-01
3.870000000000000000e+02 -6.103890879897000410e-01
3.860000000000000000e+02 -6.104805969489699446e-01
3.850000000000000000e+02 -6.105712584373099716e-01
3.840000000000000000e+02 -6.106610463128998578e-01
3.830000000000000000e+02 -6.107499339585298337e-01
3.820000000000000000e+02 -6.108378942757398677e-01
3.810000000000000000e+02 -6.109248996786299513e-01
3.800000000000000000e+02 -6.110109220879498260e-01
3.790000000000000000e+02 -6.110959329249099348e-01
3.780000000000000000e+02 -6.111799031051801112e-01
3.770000000000000000e+02 -6.112628030326596740e-01
3.760000000000000000e+02 -6.113446025933798600e-01
3.750000000000000000e+02 -6.114252711493000092e-01
3.740000000000000000e+02 -6.115047775321797996e-01
3.730000000000000000e+02 -6.115830900371799217e-01
3.720000000000000000e+02 -6.116601764167999278e-01
3.710000000000000000e+02 -6.117360038744399375e-01
3.700000000000000000e+02 -6.118105390581398684e-01
3.690000000000000000e+02 -6.118837480542598239e-01
3.680000000000000000e+02 -6.119555963809797383e-01
3.670000000000000000e+02 -6.120260489820699146e-01
3.660000000000000000e+02 -6.120950702202598848e-01
3.650000000000000000e+02 -6.121626238708700596e-01
3.640000000000000000e+02 -6.122286731151700412e-01
3.630000000000000000e+02 -6.122931805339297817e-01
3.620000000000000000e+02 -6.123561081006897444e-01
3.610000000000000000e+02 -6.124174171751699536e-01
3.600000000000000000e+02 -6.124770684964799816e-01
3.590000000000000000e+02 -6.125350221763901093e-01
3.580000000000000000e+02 -6.125912376924698144e-01
3.570000000000000000e+02 -6.126456738811800751e-01
3.560000000000000000e+02 -6.126982889309100511e-01
3.550000000000000000e+02 -6.127490403749498160e-01
3.540000000000000000e+02 -6.127978850843199821e-01
3.530000000000000000e+02 -6.128447792605699052e-01
3.520000000000000000e+02 -6.128896784285300381e-01
3.510000000000000000e+02 -6.129325374288099315e-01
3.500000000000000000e+02 -6.129733104103698427e-01
3.490000000000000000e+02 -6.130119508228998315e-01
3.480000000000000000e+02 -6.130484114090899439e-01
3.470000000000000000e+02 -6.130826441966699125e-01
3.460000000000000000e+02 -6.131146004905299041e-01
3.450000000000000000e+02 -6.131442308645399519e-01
3.440000000000000000e+02 -6.131714851532200639e-01
3.430000000000000000e+02 -6.131963124432897594e-01
3.420000000000000000e+02 -6.132186610650699476e-01
3.410000000000000000e+02 -6.132384785836000329e-01
3.400000000000000000e+02 -6.132557117896997312e-01
3.390000000000000000e+02 -6.132703066906098899e-01
3.380000000000000000e+02 -6.132822085006900403e-01
3.370000000000000000e+02 -6.132913616317201555e-01
3.360000000000000000e+02 -6.132977096827899599e-01
3.350000000000000000e+02 -6.133011954303901891e-01
3.340000000000000000e+02 -6.133017608177600000e-01
3.330000000000000000e+02 -6.132993469441400114e-01
3.320000000000000000e+02 -6.132938940538900097e-01
3.310000000000000000e+02 -6.132853415248600282e-01
3.300000000000000000e+02 -6.132736278568997612e-01
3.290000000000000000e+02 -6.132586848528998047e-01
3.280000000000000000e+02 -6.132404601075300832e-01
3.270000000000000000e+02 -6.132188842437700238e-01
3.260000000000000000e+02 -6.131938921143500476e-01
3.250000000000000000e+02 -6.131654176285596947e-01
3.240000000000000000e+02 -6.131333937380798460e-01
3.230000000000000000e+02 -6.130977520233298339e-01
3.220000000000000000e+02 -6.130584242729998357e-01
3.210000000000000000e+02 -6.130153400773998840e-01
3.200000000000000000e+02 -6.129684284054597310e-01
3.190000000000000000e+02 -6.129176171898299552e-01
3.180000000000000000e+02 -6.128628333093699698e-01
3.170000000000000000e+02 -6.128040025712597760e-01
3.160000000000000000e+02 -6.127410496923199057e-01
3.150000000000000000e+02 -6.126738982796300359e-01
3.140000000000000000e+02 -6.126024708107699057e-01
3.130000000000000000e+02 -6.125266886129498989e-01
3.120000000000000000e+02 -6.124464718416500197e-01
3.110000000000000000e+02 -6.123617394585897378e-01
3.100000000000000000e+02 -6.122724092085800596e-01
3.090000000000000000e+02 -6.121783975960001234e-01
3.080000000000000000e+02 -6.120796198600799709e-01
3.070000000000000000e+02 -6.119759899494701116e-01
3.060000000000000000e+02 -6.118674204961001006e-01
3.050000000000000000e+02 -6.117538227877798995e-01
3.040000000000000000e+02 -6.116351067401399888e-01
3.030000000000000000e+02 -6.115111808675501859e-01
3.020000000000000000e+02 -6.113819522529900796e-01
3.010000000000000000e+02 -6.112473265169198200e-01
3.000000000000000000e+02 -6.111072077853499929e-01
2.990000000000000000e+02 -6.109614986563701722e-01
2.980000000000000000e+02 -6.108101001660697360e-01
2.970000000000000000e+02 -6.106529117532000228e-01
2.960000000000000000e+02 -6.104898312225000012e-01
2.950000000000000000e+02 -6.103207547072100336e-01
2.940000000000000000e+02 -6.101455766301100425e-01
2.930000000000000000e+02 -6.099641896635800142e-01
2.920000000000000000e+02 -6.097764846883898526e-01
2.910000000000000000e+02 -6.095823507510700345e-01
2.900000000000000000e+02 -6.093816750202900590e-01
2.890000000000000000e+02 -6.091743427417500856e-01
2.880000000000000000e+02 -6.089602371920299628e-01
2.870000000000000000e+02 -6.087392396307199638e-01
2.860000000000000000e+02 -6.085112292515999499e-01
2.850000000000000000e+02 -6.082760831323698048e-01
2.840000000000000000e+02 -6.080336761828701864e-01
2.830000000000000000e+02 -6.077838810921101231e-01
2.820000000000000000e+02 -6.075265682738298922e-01
2.810000000000000000e+02 -6.072616058107001002e-01
2.800000000000000000e+02 -6.069888593970598212e-01
2.790000000000000000e+02 -6.067081922802699534e-01
2.780000000000000000e+02 -6.064194652007101061e-01
2.770000000000000000e+02 -6.061225363302500391e-01
2.760000000000000000e+02 -6.058172612092801446e-01
2.750000000000000000e+02 -6.055034926824600650e-01
2.740000000000000000e+02 -6.051810808328098590e-01
2.730000000000000000e+02 -6.048498729144899944e-01
2.720000000000000000e+02 -6.045097132842001120e-01
2.710000000000000000e+02 -6.041604433309001321e-01
2.700000000000000000e+02 -6.038019014044099242e-01
2.690000000000000000e+02 -6.034339227423101137e-01
2.680000000000000000e+02 -6.030563393955199469e-01
2.670000000000000000e+02 -6.026689801524900414e-01
2.660000000000000000e+02 -6.022716704618800154e-01
2.650000000000000000e+02 -6.018642323538900829e-01
2.640000000000000000e+02 -6.014464843601399213e-01
2.630000000000000000e+02 -6.010182414322100541e-01
2.620000000000000000e+02 -6.005793148587800223e-01
2.610000000000000000e+02 -6.001295121813099431e-01
2.600000000000000000e+02 -5.996686371084398726e-01
2.590000000000000000e+02 -5.991964894290400245e-01
2.580000000000000000e+02 -5.987128649238397937e-01
2.570000000000000000e+02 -5.982175552757200698e-01
2.560000000000000000e+02 -5.977103479787400087e-01
2.550000000000000000e+02 -5.971910262457900131e-01
2.540000000000000000e+02 -5.966593689149999324e-01
2.530000000000000000e+02 -5.961151503546899821e-01
2.520000000000000000e+02 -5.955581403671298402e-01
2.510000000000000000e+02 -5.949881040910899310e-01
2.500000000000000000e+02 -5.944048019028400631e-01
2.490000000000000000e+02 -5.938079893160899125e-01
2.480000000000000000e+02 -5.931974168805900227e-01
2.470000000000000000e+02 -5.925728300792499903e-01
2.460000000000000000e+02 -5.919339692242397977e-01
2.450000000000000000e+02 -5.912805693515700289e-01
2.440000000000000000e+02 -5.906123601144500634e-01
2.430000000000000000e+02 -5.899290656751698947e-01
2.420000000000000000e+02 -5.892304045959199099e-01
2.410000000000000000e+02 -5.885160897278098879e-01
2.400000000000000000e+02 -5.877858280988400574e-01
2.390000000000000000e+02 -5.870393208003101826e-01
2.380000000000000000e+02 -5.862762628715899593e-01
2.370000000000000000e+02 -5.854963431836899268e-01
2.360000000000000000e+02 -5.846992443210601298e-01
2.350000000000000000e+02 -5.838846424616798148e-01
2.340000000000000000e+02 -5.830522072558199653e-01
2.330000000000000000e+02 -5.822016017026501178e-01
2.320000000000000000e+02 -5.813324820253998881e-01
2.310000000000000000e+02 -5.804444975443600052e-01
2.300000000000000000e+02 -5.795372905481198655e-01
2.290000000000000000e+02 -5.786104961626599152e-01
2.280000000000000000e+02 -5.776637422181899462e-01
2.270000000000000000e+02 -5.766966491139599027e-01
2.260000000000000000e+02 -5.757088296805600303e-01
2.250000000000000000e+02 -5.746998890396899373e-01
2.240000000000000000e+02 -5.736694244614399807e-01
2.230000000000000000e+02 -5.726170252187200438e-01
2.220000000000000000e+02 -5.715422724389198628e-01
2.210000000000000000e+02 -5.704447389524898160e-01
2.200000000000000000e+02 -5.693239891382098072e-01
2.190000000000000000e+02 -5.681795787653598495e-01
2.180000000000000000e+02 -5.670110548322297994e-01
2.170000000000000000e+02 -5.658179554009098444e-01
2.160000000000000000e+02 -5.645998094283697366e-01
2.150000000000000000e+02 -5.633561365933299481e-01
2.140000000000000000e+02 -5.620864471190798461e-01
2.130000000000000000e+02 -5.607902415915299033e-01
2.120000000000000000e+02 -5.594670107731499753e-01
2.110000000000000000e+02 -5.581162354114701518e-01
2.100000000000000000e+02 -5.567373860431298338e-01
2.090000000000000000e+02 -5.553299227921599801e-01
2.080000000000000000e+02 -5.538932951631202473e-01
2.070000000000000000e+02 -5.524269418283899169e-01
2.060000000000000000e+02 -5.509302904097599374e-01
2.050000000000000000e+02 -5.494027572536899218e-01
2.040000000000000000e+02 -5.478437472003000464e-01
2.030000000000000000e+02 -5.462526533459601819e-01
2.020000000000000000e+02 -5.446288567991300900e-01
2.010000000000000000e+02 -5.429717264289301015e-01
2.000000000000000000e+02 -5.412806186071300596e-01
1.990000000000000000e+02 -5.395548769422601199e-01
1.980000000000000000e+02 -5.377938320066601996e-01
1.970000000000000000e+02 -5.359968010554899687e-01
1.960000000000000000e+02 -5.341630877381200460e-01
1.950000000000000000e+02 -5.322919818012599169e-01
1.940000000000000000e+02 -5.303827587843499280e-01
1.930000000000000000e+02 -5.284346797061998391e-01
1.920000000000000000e+02 -5.264469907436198914e-01
1.910000000000000000e+02 -5.244189229011200215e-01
1.900000000000000000e+02 -5.223496916726698691e-01
1.890000000000000000e+02 -5.202384966941100419e-01
1.880000000000000000e+02 -5.180845213873198629e-01
1.870000000000000000e+02 -5.158869325957298191e-01
1.860000000000000000e+02 -5.136448802106697853e-01
1.850000000000000000e+02 -5.113574967896700185e-01
1.840000000000000000e+02 -5.090238971653900935e-01
1.830000000000000000e+02 -5.066431780467298696e-01
1.820000000000000000e+02 -5.042144117698701411e-01
1.810000000000000000e+02 -5.017366678578100148e-01
1.800000000000000000e+02 -4.992089813963699330e-01
1.790000000000000000e+02 -4.966303723680898230e-01
1.780000000000000000e+02 -4.939998404957797185e-01
1.770000000000000000e+02 -4.913163647919499555e-01
1.760000000000000000e+02 -4.885789031001199767e-01
1.750000000000000000e+02 -4.857863916280299454e-01
1.740000000000000000e+02 -4.829377444741199676e-01
1.730000000000000000e+02 -4.800318531456597704e-01
1.720000000000000000e+02 -4.770675860705198001e-01
1.710000000000000000e+02 -4.740437881015898691e-01
1.700000000000000000e+02 -4.709592800143900249e-01
1.690000000000000000e+02 -4.678128579986697844e-01
1.680000000000000000e+02 -4.646032931427399593e-01
1.670000000000000000e+02 -4.613293309121900831e-01
1.660000000000000000e+02 -4.579896906223099862e-01
1.650000000000000000e+02 -4.545830649039199756e-01
1.640000000000000000e+02 -4.511081191642001276e-01
1.630000000000000000e+02 -4.475634910399099997e-01
1.620000000000000000e+02 -4.439477898456398730e-01
1.610000000000000000e+02 -4.402595960145500031e-01
1.600000000000000000e+02 -4.364974605328900692e-01
1.590000000000000000e+02 -4.326599043669500100e-01
1.580000000000000000e+02 -4.287454178816498818e-01
1.570000000000000000e+02 -4.247524602514597403e-01
1.560000000000000000e+02 -4.206794588603299800e-01
1.550000000000000000e+02 -4.165248086916198966e-01
1.540000000000000000e+02 -4.122868717055699905e-01
1.530000000000000000e+02 -4.079639762026900929e-01
1.520000000000000000e+02 -4.035544161710200584e-01
1.510000000000000000e+02 -3.990564506156000224e-01
1.500000000000000000e+02 -3.944683028665099123e-01
1.490000000000000000e+02 -3.897881598636701028e-01
1.480000000000000000e+02 -3.850141714130900228e-01
1.470000000000000000e+02 -3.801444494127099727e-01
1.460000000000000000e+02 -3.751770670417701181e-01
1.450000000000000000e+02 -3.701100579098399734e-01
1.440000000000000000e+02 -3.649414151585299582e-01
1.430000000000000000e+02 -3.596690905109998226e-01
1.420000000000000000e+02 -3.542909932621398639e-01
1.410000000000000000e+02 -3.488049892006298558e-01
1.400000000000000000e+02 -3.432088994558699646e-01
1.390000000000000000e+02 -3.375004992605598053e-01
1.380000000000000000e+02 -3.316775166172298839e-01
1.370000000000000000e+02 -3.257376308608397331e-01
1.360000000000000000e+02 -3.196784711016896763e-01
1.350000000000000000e+02 -3.134976145415198090e-01
1.340000000000000000e+02 -3.071925846423199102e-01
1.330000000000000000e+02 -3.007608491404397677e-01
1.320000000000000000e+02 -2.941998178845299794e-01
1.310000000000000000e+02 -2.875068404858197590e-01
1.300000000000000000e+02 -2.806792037590498667e-01
1.290000000000000000e+02 -2.737141289405597977e-01
1.280000000000000000e+02 -2.666087686599398765e-01
1.270000000000000000e+02 -2.593602036495099572e-01
1.260000000000000000e+02 -2.519654391687600192e-01
1.250000000000000000e+02 -2.444214011235299466e-01
1.240000000000000000e+02 -2.367249318600699315e-01
1.230000000000000000e+02 -2.288727856088398349e-01
1.220000000000000000e+02 -2.208616235609800471e-01
1.210000000000000000e+02 -2.126880085507001361e-01
1.200000000000000000e+02 -2.043483993270598376e-01
1.190000000000000000e+02 -1.958391443899299977e-01
1.180000000000000000e+02 -1.871564753731601582e-01
1.170000000000000000e+02 -1.782964999547499430e-01
1.160000000000000000e+02 -1.692551942750799565e-01
1.150000000000000000e+02 -1.600283948502598808e-01
1.140000000000000000e+02 -1.506117899635300850e-01
1.130000000000000000e+02 -1.410009105250500383e-01
1.120000000000000000e+02 -1.311911203922300206e-01
1.110000000000000000e+02 -1.211776061417401129e-01
1.100000000000000000e+02 -1.109553662965699905e-01
1.090000000000000000e+02 -1.005192000047999690e-01
1.080000000000000000e+02 -8.986369518084014185e-02
1.070000000000000000e+02 -7.898321611941017117e-02
1.060000000000000000e+02 -6.787189059655995838e-02
1.050000000000000000e+02 -5.652359648175009355e-02
1.040000000000000000e+02 -4.493194788923016159e-02
1.030000000000000000e+02 -3.309028089871002276e-02
1.020000000000000000e+02 -2.099163888594013372e-02
1.010000000000000000e+02 -8.628757511959905813e-03
1.000000000000000000e+02 4.005950585830087007e-03
9.900000000000000000e+01 1.692041133394017738e-02
9.800000000000000000e+01 3.012290494032010546e-02
9.700000000000000000e+01 4.362208171860015860e-02
9.600000000000000000e+01 5.742697794342999096e-02
9.500000000000000000e+01 7.154703166852005580e-02
9.400000000000000000e+01 8.599209842370014734e-02
9.300000000000000000e+01 1.007724667077800618e-01
9.200000000000000000e+01 1.158988732066902339e-01
9.100000000000000000e+01 1.313825176457801280e-01
9.000000000000000000e+01 1.472350772040901257e-01
8.900000000000000000e+01 1.634687204176099584e-01
8.800000000000000000e+01 1.800961205061398784e-01
8.700000000000000000e+01 1.971304680587399050e-01
8.600000000000000000e+01 2.145854830427100790e-01
8.500000000000000000e+01 2.324754260906900516e-01
8.400000000000000000e+01 2.508151090572799946e-01
8.300000000000000000e+01 2.696199048416300093e-01
8.200000000000000000e+01 2.889057564976900139e-01
8.100000000000000000e+01 3.086891856896200048e-01
8.000000000000000000e+01 3.289873005470600464e-01
7.900000000000000000e+01 3.498178030434999641e-01
7.800000000000000000e+01 3.711989960215499318e-01
7.700000000000000000e+01 3.931497900382299182e-01
7.600000000000000000e+01 4.156897102362100416e-01
7.500000000000000000e+01 4.388389034854900395e-01
7.400000000000000000e+01 4.626181460803299172e-01
7.300000000000000000e+01 4.870488523168099437e-01
7.200000000000000000e+01 5.121530843151799184e-01
7.100000000000000000e+01 5.379535634980701087e-01
7.000000000000000000e+01 5.644736841754101064e-01
6.900000000000000000e+01 5.917375297242098986e-01
6.800000000000000000e+01 6.197698918976399796e-01
6.700000000000000000e+01 6.485962938405999134e-01
6.600000000000000000e+01 6.782430174082798580e-01
6.500000000000000000e+01 7.087371354551699199e-01
6.400000000000000000e+01 7.401065497561198914e-01
6.300000000000000000e+01 7.723800353119399942e-01
6.200000000000000000e+01 8.055872917648799758e-01
6.100000000000000000e+01 8.397590027590300377e-01
6.000000000000000000e+01 8.749269040607898784e-01
5.900000000000000000e+01 9.111238613710399559e-01
5.800000000000000000e+01 9.483839587725600984e-01
5.700000000000000000e+01 9.867425988651901125e-01
5.600000000000000000e+01 1.026236615751130010e+00
5.500000000000000000e+01 1.066904402135690155e+00
5.400000000000000000e+01 1.108786052014619994e+00
5.300000000000000000e+01 1.151923520648490129e+00
5.200000000000000000e+01 1.196360803737590128e+00
5.100000000000000000e+01 1.242144138207880166e+00
5.000000000000000000e+01 1.289322227345970129e+00
