4.000000000000000000e+02 -2.908395704223718514e-01
3.990000000000000000e+02 -2.911705357376689340e-01
3.980000000000000000e+02 -2.915031394741821047e-01
3.970000000000000000e+02 -2.918373929889427343e-01
3.960000000000000000e+02 -2.921733077136786649e-01
3.950000000000000000e+02 -2.925108951543102798e-01
3.940000000000000000e+02 -2.928501668903821797e-01
3.930000000000000000e+02 -2.931911345744516728e-01
3.920000000000000000e+02 -2.935338099313820059e-01
3.910000000000000000e+02 -2.938782047576679601e-01
3.900000000000000000e+02 -2.942243309205205826e-01
3.890000000000000000e+02 -2.945722003570634406e-01
3.880000000000000000e+02 -2.949218250734116364e-01
3.870000000000000000e+02 -2.952732171435800135e-01
3.860000000000000000e+02 -2.956263887084829012e-01
3.850000000000000000e+02 -2.959813519746238852e-01
3.840000000000000000e+02 -2.963381192129977415e-01
3.830000000000000000e+02 -2.966967027576690730e-01
3.820000000000000000e+02 -2.970571150043109232e-01
3.810000000000000000e+02 -2.974193684087778067e-01
3.800000000000000000e+02 -2.977834754854347121e-01
3.790000000000000000e+02 -2.981494488054733383e-01
3.780000000000000000e+02 -2.985173009950705114e-01
3.770000000000000000e+02 -2.988870447335258973e-01
3.760000000000000000e+02 -2.992586927511463046e-01
3.750000000000000000e+02 -2.996322578271885528e-01
3.740000000000000000e+02 -3.000077527876061634e-01
3.730000000000000000e+02 -3.003851905026081459e-01
3.720000000000000000e+02 -3.007645838842091246e-01
3.710000000000000000e+02 -3.011459458835732406e-01
3.700000000000000000e+02 -3.015292894882785069e-01
3.690000000000000000e+02 -3.019146277194154071e-01
3.680000000000000000e+02 -3.023019736284583425e-01
3.670000000000000000e+02 -3.026913402942080777e-01
3.660000000000000000e+02 -3.030827408193463302e-01
3.650000000000000000e+02 -3.034761883269919691e-01
3.640000000000000000e+02 -3.038716959569560672e-01
3.630000000000000000e+02 -3.042692768620373078e-01
3.620000000000000000e+02 -3.046689442038765794e-01
3.610000000000000000e+02 -3.050707111488627499e-01
3.600000000000000000e+02 -3.054745908637650498e-01
3.590000000000000000e+02 -3.058805965110791281e-01
3.580000000000000000e+02 -3.062887412444056379e-01
3.570000000000000000e+02 -3.066990382033641938e-01
3.560000000000000000e+02 -3.071115005085241489e-01
3.550000000000000000e+02 -3.075261412559663898e-01
3.540000000000000000e+02 -3.079429735117192313e-01
3.530000000000000000e+02 -3.083620103058790640e-01
3.520000000000000000e+02 -3.087832646265533110e-01
3.510000000000000000e+02 -3.092067494135944394e-01
3.500000000000000000e+02 -3.096324775519941896e-01
3.490000000000000000e+02 -3.100604618650785183e-01
3.480000000000000000e+02 -3.104907151074438043e-01
3.470000000000000000e+02 -3.109232499575653175e-01
3.460000000000000000e+02 -3.113580790101981299e-01
3.450000000000000000e+02 -3.117952147684120434e-01
3.440000000000000000e+02 -3.122346696354410533e-01
3.430000000000000000e+02 -3.126764559060546400e-01
3.420000000000000000e+02 -3.131205857578129859e-01
3.410000000000000000e+02 -3.135670712418455741e-01
3.400000000000000000e+02 -3.140159242733480127e-01
3.390000000000000000e+02 -3.144671566217545067e-01
3.380000000000000000e+02 -3.149207799005573349e-01
3.370000000000000000e+02 -3.153768055567514050e-01
3.360000000000000000e+02 -3.158352448597947504e-01
3.350000000000000000e+02 -3.162961088904652773e-01
3.340000000000000000e+02 -3.167594085290257322e-01
3.330000000000000000e+02 -3.172251544431301529e-01
3.320000000000000000e+02 -3.176933570753401881e-01
3.310000000000000000e+02 -3.181640266300526099e-01
3.300000000000000000e+02 -3.186371730602061136e-01
3.290000000000000000e+02 -3.191128058743145646e-01
3.280000000000000000e+02 -3.195909348116516835e-01
3.270000000000000000e+02 -3.200715688293387373e-01
3.260000000000000000e+02 -3.205547167303311462e-01
3.250000000000000000e+02 -3.210403869919073450e-01
3.240000000000000000e+02 -3.215285877492943811e-01
3.230000000000000000e+02 -3.220193264263862543e-01
3.220000000000000000e+02 -3.225126111278279195e-01
3.210000000000000000e+02 -3.230084485067878930e-01
3.200000000000000000e+02 -3.235068451557779889e-01
3.190000000000000000e+02 -3.240078072351486038e-01
3.180000000000000000e+02 -3.245113404531833057e-01
3.170000000000000000e+02 -3.250174500457320148e-01
3.160000000000000000e+02 -3.255261407549975838e-01
3.150000000000000000e+02 -3.260374168077423973e-01
3.140000000000000000e+02 -3.265512818928826277e-01
3.130000000000000000e+02 -3.270677391381605070e-01
3.120000000000000000e+02 -3.275867910861690047e-01
3.110000000000000000e+02 -3.281084396698048522e-01
3.100000000000000000e+02 -3.286326861865056514e-01
3.090000000000000000e+02 -3.291595312721591338e-01
3.080000000000000000e+02 -3.296889748738489612e-01
3.070000000000000000e+02 -3.302210162218175982e-01
3.060000000000000000e+02 -3.307556538006742319e-01
3.050000000000000000e+02 -3.312928853195187262e-01
3.040000000000000000e+02 -3.318327076812420673e-01
3.030000000000000000e+02 -3.323751169508332715e-01
3.020000000000000000e+02 -3.329201083226116520e-01
3.010000000000000000e+02 -3.334676760865556977e-01
3.000000000000000000e+02 -3.340178135935576997e-01
2.990000000000000000e+02 -3.345705132194636833e-01
2.980000000000000000e+02 -3.351257663280573507e-01
2.970000000000000000e+02 -3.356835632330713026e-01
2.960000000000000000e+02 -3.362438931585787771e-01
2.950000000000000000e+02 -3.368067441986193344e-01
2.940000000000000000e+02 -3.373721032751910709e-01
2.930000000000000000e+02 -3.379399560951493187e-01
2.920000000000000000e+02 -3.385102871057337204e-01
2.910000000000000000e+02 -3.390830794484575583e-01
2.900000000000000000e+02 -3.396583149119606349e-01
2.890000000000000000e+02 -3.402359738830028624e-01
2.880000000000000000e+02 -3.408160352962532058e-01
2.870000000000000000e+02 -3.413984765821274081e-01
2.860000000000000000e+02 -3.419832736133767703e-01
2.850000000000000000e+02 -3.425704006497490850e-01
2.840000000000000000e+02 -3.431598302809973355e-01
2.830000000000000000e+02 -3.437515333680828400e-01
2.820000000000000000e+02 -3.443454789826028151e-01
2.810000000000000000e+02 -3.449416343442068822e-01
2.800000000000000000e+02 -3.455399647560764564e-01
2.790000000000000000e+02 -3.461404335385005471e-01
2.780000000000000000e+02 -3.467430019602000812e-01
2.770000000000000000e+02 -3.473476291676098615e-01
2.760000000000000000e+02 -3.479542721118739079e-01
2.750000000000000000e+02 -3.485628854736524951e-01
2.740000000000000000e+02 -3.491734215854667145e-01
2.730000000000000000e+02 -3.497858303515978262e-01
2.720000000000000000e+02 -3.504000591657069341e-01
2.710000000000000000e+02 -3.510160528254793189e-01
2.700000000000000000e+02 -3.516337534450337809e-01
2.690000000000000000e+02 -3.522531003642455083e-01
2.680000000000000000e+02 -3.528740300555088805e-01
2.670000000000000000e+02 -3.534964760273509587e-01
2.660000000000000000e+02 -3.541203687252723609e-01
2.650000000000000000e+02 -3.547456354293273550e-01
2.640000000000000000e+02 -3.553722001485911663e-01
2.630000000000000000e+02 -3.559999835124125767e-01
2.620000000000000000e+02 -3.566289026581794808e-01
2.610000000000000000e+02 -3.572588711157219654e-01
2.600000000000000000e+02 -3.578897986880484328e-01
2.590000000000000000e+02 -3.585215913284933720e-01
2.580000000000000000e+02 -3.591541510140143778e-01
2.570000000000000000e+02 -3.597873756146721669e-01
2.560000000000000000e+02 -3.604211587589803423e-01
2.550000000000000000e+02 -3.610553896953141995e-01
2.540000000000000000e+02 -3.616899531489206066e-01
2.530000000000000000e+02 -3.623247291746928278e-01
2.520000000000000000e+02 -3.629595930053065578e-01
2.510000000000000000e+02 -3.635944148950023824e-01
2.500000000000000000e+02 -3.642290599583481447e-01
2.490000000000000000e+02 -3.648633880043582467e-01
2.480000000000000000e+02 -3.654972533655159728e-01
2.470000000000000000e+02 -3.661305047215021036e-01
2.460000000000000000e+02 -3.667629849179844248e-01
2.450000000000000000e+02 -3.673945307796221416e-01
2.440000000000000000e+02 -3.680249729177113016e-01
2.430000000000000000e+02 -3.686541355319125080e-01
2.420000000000000000e+02 -3.692818362062638693e-01
2.410000000000000000e+02 -3.699078856988861630e-01
2.400000000000000000e+02 -3.705320877257265444e-01
2.390000000000000000e+02 -3.711542387376809415e-01
2.380000000000000000e+02 -3.717741276911428194e-01
2.370000000000000000e+02 -3.723915358119351260e-01
2.360000000000000000e+02 -3.730062363521020607e-01
2.350000000000000000e+02 -3.736179943395685488e-01
2.340000000000000000e+02 -3.742265663205819326e-01
2.330000000000000000e+02 -3.748317000943047761e-01
2.320000000000000000e+02 -3.754331344399498560e-01
2.310000000000000000e+02 -3.760305988355420737e-01
2.300000000000000000e+02 -3.766238131687530410e-01
2.290000000000000000e+02 -3.772124874390743177e-01
2.280000000000000000e+02 -3.777963214512428669e-01
2.270000000000000000e+02 -3.783750044997833406e-01
2.260000000000000000e+02 -3.789482150442110009e-01
2.250000000000000000e+02 -3.795156203746913870e-01
2.240000000000000000e+02 -3.800768762679560542e-01
2.230000000000000000e+02 -3.806316266329509701e-01
2.220000000000000000e+02 -3.811795031462583139e-01
2.210000000000000000e+02 -3.817201248765951238e-01
2.200000000000000000e+02 -3.822530978982294769e-01
2.190000000000000000e+02 -3.827780148931355653e-01
2.180000000000000000e+02 -3.832944547411170078e-01
2.170000000000000000e+02 -3.838019820979094998e-01
2.160000000000000000e+02 -3.843001469606798226e-01
2.150000000000000000e+02 -3.847884842205745448e-01
2.140000000000000000e+02 -3.852665132018364691e-01
2.130000000000000000e+02 -3.857337371870384612e-01
2.120000000000000000e+02 -3.861896429282406507e-01
2.110000000000000000e+02 -3.866337001430762976e-01
2.100000000000000000e+02 -3.870653609958807917e-01
2.090000000000000000e+02 -3.874840595628069595e-01
2.080000000000000000e+02 -3.878892112807779124e-01
2.070000000000000000e+02 -3.882802123794779625e-01
2.060000000000000000e+02 -3.886564392961024961e-01
2.050000000000000000e+02 -3.890172480717999370e-01
2.040000000000000000e+02 -3.893619737296818983e-01
2.030000000000000000e+02 -3.896899296334513374e-01
2.020000000000000000e+02 -3.900004068261594958e-01
2.010000000000000000e+02 -3.902926733481630883e-01
2.000000000000000000e+02 -3.905659735339762628e-01
1.990000000000000000e+02 -3.908195272867892589e-01
1.980000000000000000e+02 -3.910525293303909189e-01
1.970000000000000000e+02 -3.912641484372964551e-01
1.960000000000000000e+02 -3.914535266325770979e-01
1.950000000000000000e+02 -3.916197783722307202e-01
1.940000000000000000e+02 -3.917619896959013692e-01
1.930000000000000000e+02 -3.918792173520717625e-01
1.920000000000000000e+02 -3.919704878958923944e-01
1.910000000000000000e+02 -3.920347967577385573e-01
1.900000000000000000e+02 -3.920711072825837640e-01
1.890000000000000000e+02 -3.920783497381639671e-01
1.880000000000000000e+02 -3.920554202918135056e-01
1.870000000000000000e+02 -3.920011799545372044e-01
1.860000000000000000e+02 -3.919144534912758493e-01
1.850000000000000000e+02 -3.917940282967389831e-01
1.840000000000000000e+02 -3.916386532349762639e-01
1.830000000000000000e+02 -3.914470374427290178e-01
1.820000000000000000e+02 -3.912178466564013579e-01
1.810000000000000000e+02 -3.909497110651711793e-01
1.800000000000000000e+02 -3.906412110884938116e-01
1.790000000000000000e+02 -3.902908841715929111e-01
1.780000000000000000e+02 -3.898972214480337373e-01
1.770000000000000000e+02 -3.894586662970548341e-01
1.760000000000000000e+02 -3.889736128558380357e-01
1.750000000000000000e+02 -3.884404044855262472e-01
1.740000000000000000e+02 -3.878573321903152071e-01
1.730000000000000000e+02 -3.872226329876405915e-01
1.720000000000000000e+02 -3.865344882289658557e-01
1.710000000000000000e+02 -3.857910218695581039e-01
1.700000000000000000e+02 -3.849902986860299636e-01
1.690000000000000000e+02 -3.841303224408024186e-01
1.680000000000000000e+02 -3.832090339915849575e-01
1.670000000000000000e+02 -3.822243093451578866e-01
1.660000000000000000e+02 -3.811739576541198216e-01
1.650000000000000000e+02 -3.800557191547018765e-01
1.640000000000000000e+02 -3.788672630454766321e-01
1.630000000000000000e+02 -3.776061853039844873e-01
1.620000000000000000e+02 -3.762700064415722689e-01
1.610000000000000000e+02 -3.748561691933970930e-01
1.600000000000000000e+02 -3.733620361432855028e-01
1.590000000000000000e+02 -3.717848872809839111e-01
1.580000000000000000e+02 -3.701219174901898001e-01
1.570000000000000000e+02 -3.683702339660527292e-01
1.560000000000000000e+02 -3.665268535591248433e-01
1.550000000000000000e+02 -3.645887000444253956e-01
1.540000000000000000e+02 -3.625526013127914338e-01
1.530000000000000000e+02 -3.604152864818153668e-01
1.520000000000000000e+02 -3.581733829234911015e-01
1.510000000000000000e+02 -3.558234132053759713e-01
1.500000000000000000e+02 -3.533617919413435948e-01
1.490000000000000000e+02 -3.507848225483850002e-01
1.480000000000000000e+02 -3.480886939037236005e-01
1.470000000000000000e+02 -3.452694768984827522e-01
1.460000000000000000e+02 -3.423231208810605386e-01
1.450000000000000000e+02 -3.392454499843306492e-01
1.440000000000000000e+02 -3.360321593285358066e-01
1.430000000000000000e+02 -3.326788110924728814e-01
1.420000000000000000e+02 -3.291808304436075194e-01
1.410000000000000000e+02 -3.255335013159379454e-01
1.400000000000000000e+02 -3.217319620249245449e-01
1.390000000000000000e+02 -3.177712007066572086e-01
1.380000000000000000e+02 -3.136460505653550501e-01
1.370000000000000000e+02 -3.093511849156563853e-01
1.360000000000000000e+02 -3.048811119985823659e-01
1.350000000000000000e+02 -3.002301695559234651e-01
1.340000000000000000e+02 -2.953925191359215718e-01
1.330000000000000000e+02 -2.903621401118007261e-01
1.320000000000000000e+02 -2.851328233822477132e-01
1.310000000000000000e+02 -2.796981647289225603e-01
1.300000000000000000e+02 -2.740515577961483151e-01
1.290000000000000000e+02 -2.681861866624198898e-01
1.280000000000000000e+02 -2.620950179629669696e-01
1.270000000000000000e+02 -2.557707925268259963e-01
1.260000000000000000e+02 -2.492060164831535474e-01
1.250000000000000000e+02 -2.423929517914935605e-01
1.240000000000000000e+02 -2.353236061479156982e-01
1.230000000000000000e+02 -2.279897222115387923e-01
1.220000000000000000e+02 -2.203827661000993254e-01
1.210000000000000000e+02 -2.124939150913297548e-01
1.200000000000000000e+02 -2.043140444730261462e-01
