4.000000000000000000e+02 -2.908395704223719624e-01
3.990000000000000000e+02 -2.911705357376689896e-01
3.980000000000000000e+02 -2.915031394741821602e-01
3.970000000000000000e+02 -2.918373929889427898e-01
3.960000000000000000e+02 -2.921733077136786649e-01
3.950000000000000000e+02 -2.925108951543101132e-01
3.940000000000000000e+02 -2.928501668903821242e-01
3.930000000000000000e+02 -2.931911345744517283e-01
3.920000000000000000e+02 -2.935338099313821170e-01
3.910000000000000000e+02 -2.938782047576679046e-01
3.900000000000000000e+02 -2.942243309205206936e-01
3.890000000000000000e+02 -2.945722003570632186e-01
3.880000000000000000e+02 -2.949218250734113589e-01
3.870000000000000000e+02 -2.952732171435804576e-01
3.860000000000000000e+02 -2.956263887084871200e-01
3.850000000000000000e+02 -2.959813519746237742e-01
3.840000000000000000e+02 -2.963381192129971309e-01
3.830000000000000000e+02 -2.966967027576620231e-01
3.820000000000000000e+02 -2.970571150043109787e-01
3.810000000000000000e+02 -2.974193684087778622e-01
3.800000000000000000e+02 -2.977834754854344901e-01
3.790000000000000000e+02 -2.981494488054734493e-01
3.780000000000000000e+02 -2.985173009950705669e-01
3.770000000000000000e+02 -2.988870447335258418e-01
3.760000000000000000e+02 -2.992586927511462491e-01
3.750000000000000000e+02 -2.996322578271886083e-01
3.740000000000000000e+02 -3.000077527876060524e-01
3.730000000000000000e+02 -3.003851905026081459e-01
3.720000000000000000e+02 -3.007645838842091246e-01
3.710000000000000000e+02 -3.011459458835731295e-01
3.700000000000000000e+02 -3.015292894882784513e-01
3.690000000000000000e+02 -3.019146277194154626e-01
3.680000000000000000e+02 -3.023019736284583425e-01
3.670000000000000000e+02 -3.026913402942080777e-01
3.660000000000000000e+02 -3.030827408193460526e-01
3.650000000000000000e+02 -3.034761883269919691e-01
3.640000000000000000e+02 -3.038716959569559006e-01
3.630000000000000000e+02 -3.042692768620371413e-01
3.620000000000000000e+02 -3.046689442038766904e-01
3.610000000000000000e+02 -3.050707111488627499e-01
3.600000000000000000e+02 -3.054745908637651608e-01
3.590000000000000000e+02 -3.058805965110789060e-01
3.580000000000000000e+02 -3.062887412444058044e-01
3.570000000000000000e+02 -3.066990382033640827e-01
3.560000000000000000e+02 -3.071115005085242045e-01
3.550000000000000000e+02 -3.075261412559664453e-01
3.540000000000000000e+02 -3.079429735117191758e-01
3.530000000000000000e+02 -3.083620103058788975e-01
3.520000000000000000e+02 -3.087832646265535885e-01
3.510000000000000000e+02 -3.092067494135944394e-01
3.500000000000000000e+02 -3.096324775519942452e-01
3.490000000000000000e+02 -3.100604618650785183e-01
3.480000000000000000e+02 -3.104907151074438598e-01
3.470000000000000000e+02 -3.109232499575653730e-01
3.460000000000000000e+02 -3.113580790101981299e-01
3.450000000000000000e+02 -3.117952147684119879e-01
3.440000000000000000e+02 -3.122346696354409423e-01
3.430000000000000000e+02 -3.126764559060546400e-01
3.420000000000000000e+02 -3.131205857578132079e-01
3.410000000000000000e+02 -3.135670712418454631e-01
3.400000000000000000e+02 -3.140159242733479017e-01
3.390000000000000000e+02 -3.144671566217543957e-01
3.380000000000000000e+02 -3.149207799005575015e-01
3.370000000000000000e+02 -3.153768055567510165e-01
3.360000000000000000e+02 -3.158352448597946949e-01
3.350000000000000000e+02 -3.162961088904653328e-01
3.340000000000000000e+02 -3.167594085290257877e-01
3.330000000000000000e+02 -3.172251544431302084e-01
3.320000000000000000e+02 -3.176933570753402436e-01
3.310000000000000000e+02 -3.181640266300526099e-01
3.300000000000000000e+02 -3.186371730602063357e-01
3.290000000000000000e+02 -3.191128058743146756e-01
3.280000000000000000e+02 -3.195909348116516835e-01
3.270000000000000000e+02 -3.200715688293387928e-01
3.260000000000000000e+02 -3.205547167303309242e-01
3.250000000000000000e+02 -3.210403869919074005e-01
3.240000000000000000e+02 -3.215285877492944921e-01
3.230000000000000000e+02 -3.220193264263864208e-01
3.220000000000000000e+02 -3.225126111278278640e-01
3.210000000000000000e+02 -3.230084485067879485e-01
3.200000000000000000e+02 -3.235068451557777669e-01
3.190000000000000000e+02 -3.240078072351485483e-01
3.180000000000000000e+02 -3.245113404531833612e-01
3.170000000000000000e+02 -3.250174500457317373e-01
3.160000000000000000e+02 -3.255261407549973063e-01
3.150000000000000000e+02 -3.260374168077425083e-01
3.140000000000000000e+02 -3.265512818928827388e-01
3.130000000000000000e+02 -3.270677391381603405e-01
3.120000000000000000e+02 -3.275867910861689491e-01
3.110000000000000000e+02 -3.281084396698047412e-01
3.100000000000000000e+02 -3.286326861865054294e-01
3.090000000000000000e+02 -3.291595312721592448e-01
3.080000000000000000e+02 -3.296889748738490722e-01
3.070000000000000000e+02 -3.302210162218175427e-01
3.060000000000000000e+02 -3.307556538006741764e-01
3.050000000000000000e+02 -3.312928853195187262e-01
3.040000000000000000e+02 -3.318327076812421228e-01
3.030000000000000000e+02 -3.323751169508331604e-01
3.020000000000000000e+02 -3.329201083226116520e-01
3.010000000000000000e+02 -3.334676760865555867e-01
3.000000000000000000e+02 -3.340178135935575332e-01
2.990000000000000000e+02 -3.345705132194636278e-01
2.980000000000000000e+02 -3.351257663280574617e-01
2.970000000000000000e+02 -3.356835632330713581e-01
2.960000000000000000e+02 -3.362438931585787216e-01
2.950000000000000000e+02 -3.368067441986191124e-01
2.940000000000000000e+02 -3.373721032751911819e-01
2.930000000000000000e+02 -3.379399560951493742e-01
2.920000000000000000e+02 -3.385102871057336094e-01
2.910000000000000000e+02 -3.390830794484575028e-01
2.900000000000000000e+02 -3.396583149119607459e-01
2.890000000000000000e+02 -3.402359738830026403e-01
2.880000000000000000e+02 -3.408160352962532058e-01
2.870000000000000000e+02 -3.413984765821274636e-01
2.860000000000000000e+02 -3.419832736133771034e-01
2.850000000000000000e+02 -3.425704006497491960e-01
2.840000000000000000e+02 -3.431598302809973910e-01
2.830000000000000000e+02 -3.437515333680830620e-01
2.820000000000000000e+02 -3.443454789826028151e-01
2.810000000000000000e+02 -3.449416343442067712e-01
2.800000000000000000e+02 -3.455399647560764009e-01
2.790000000000000000e+02 -3.461404335385006581e-01
2.780000000000000000e+02 -3.467430019601999702e-01
2.770000000000000000e+02 -3.473476291676097505e-01
2.760000000000000000e+02 -3.479542721118740189e-01
2.750000000000000000e+02 -3.485628854736524396e-01
2.740000000000000000e+02 -3.491734215854669365e-01
2.730000000000000000e+02 -3.497858303515981593e-01
2.720000000000000000e+02 -3.504000591657069341e-01
2.710000000000000000e+02 -3.510160528254794299e-01
2.700000000000000000e+02 -3.516337534450338920e-01
2.690000000000000000e+02 -3.522531003642455083e-01
2.680000000000000000e+02 -3.528740300555089360e-01
2.670000000000000000e+02 -3.534964760273509032e-01
2.660000000000000000e+02 -3.541203687252724164e-01
2.650000000000000000e+02 -3.547456354293274661e-01
2.640000000000000000e+02 -3.553722001485909443e-01
2.630000000000000000e+02 -3.559999835124125767e-01
2.620000000000000000e+02 -3.566289026581794808e-01
2.610000000000000000e+02 -3.572588711157219654e-01
2.600000000000000000e+02 -3.578897986880486548e-01
2.590000000000000000e+02 -3.585215913284934275e-01
2.580000000000000000e+02 -3.591541510140142668e-01
2.570000000000000000e+02 -3.597873756146721669e-01
2.560000000000000000e+02 -3.604211587589804533e-01
2.550000000000000000e+02 -3.610553896953140329e-01
2.540000000000000000e+02 -3.616899531489206621e-01
2.530000000000000000e+02 -3.623247291746928833e-01
2.520000000000000000e+02 -3.629595930053067798e-01
2.510000000000000000e+02 -3.635944148950024379e-01
2.500000000000000000e+02 -3.642290599583480892e-01
2.490000000000000000e+02 -3.648633880043582467e-01
2.480000000000000000e+02 -3.654972533655160838e-01
2.470000000000000000e+02 -3.661305047215022146e-01
2.460000000000000000e+02 -3.667629849179845358e-01
2.450000000000000000e+02 -3.673945307796220860e-01
2.440000000000000000e+02 -3.680249729177113016e-01
2.430000000000000000e+02 -3.686541355319125635e-01
2.420000000000000000e+02 -3.692818362062635917e-01
2.410000000000000000e+02 -3.699078856988864406e-01
2.400000000000000000e+02 -3.705320877257265444e-01
2.390000000000000000e+02 -3.711542387376809415e-01
2.380000000000000000e+02 -3.717741276911430415e-01
2.370000000000000000e+02 -3.723915358119349595e-01
2.360000000000000000e+02 -3.730062363521021718e-01
2.350000000000000000e+02 -3.736179943395684377e-01
2.340000000000000000e+02 -3.742265663205820991e-01
2.330000000000000000e+02 -3.748317000943047761e-01
2.320000000000000000e+02 -3.754331344399498560e-01
2.310000000000000000e+02 -3.760305988355419626e-01
2.300000000000000000e+02 -3.766238131687527080e-01
2.290000000000000000e+02 -3.772124874390744842e-01
2.280000000000000000e+02 -3.777963214512426449e-01
2.270000000000000000e+02 -3.783750044997831186e-01
2.260000000000000000e+02 -3.789482150442110564e-01
2.250000000000000000e+02 -3.795156203746912760e-01
2.240000000000000000e+02 -3.800768762679559432e-01
2.230000000000000000e+02 -3.806316266329511366e-01
2.220000000000000000e+02 -3.811795031462580363e-01
2.210000000000000000e+02 -3.817201248765949573e-01
2.200000000000000000e+02 -3.822530978982295879e-01
2.190000000000000000e+02 -3.827780148931357873e-01
2.180000000000000000e+02 -3.832944547411171743e-01
2.170000000000000000e+02 -3.838019820979096108e-01
2.160000000000000000e+02 -3.843001469606799891e-01
2.150000000000000000e+02 -3.847884842205743228e-01
2.140000000000000000e+02 -3.852665132018365246e-01
2.130000000000000000e+02 -3.857337371870384612e-01
2.120000000000000000e+02 -3.861896429282407617e-01
2.110000000000000000e+02 -3.866337001430762976e-01
2.100000000000000000e+02 -3.870653609958807362e-01
2.090000000000000000e+02 -3.874840595628068485e-01
2.080000000000000000e+02 -3.878892112807779124e-01
2.070000000000000000e+02 -3.882802123794780735e-01
2.060000000000000000e+02 -3.886564392961027181e-01
2.050000000000000000e+02 -3.890172480718000481e-01
2.040000000000000000e+02 -3.893619737296820649e-01
2.030000000000000000e+02 -3.896899296334513374e-01
2.020000000000000000e+02 -3.900004068261592738e-01
2.010000000000000000e+02 -3.902926733481630883e-01
2.000000000000000000e+02 -3.905659735339759298e-01
1.990000000000000000e+02 -3.908195272867890369e-01
1.980000000000000000e+02 -3.910525293303911409e-01
1.970000000000000000e+02 -3.912641484372963996e-01
1.960000000000000000e+02 -3.914535266325770979e-01
1.950000000000000000e+02 -3.916197783722307202e-01
1.940000000000000000e+02 -3.917619896959012582e-01
1.930000000000000000e+02 -3.918792173520717625e-01
1.920000000000000000e+02 -3.919704878958924499e-01
1.910000000000000000e+02 -3.920347967577384463e-01
1.900000000000000000e+02 -3.920711072825836530e-01
1.890000000000000000e+02 -3.920783497381639116e-01
1.880000000000000000e+02 -3.920554202918136166e-01
1.870000000000000000e+02 -3.920011799545373155e-01
1.860000000000000000e+02 -3.919144534912759603e-01
1.850000000000000000e+02 -3.917940282967389831e-01
1.840000000000000000e+02 -3.916386532349763194e-01
1.830000000000000000e+02 -3.914470374427291288e-01
1.820000000000000000e+02 -3.912178466564014689e-01
1.810000000000000000e+02 -3.909497110651712903e-01
1.800000000000000000e+02 -3.906412110884937561e-01
1.790000000000000000e+02 -3.902908841715928001e-01
1.780000000000000000e+02 -3.898972214480339038e-01
1.770000000000000000e+02 -3.894586662970547231e-01
1.760000000000000000e+02 -3.889736128558380357e-01
1.750000000000000000e+02 -3.884404044855264693e-01
1.740000000000000000e+02 -3.878573321903153737e-01
1.730000000000000000e+02 -3.872226329876402029e-01
1.720000000000000000e+02 -3.865344882289658557e-01
1.710000000000000000e+02 -3.857910218695578264e-01
1.700000000000000000e+02 -3.849902986860297416e-01
1.690000000000000000e+02 -3.841303224408024186e-01
1.680000000000000000e+02 -3.832090339915851240e-01
1.670000000000000000e+02 -3.822243093451579421e-01
1.660000000000000000e+02 -3.811739576541195440e-01
1.650000000000000000e+02 -3.800557191547019875e-01
1.640000000000000000e+02 -3.788672630454764656e-01
1.630000000000000000e+02 -3.776061853039842653e-01
1.620000000000000000e+02 -3.762700064415721579e-01
1.610000000000000000e+02 -3.748561691933970930e-01
1.600000000000000000e+02 -3.733620361432854473e-01
1.590000000000000000e+02 -3.717848872809840222e-01
1.580000000000000000e+02 -3.701219174901898556e-01
1.570000000000000000e+02 -3.683702339660527847e-01
1.560000000000000000e+02 -3.665268535591249544e-01
1.550000000000000000e+02 -3.645887000444252846e-01
1.540000000000000000e+02 -3.625526013127914338e-01
1.530000000000000000e+02 -3.604152864818152557e-01
1.520000000000000000e+02 -3.581733829234911570e-01
1.510000000000000000e+02 -3.558234132053760823e-01
1.500000000000000000e+02 -3.533617919413437058e-01
1.490000000000000000e+02 -3.507848225483852778e-01
1.480000000000000000e+02 -3.480886939037235450e-01
1.470000000000000000e+02 -3.452694768984827522e-01
1.460000000000000000e+02 -3.423231208810605386e-01
1.450000000000000000e+02 -3.392454499843303162e-01
1.440000000000000000e+02 -3.360321593285358066e-01
1.430000000000000000e+02 -3.326788110924727149e-01
1.420000000000000000e+02 -3.291808304436077970e-01
1.410000000000000000e+02 -3.255335013159380009e-01
1.400000000000000000e+02 -3.217319620249247114e-01
1.390000000000000000e+02 -3.177712007066570976e-01
1.380000000000000000e+02 -3.136460505653552167e-01
1.370000000000000000e+02 -3.093511849156563298e-01
1.360000000000000000e+02 -3.048811119985819773e-01
1.350000000000000000e+02 -3.002301695559231320e-01
1.340000000000000000e+02 -2.953925191359216273e-01
1.330000000000000000e+02 -2.903621401118009482e-01
1.320000000000000000e+02 -2.851328233822477687e-01
1.310000000000000000e+02 -2.796981647289227269e-01
1.300000000000000000e+02 -2.740515577961482041e-01
1.290000000000000000e+02 -2.681861866624194457e-01
1.280000000000000000e+02 -2.620950179629668586e-01
1.270000000000000000e+02 -2.557707925268261073e-01
1.260000000000000000e+02 -2.492060164831536584e-01
1.250000000000000000e+02 -2.423929517914934495e-01
1.240000000000000000e+02 -2.353236061479158092e-01
1.230000000000000000e+02 -2.279897222115389033e-01
1.220000000000000000e+02 -2.203827661000994365e-01
1.210000000000000000e+02 -2.124939150913299768e-01
1.200000000000000000e+02 -2.043140444730259242e-01
