4.000000000000000000e+02 -2.908395704223618594e-01
3.990000000000000000e+02 -2.911705357376664915e-01
3.980000000000000000e+02 -2.915031394741847137e-01
3.970000000000000000e+02 -2.918373929889526708e-01
3.960000000000000000e+02 -2.921733077136784984e-01
3.950000000000000000e+02 -2.925108951543102243e-01
3.940000000000000000e+02 -2.928501668903820687e-01
3.930000000000000000e+02 -2.931911345744516173e-01
3.920000000000000000e+02 -2.935338099313918869e-01
3.910000000000000000e+02 -2.938782047576680712e-01
3.900000000000000000e+02 -2.942243309205107016e-01
3.890000000000000000e+02 -2.945722003570533376e-01
3.880000000000000000e+02 -2.949218250734017555e-01
3.870000000000000000e+02 -2.952732171435801800e-01
3.860000000000000000e+02 -2.956263887084727982e-01
3.850000000000000000e+02 -2.959813519746339328e-01
3.840000000000000000e+02 -2.963381192129969643e-01
3.830000000000000000e+02 -2.966967027576521421e-01
3.820000000000000000e+02 -2.970571150043010422e-01
3.810000000000000000e+02 -2.974193684087779177e-01
3.800000000000000000e+02 -2.977834754854246646e-01
3.790000000000000000e+02 -2.981494488054834413e-01
3.780000000000000000e+02 -2.985173009950705669e-01
3.770000000000000000e+02 -2.988870447335259528e-01
3.760000000000000000e+02 -2.992586927511362016e-01
3.750000000000000000e+02 -2.996322578271886639e-01
3.740000000000000000e+02 -3.000077527876059413e-01
3.730000000000000000e+02 -3.003851905026180269e-01
3.720000000000000000e+02 -3.007645838842190611e-01
3.710000000000000000e+02 -3.011459458835831215e-01
3.700000000000000000e+02 -3.015292894882783958e-01
3.690000000000000000e+02 -3.019146277194154626e-01
3.680000000000000000e+02 -3.023019736284584535e-01
3.670000000000000000e+02 -3.026913402942082443e-01
3.660000000000000000e+02 -3.030827408193562111e-01
3.650000000000000000e+02 -3.034761883269818661e-01
3.640000000000000000e+02 -3.038716959569557341e-01
3.630000000000000000e+02 -3.042692768620273158e-01
3.620000000000000000e+02 -3.046689442038769124e-01
3.610000000000000000e+02 -3.050707111488525358e-01
3.600000000000000000e+02 -3.054745908637549467e-01
3.590000000000000000e+02 -3.058805965110790726e-01
3.580000000000000000e+02 -3.062887412444034174e-01
3.570000000000000000e+02 -3.066990382033542017e-01
3.560000000000000000e+02 -3.071115005085242045e-01
3.550000000000000000e+02 -3.075261412559762708e-01
3.540000000000000000e+02 -3.079429735117191202e-01
3.530000000000000000e+02 -3.083620103058787865e-01
3.520000000000000000e+02 -3.087832646265534220e-01
3.510000000000000000e+02 -3.092067494135944394e-01
3.500000000000000000e+02 -3.096324775520039041e-01
3.490000000000000000e+02 -3.100604618650885658e-01
3.480000000000000000e+02 -3.104907151074538518e-01
3.470000000000000000e+02 -3.109232499575652620e-01
3.460000000000000000e+02 -3.113580790101984075e-01
3.450000000000000000e+02 -3.117952147684120989e-01
3.440000000000000000e+02 -3.122346696354411644e-01
3.430000000000000000e+02 -3.126764559060445925e-01
3.420000000000000000e+02 -3.131205857578130969e-01
3.410000000000000000e+02 -3.135670712418456296e-01
3.400000000000000000e+02 -3.140159242733430167e-01
3.390000000000000000e+02 -3.144671566217544512e-01
3.380000000000000000e+02 -3.149207799005573905e-01
3.370000000000000000e+02 -3.153768055567536255e-01
3.360000000000000000e+02 -3.158352448597947504e-01
3.350000000000000000e+02 -3.162961088904752693e-01
3.340000000000000000e+02 -3.167594085290258432e-01
3.330000000000000000e+02 -3.172251544431404779e-01
3.320000000000000000e+02 -3.176933570753404656e-01
3.310000000000000000e+02 -3.181640266300527209e-01
3.300000000000000000e+02 -3.186371730602065577e-01
3.290000000000000000e+02 -3.191128058743046281e-01
3.280000000000000000e+02 -3.195909348116514614e-01
3.270000000000000000e+02 -3.200715688293287453e-01
3.260000000000000000e+02 -3.205547167303212652e-01
3.250000000000000000e+02 -3.210403869919175035e-01
3.240000000000000000e+02 -3.215285877493041511e-01
3.230000000000000000e+02 -3.220193267787972435e-01
3.220000000000000000e+02 -3.225126114802864263e-01
3.210000000000000000e+02 -3.230084488593081837e-01
3.200000000000000000e+02 -3.235068455083713879e-01
3.190000000000000000e+02 -3.240078075877960151e-01
3.180000000000000000e+02 -3.245113408059065452e-01
3.170000000000000000e+02 -3.250174503985326369e-01
3.160000000000000000e+02 -3.255261411078570477e-01
3.150000000000000000e+02 -3.260374171606925664e-01
3.140000000000000000e+02 -3.265512822459147313e-01
3.130000000000000000e+02 -3.270677394912465674e-01
3.120000000000000000e+02 -3.275867914393603142e-01
3.110000000000000000e+02 -3.281084400230632192e-01
3.100000000000000000e+02 -3.286326865398628838e-01
3.090000000000000000e+02 -3.291595316256175074e-01
3.080000000000000000e+02 -3.296889752273799434e-01
3.070000000000000000e+02 -3.302210165754535520e-01
3.060000000000000000e+02 -3.307556541544117712e-01
3.050000000000000000e+02 -3.312928856733693417e-01
3.040000000000000000e+02 -3.318327080352012626e-01
3.030000000000000000e+02 -3.323751173048878904e-01
3.020000000000000000e+02 -3.329201086767812345e-01
3.010000000000000000e+02 -3.334676764408435190e-01
3.000000000000000000e+02 -3.340178139479746955e-01
2.990000000000000000e+02 -3.345705135739928671e-01
2.980000000000000000e+02 -3.351257666827311410e-01
2.970000000000000000e+02 -3.356835635878699931e-01
2.960000000000000000e+02 -3.362438935134997031e-01
2.950000000000000000e+02 -3.368067445536822024e-01
2.940000000000000000e+02 -3.373721036303939380e-01
2.930000000000000000e+02 -3.379399564505154441e-01
2.920000000000000000e+02 -3.385102874612404555e-01
2.910000000000000000e+02 -3.390830798041274408e-01
2.900000000000000000e+02 -3.396583152677875028e-01
2.890000000000000000e+02 -3.402359742390195230e-01
2.880000000000000000e+02 -3.408160356524228551e-01
2.870000000000000000e+02 -3.413984769384728613e-01
2.860000000000000000e+02 -3.419832739699120716e-01
2.850000000000000000e+02 -3.425704010064568594e-01
2.840000000000000000e+02 -3.431598306379010088e-01
2.830000000000000000e+02 -3.437515337251869640e-01
2.820000000000000000e+02 -3.443454793399204905e-01
2.810000000000000000e+02 -3.449416347017214557e-01
2.800000000000000000e+02 -3.455399651137917028e-01
2.790000000000000000e+02 -3.461404338964457761e-01
2.780000000000000000e+02 -3.467430023183794008e-01
2.770000000000000000e+02 -3.473476295260023994e-01
2.760000000000000000e+02 -3.479542724705235734e-01
2.750000000000000000e+02 -3.485628858325526824e-01
2.740000000000000000e+02 -3.491734219446036014e-01
2.730000000000000000e+02 -3.497858307110069953e-01
2.720000000000000000e+02 -3.504000595253676797e-01
2.710000000000000000e+02 -3.510160531854197297e-01
2.700000000000000000e+02 -3.516337538052592970e-01
2.690000000000000000e+02 -3.522531007247498014e-01
2.680000000000000000e+02 -3.528740304163271446e-01
2.670000000000000000e+02 -3.534964763884677619e-01
2.660000000000000000e+02 -3.541203690866942533e-01
2.650000000000000000e+02 -3.547456357910691027e-01
2.640000000000000000e+02 -3.553722005106579873e-01
2.630000000000000000e+02 -3.559999838748192369e-01
2.620000000000000000e+02 -3.566289030209334188e-01
2.610000000000000000e+02 -3.572588714788275110e-01
2.600000000000000000e+02 -3.578897990515229610e-01
2.590000000000000000e+02 -3.585215916923402690e-01
2.580000000000000000e+02 -3.591541513782436912e-01
2.570000000000000000e+02 -3.597873759792872272e-01
2.560000000000000000e+02 -3.604211591239885326e-01
2.550000000000000000e+02 -3.610553900607464950e-01
2.540000000000000000e+02 -3.616899535147743983e-01
2.530000000000000000e+02 -3.623247295409700586e-01
2.520000000000000000e+02 -3.629595933720340950e-01
2.510000000000000000e+02 -3.635944152621770620e-01
2.500000000000000000e+02 -3.642290603259870085e-01
2.490000000000000000e+02 -3.648633883724795024e-01
2.480000000000000000e+02 -3.654972537341162342e-01
2.470000000000000000e+02 -3.661305050905889757e-01
2.460000000000000000e+02 -3.667629852875969876e-01
2.450000000000000000e+02 -3.673945311497678889e-01
2.440000000000000000e+02 -3.680249732883876246e-01
2.430000000000000000e+02 -3.686541359031389464e-01
2.420000000000000000e+02 -3.692818365780382583e-01
2.410000000000000000e+02 -3.699078860712280425e-01
2.400000000000000000e+02 -3.705320880986746057e-01
2.390000000000000000e+02 -3.711542391112029882e-01
2.380000000000000000e+02 -3.717741280652979152e-01
2.370000000000000000e+02 -3.723915361867239371e-01
2.360000000000000000e+02 -3.730062367275234769e-01
2.350000000000000000e+02 -3.736179947156621495e-01
2.340000000000000000e+02 -3.742265666973265681e-01
2.330000000000000000e+02 -3.748317004717518497e-01
2.320000000000000000e+02 -3.754331348180903749e-01
2.310000000000000000e+02 -3.760305992143947451e-01
2.300000000000000000e+02 -3.766238135483421234e-01
2.290000000000000000e+02 -3.772124878194170750e-01
2.280000000000000000e+02 -3.777963218323502348e-01
2.270000000000000000e+02 -3.783750048816685307e-01
2.260000000000000000e+02 -3.789482154268931091e-01
2.250000000000000000e+02 -3.795156207581938390e-01
2.240000000000000000e+02 -3.800768766522985009e-01
2.230000000000000000e+02 -3.806316270181376304e-01
2.220000000000000000e+02 -3.811795035323229941e-01
2.210000000000000000e+02 -3.817201252635470388e-01
2.200000000000000000e+02 -3.822530982860850579e-01
2.190000000000000000e+02 -3.827780152819134640e-01
2.180000000000000000e+02 -3.832944551308328229e-01
2.170000000000000000e+02 -3.838019824885841591e-01
2.160000000000000000e+02 -3.843001473523511846e-01
2.150000000000000000e+02 -3.847884846132556547e-01
2.140000000000000000e+02 -3.852665135955291031e-01
2.130000000000000000e+02 -3.857337375817778691e-01
2.120000000000000000e+02 -3.861896433240324389e-01
2.110000000000000000e+02 -3.866337005399729243e-01
2.100000000000000000e+02 -3.870653613938800364e-01
2.090000000000000000e+02 -3.874840599619239212e-01
2.080000000000000000e+02 -3.878892116810453983e-01
2.070000000000000000e+02 -3.882802127809373838e-01
2.060000000000000000e+02 -3.886564396987650660e-01
2.050000000000000000e+02 -3.890172484756736493e-01
2.040000000000000000e+02 -3.893619741348009478e-01
2.030000000000000000e+02 -3.896899300398361521e-01
2.020000000000000000e+02 -3.900004072338443817e-01
2.010000000000000000e+02 -3.902926737571703608e-01
2.000000000000000000e+02 -3.905659739443103629e-01
1.990000000000000000e+02 -3.908195276984910427e-01
1.980000000000000000e+02 -3.910525297434973013e-01
1.970000000000000000e+02 -3.912641488518239230e-01
1.960000000000000000e+02 -3.914535270485366425e-01
1.950000000000000000e+02 -3.916197787896688043e-01
1.940000000000000000e+02 -3.917619901148324257e-01
1.930000000000000000e+02 -3.918792177725303749e-01
1.920000000000000000e+02 -3.919704883179067068e-01
1.910000000000000000e+02 -3.920347971813404886e-01
1.900000000000000000e+02 -3.920711077077899120e-01
1.890000000000000000e+02 -3.920783501650124681e-01
1.880000000000000000e+02 -3.920554207203292840e-01
1.870000000000000000e+02 -3.920011803847484044e-01
1.860000000000000000e+02 -3.919144539232327640e-01
1.850000000000000000e+02 -3.917940287304322311e-01
1.840000000000000000e+02 -3.916386536704630217e-01
1.830000000000000000e+02 -3.914470378800462558e-01
1.820000000000000000e+02 -3.912178470955598453e-01
1.810000000000000000e+02 -3.909497115062257611e-01
1.800000000000000000e+02 -3.906412115314671363e-01
1.790000000000000000e+02 -3.902908846165009660e-01
1.780000000000000000e+02 -3.898972218949459667e-01
1.770000000000000000e+02 -3.894586667459636331e-01
1.760000000000000000e+02 -3.889736133068056878e-01
1.750000000000000000e+02 -3.884404049385737911e-01
1.740000000000000000e+02 -3.878573326454861081e-01
1.730000000000000000e+02 -3.872226334449758722e-01
1.720000000000000000e+02 -3.865344886884725106e-01
1.710000000000000000e+02 -3.857910223312961406e-01
1.700000000000000000e+02 -3.849902991500306348e-01
1.690000000000000000e+02 -3.841303229071136305e-01
1.680000000000000000e+02 -3.832090344602184784e-01
1.670000000000000000e+02 -3.822243098161643982e-01
1.660000000000000000e+02 -3.811739581275497835e-01
1.650000000000000000e+02 -3.800557196305874852e-01
1.640000000000000000e+02 -3.788672635238448660e-01
1.630000000000000000e+02 -3.776061857848877490e-01
1.620000000000000000e+02 -3.762700069250343726e-01
1.610000000000000000e+02 -3.748561691933786633e-01
1.600000000000000000e+02 -3.733620361432904988e-01
1.590000000000000000e+02 -3.717848872809941252e-01
1.580000000000000000e+02 -3.701219174901898001e-01
1.570000000000000000e+02 -3.683702339660591130e-01
1.560000000000000000e+02 -3.665268535591250654e-01
1.550000000000000000e+02 -3.645887000444252846e-01
1.540000000000000000e+02 -3.625526013127967628e-01
1.530000000000000000e+02 -3.604152864818098156e-01
1.520000000000000000e+02 -3.581733829234853839e-01
1.510000000000000000e+02 -3.558234132053803567e-01
1.500000000000000000e+02 -3.533617919413438169e-01
1.490000000000000000e+02 -3.507848225483851112e-01
1.480000000000000000e+02 -3.480886939037296512e-01
1.470000000000000000e+02 -3.452694768984728158e-01
1.460000000000000000e+02 -3.423231208810540993e-01
1.450000000000000000e+02 -3.392454499843306492e-01
1.440000000000000000e+02 -3.360321593285292563e-01
1.430000000000000000e+02 -3.326788110924828734e-01
1.420000000000000000e+02 -3.291808304436077415e-01
1.410000000000000000e+02 -3.255335013159378343e-01
1.400000000000000000e+02 -3.217319620249420864e-01
1.390000000000000000e+02 -3.177712007066474387e-01
1.380000000000000000e+02 -3.136460505653650976e-01
1.370000000000000000e+02 -3.093511849156563853e-01
1.360000000000000000e+02 -3.048811119985748164e-01
1.350000000000000000e+02 -3.002301695559234096e-01
1.340000000000000000e+02 -2.953925191359291769e-01
1.330000000000000000e+02 -2.903621401118011147e-01
1.320000000000000000e+02 -2.851328233822375546e-01
1.310000000000000000e+02 -2.796981647289045192e-01
1.300000000000000000e+02 -2.740515577961463167e-01
1.290000000000000000e+02 -2.681861866624097868e-01
1.280000000000000000e+02 -2.620950179629768506e-01
1.270000000000000000e+02 -2.557707925268261073e-01
1.260000000000000000e+02 -2.492060164831445546e-01
1.250000000000000000e+02 -2.423929517915036636e-01
1.240000000000000000e+02 -2.353236061479074825e-01
1.230000000000000000e+02 -2.279897222115387923e-01
1.220000000000000000e+02 -2.203827661001108718e-01
1.210000000000000000e+02 -2.124939150913306429e-01
1.200000000000000000e+02 -2.043140444730158212e-01
