2.000000000000000000e+00 -5.782496141048357741e-01
1.989999999999999991e+00 -5.761264908952639097e-01
1.979999999999999982e+00 -5.740032429976785755e-01
1.969999999999999973e+00 -5.718798679595620271e-01
1.959999999999999964e+00 -5.697563632635480602e-01
1.949999999999999956e+00 -5.676327263254716815e-01
1.939999999999999947e+00 -5.655089544919889022e-01
1.929999999999999938e+00 -5.633850450382875685e-01
1.919999999999999929e+00 -5.612609951656991614e-01
1.909999999999999920e+00 -5.591368019991181937e-01
1.899999999999999911e+00 -5.570124625844603550e-01
1.889999999999999902e+00 -5.548879738857879218e-01
1.879999999999999893e+00 -5.527633327826257936e-01
1.869999999999999885e+00 -5.506385360668787365e-01
1.859999999999999876e+00 -5.485135804397880399e-01
1.849999999999999867e+00 -5.463884625086472546e-01
1.839999999999999858e+00 -5.442631787834960599e-01
1.829999999999999849e+00 -5.421377256736166217e-01
1.819999999999999840e+00 -5.400120994837740440e-01
1.809999999999999831e+00 -5.378862964105103339e-01
1.799999999999999822e+00 -5.357603125380632214e-01
1.789999999999999813e+00 -5.336341438341934973e-01
1.779999999999999805e+00 -5.315077861458900044e-01
1.769999999999999796e+00 -5.293812351947017047e-01
1.759999999999999787e+00 -5.272544865721113805e-01
1.749999999999999778e+00 -5.251275357343823114e-01
1.739999999999999769e+00 -5.230003779974674583e-01
1.729999999999999760e+00 -5.208730085314767777e-01
1.719999999999999751e+00 -5.187454223549824439e-01
1.709999999999999742e+00 -5.166176143290193146e-01
1.699999999999999734e+00 -5.144895791508108385e-01
1.689999999999999725e+00 -5.123613113471634506e-01
1.679999999999999716e+00 -5.102328052675476622e-01
1.669999999999999707e+00 -5.081040550769291286e-01
1.659999999999999698e+00 -5.059750547481361993e-01
1.649999999999999689e+00 -5.038457980537626169e-01
1.639999999999999680e+00 -5.017162785580168149e-01
1.629999999999999671e+00 -4.995864896076774864e-01
1.619999999999999662e+00 -4.974564243230149563e-01
1.609999999999999654e+00 -4.953260755879190791e-01
1.599999999999999645e+00 -4.931954360397464709e-01
1.589999999999999636e+00 -4.910644980585171515e-01
1.579999999999999627e+00 -4.889332537555692859e-01
1.569999999999999618e+00 -4.868016949614993871e-01
1.559999999999999609e+00 -4.846698132137549075e-01
1.549999999999999600e+00 -4.825375997431270436e-01
1.539999999999999591e+00 -4.804050454599219089e-01
1.529999999999999583e+00 -4.782721409389948386e-01
1.519999999999999574e+00 -4.761388764041877275e-01
1.509999999999999565e+00 -4.740052417118679751e-01
1.499999999999999556e+00 -4.718712263334141621e-01
1.489999999999999547e+00 -4.697368193367056355e-01
1.479999999999999538e+00 -4.676020093666988231e-01
1.469999999999999529e+00 -4.654667846246105523e-01
1.459999999999999520e+00 -4.633311328461647838e-01
1.449999999999999512e+00 -4.611950412781897768e-01
1.439999999999999503e+00 -4.590584966540591783e-01
1.429999999999999494e+00 -4.569214851675872935e-01
1.419999999999999485e+00 -4.547839924452527494e-01
1.409999999999999476e+00 -4.526460035164968088e-01
1.399999999999999467e+00 -4.505075027826982437e-01
1.389999999999999458e+00 -4.483684739835554489e-01
1.379999999999999449e+00 -4.462289001615836193e-01
1.369999999999999440e+00 -4.440887636243169290e-01
1.359999999999999432e+00 -4.419480459040243669e-01
1.349999999999999423e+00 -4.398067277144915854e-01
1.339999999999999414e+00 -4.376647889052180385e-01
1.329999999999999405e+00 -4.355222084122056803e-01
1.319999999999999396e+00 -4.333789642055637104e-01
1.309999999999999387e+00 -4.312350332332221536e-01
1.299999999999999378e+00 -4.290903913609177001e-01
1.289999999999999369e+00 -4.269450133075580189e-01
1.279999999999999361e+00 -4.247988725762202322e-01
1.269999999999999352e+00 -4.226519413797946156e-01
1.259999999999999343e+00 -4.205041905612501019e-01
1.249999999999999334e+00 -4.183555895078201470e-01
1.239999999999999325e+00 -4.162061060587028960e-01
1.229999999999999316e+00 -4.140557064054403158e-01
1.219999999999999307e+00 -4.119043549845877727e-01
1.209999999999999298e+00 -4.097520143619047817e-01
1.199999999999999289e+00 -4.075986451069648631e-01
1.189999999999999281e+00 -4.054442056577353126e-01
1.179999999999999272e+00 -4.032886521736886998e-01
1.169999999999999263e+00 -4.011319383767112390e-01
1.159999999999999254e+00 -3.989740153781478060e-01
1.149999999999999245e+00 -3.968148314911190688e-01
1.139999999999999236e+00 -3.946543320259526810e-01
1.129999999999999227e+00 -3.924924590674286895e-01
1.119999999999999218e+00 -3.903291512317147438e-01
1.109999999999999210e+00 -3.881643434007289173e-01
1.099999999999999201e+00 -3.859979664314255876e-01
1.089999999999999192e+00 -3.838299468373524981e-01
1.079999999999999183e+00 -3.816602064389916782e-01
1.069999999999999174e+00 -3.794886619794429761e-01
1.059999999999999165e+00 -3.773152247013390470e-01
1.049999999999999156e+00 -3.751397998799441136e-01
1.039999999999999147e+00 -3.729622863075453543e-01
1.029999999999999138e+00 -3.707825757223514040e-01
1.019999999999999130e+00 -3.686005521752935832e-01
1.009999999999999121e+00 -3.664160913259500996e-01
9.999999999999991118e-01 -3.642290603259869530e-01
9.899999999999991029e-01 -3.620393136074494533e-01
9.799999999999990941e-01 -3.598466985762838188e-01
9.699999999999990852e-01 -3.576510478412994187e-01
9.599999999999990763e-01 -3.554521813152107246e-01
9.499999999999990674e-01 -3.532499041548376462e-01
9.399999999999990585e-01 -3.510440051861661859e-01
9.299999999999990496e-01 -3.488342551179822171e-01
9.199999999999990408e-01 -3.466204045095698794e-01
9.099999999999990319e-01 -3.444021814500500822e-01
8.999999999999990230e-01 -3.421792888994900084e-01
8.899999999999990141e-01 -3.399514016304000519e-01
8.799999999999990052e-01 -3.377181626951401006e-01
8.699999999999989964e-01 -3.354791793278499856e-01
8.599999999999989875e-01 -3.332340181674701141e-01
8.499999999999989786e-01 -3.309821996613697692e-01
8.399999999999989697e-01 -3.287231914719601633e-01
8.299999999999989608e-01 -3.264564006625499948e-01
8.199999999999989519e-01 -3.241811643749799021e-01
8.099999999999989431e-01 -3.218967386278801524e-01
7.999999999999989342e-01 -3.196022847499598862e-01
7.899999999999989253e-01 -3.172968528042298120e-01
7.799999999999989164e-01 -3.149793611375536484e-01
7.699999999999989075e-01 -3.126485708727499979e-01
7.599999999999988987e-01 -3.103030536975791565e-01
7.499999999999988898e-01 -3.079411506148187483e-01
7.399999999999988809e-01 -3.055609182593281292e-01
7.299999999999988720e-01 -3.031600577164731969e-01
7.199999999999988631e-01 -3.007358180445277585e-01
7.099999999999988542e-01 -2.982848620486677760e-01
6.999999999999988454e-01 -2.958030735292161983e-01
6.899999999999988365e-01 -2.932852694326756882e-01
6.799999999999988276e-01 -2.907247480763046621e-01
6.699999999999988187e-01 -2.881125322312907966e-01
6.599999999999988098e-01 -2.854359815250468446e-01
6.499999999999988010e-01 -2.826758860545758312e-01
6.399999999999987921e-01 -2.797988518049617235e-01
6.299999999999987832e-01 -2.767235484645655941e-01
