1.409999999999999476e+00 -1.279668905010405311e+00
1.399999999999999467e+00 -1.257827223484153434e+00
1.389999999999999458e+00 -1.235823520553597010e+00
1.379999999999999449e+00 -1.213737278944407860e+00
1.369999999999999440e+00 -1.191595338139443738e+00
1.359999999999999432e+00 -1.169412205601716881e+00
1.349999999999999423e+00 -1.147197036938163217e+00
1.339999999999999414e+00 -1.124956122367565703e+00
1.329999999999999405e+00 -1.102694026379723580e+00
1.319999999999999396e+00 -1.080414191300492988e+00
1.309999999999999387e+00 -1.058119289044028077e+00
1.299999999999999378e+00 -1.035811440667149252e+00
1.289999999999999369e+00 -1.013492360690052996e+00
1.279999999999999361e+00 -9.911634558881247115e-01
1.269999999999999352e+00 -9.688258951615440484e-01
1.259999999999999343e+00 -9.464806602958498738e-01
1.249999999999999334e+00 -9.241285836803695419e-01
1.239999999999999325e+00 -9.017703768782702189e-01
1.229999999999999316e+00 -8.794066526280102103e-01
1.219999999999999307e+00 -8.570379420326299513e-01
1.209999999999999298e+00 -8.346647081609098739e-01
1.199999999999999289e+00 -8.122873569314902342e-01
1.189999999999999281e+00 -7.899062459108799894e-01
1.179999999999999272e+00 -7.675216914903599807e-01
1.169999999999999263e+00 -7.451339747884699882e-01
1.159999999999999254e+00 -7.227433465423501735e-01
1.149999999999999245e+00 -7.003500311886599050e-01
1.139999999999999236e+00 -6.779542302902299422e-01
1.129999999999999227e+00 -6.555561254299798746e-01
1.119999999999999218e+00 -6.331558806681801821e-01
1.109999999999999210e+00 -6.107536446395297469e-01
1.099999999999999201e+00 -5.883495523511098613e-01
1.089999999999999192e+00 -5.659437267308401465e-01
1.079999999999999183e+00 -5.435362799662299960e-01
1.069999999999999174e+00 -5.211273146667502187e-01
1.059999999999999165e+00 -4.987169248763236862e-01
1.049999999999999156e+00 -4.763051969585018197e-01
1.039999999999999147e+00 -4.538922103729469137e-01
1.029999999999999138e+00 -4.314780383583348145e-01
1.019999999999999130e+00 -4.090627485351917558e-01
1.009999999999999121e+00 -3.866464034389563986e-01
9.999999999999991118e-01 -3.642290603259870085e-01
9.899999999999991029e-01 -3.418107749306371623e-01
9.799999999999990941e-01 -3.193915951675285747e-01
9.699999999999990852e-01 -2.969715681397677165e-01
9.599999999999990763e-01 -2.745507371025305288e-01
9.499999999999990674e-01 -2.521291424000154935e-01
9.399999999999990585e-01 -2.297068217077051500e-01
9.299999999999990496e-01 -2.072838102505990265e-01
9.199999999999990408e-01 -1.848601410005438206e-01
9.099999999999990319e-01 -1.624358448544236388e-01
8.999999999999990230e-01 -1.400109507956035504e-01
8.899999999999990141e-01 -1.175854860406558844e-01
8.799999999999990052e-01 -9.515947617249953527e-02
8.699999999999989964e-01 -7.273294526173046393e-02
8.599999999999989875e-01 -5.030591597726497000e-02
8.499999999999989786e-01 -2.787840968722865576e-02
8.399999999999989697e-01 -5.450446551365839554e-03
8.299999999999989608e-01 1.697795439442228993e-02
8.199999999999989519e-01 3.940677516055213214e-02
8.099999999999989431e-01 6.183599873261746982e-02
7.999999999999989342e-01 8.426560900596358206e-02
7.899999999999989253e-01 1.066955907254893976e-01
7.799999999999989164e-01 1.291259294301499994e-01
7.699999999999989075e-01 1.515566114018802590e-01
7.599999999999988987e-01 1.739876236182818503e-01
7.499999999999988898e-01 1.964189537089348070e-01
7.399999999999988809e-01 2.188505899150925416e-01
7.299999999999988720e-01 2.412825210521482577e-01
7.199999999999988631e-01 2.637147364749538037e-01
7.099999999999988542e-01 2.861472260456107697e-01
6.999999999999988454e-01 3.085799801035378209e-01
6.899999999999988365e-01 3.310129894376732662e-01
6.799999999999988276e-01 3.534462452605232619e-01
6.699999999999988187e-01 3.758797391840394408e-01
6.599999999999988098e-01 3.983134631971903539e-01
6.499999999999988010e-01 4.207474096449598244e-01
6.399999999999987921e-01 4.431815712086767389e-01
6.299999999999987832e-01 4.656159408877647565e-01
6.199999999999987743e-01 4.880505119826298865e-01
6.099999999999987654e-01 5.104852780786213184e-01
5.999999999999987566e-01 5.329202330309951163e-01
5.899999999999987477e-01 5.553553709508114444e-01
5.799999999999987388e-01 5.777906861918551407e-01
5.699999999999987299e-01 6.002261733380960251e-01
5.599999999999987210e-01 6.226618271921668946e-01
5.499999999999987121e-01 6.450976427643868583e-01
5.399999999999987033e-01 6.675336152624220531e-01
5.299999999999986944e-01 6.899697400817420556e-01
5.199999999999986855e-01 7.124060127963314226e-01
5.099999999999986766e-01 7.348424291502517747e-01
4.999999999999986677e-01 7.572789850494752173e-01
4.899999999999986589e-01 7.797156765542314627e-01
4.799999999999986500e-01 8.021524998718362331e-01
4.699999999999986411e-01 8.245894513498808198e-01
4.599999999999986322e-01 8.470265274698146607e-01
4.499999999999986233e-01 8.694637248407633967e-01
4.399999999999986144e-01 8.919010401939657662e-01
4.299999999999986056e-01 9.143384703771102462e-01
4.199999999999985967e-01 9.367760123493482638e-01
4.099999999999985878e-01 9.592136631763350518e-01
3.999999999999985789e-01 9.816514200256275524e-01
3.899999999999985700e-01 1.004089280162258735e+00
3.799999999999985612e-01 1.026527240944644648e+00
3.699999999999985523e-01 1.048965299820539876e+00
3.599999999999985434e-01 1.071403454323383908e+00
3.499999999999985345e-01 1.093841702068622634e+00
3.399999999999985256e-01 1.116280040750468938e+00
3.299999999999985167e-01 1.138718468138518514e+00
3.199999999999985079e-01 1.161156982074805999e+00
3.099999999999984990e-01 1.183595580470837350e+00
2.999999999999984901e-01 1.206034261304800959e+00
2.899999999999984812e-01 1.228473022618976618e+00
2.799999999999984723e-01 1.250911862517189999e+00
2.699999999999984635e-01 1.273350779162370827e+00
2.599999999999984546e-01 1.295789770774331551e+00
2.499999999999984457e-01 1.318228835627521578e+00
2.399999999999984368e-01 1.340667972048992684e+00
2.299999999999984279e-01 1.363107178416413490e+00
2.199999999999984190e-01 1.385546453156080826e+00
2.099999999999984102e-01 1.407985794741267505e+00
1.999999999999984013e-01 1.430425201690291193e+00
1.899999999999983924e-01 1.452864672565023607e+00
1.799999999999983835e-01 1.475304205969244720e+00
1.699999999999983746e-01 1.497743800547033821e+00
1.599999999999983658e-01 1.520183454981546500e+00
1.499999999999983569e-01 1.542623167993364852e+00
1.399999999999983480e-01 1.565062938339350840e+00
1.299999999999983391e-01 1.587502764811310918e+00
1.199999999999983302e-01 1.609942646234751029e+00
1.099999999999983213e-01 1.632382581467746840e+00
9.999999999999831246e-02 1.654822569399826193e+00
8.999999999999830358e-02 1.677262608950846445e+00
7.999999999999829470e-02 1.699702699070036793e+00
6.999999999999828582e-02 1.722142838734888493e+00
5.999999999999827693e-02 1.744583026950394578e+00
4.999999999999826805e-02 1.767023262747963841e+00
3.999999999999825917e-02 1.789463545184547755e+00
2.999999999999825029e-02 1.811903873342002314e+00
1.999999999999824141e-02 1.834344246326034433e+00
9.999999999998232525e-03 1.856784663265562907e+00
-1.776356839400250465e-15 1.879225123311918599e+00
-1.000000000000156319e-02 1.901665625638188750e+00
-2.000000000000179412e-02 1.924106169438442038e+00
-3.000000000000202505e-02 1.946546753927131723e+00
-4.000000000000181188e-02 1.968987378338438621e+00
-5.000000000000159872e-02 1.991428041925594083e+00
-6.000000000000182965e-02 2.013868743960430141e+00
-7.000000000000206057e-02 2.036309483732655856e+00
-8.000000000000184741e-02 2.058750260549387701e+00
-9.000000000000163425e-02 2.081191073734628194e+00
-1.000000000000018652e-01 2.103631922628682371e+00
-1.100000000000020961e-01 2.126072806587788744e+00
-1.200000000000018829e-01 2.148513724983529993e+00
-1.300000000000016698e-01 2.170954677202431959e+00
-1.400000000000019007e-01 2.193395662645485356e+00
-1.500000000000021316e-01 2.215836680727788277e+00
-1.600000000000019185e-01 2.238277730878061256e+00
-1.700000000000017053e-01 2.260718812538287548e+00
-1.800000000000019362e-01 2.283159925163335657e+00
-1.900000000000021672e-01 2.305601068220587191e+00
-2.000000000000019540e-01 2.328042241189524297e+00
-2.100000000000017408e-01 2.350483443561501851e+00
-2.200000000000019718e-01 2.372924674839301140e+00
-2.300000000000022027e-01 2.395365934536875852e+00
-2.400000000000019895e-01 2.417807222178989690e+00
-2.500000000000017764e-01 2.440248537300996556e+00
-2.600000000000020073e-01 2.462689879448440422e+00
-2.700000000000022382e-01 2.485131248176892349e+00
-2.800000000000020250e-01 2.507572643051541927e+00
-2.900000000000018119e-01 2.530014063647076039e+00
-3.000000000000020428e-01 2.552455509547348900e+00
-3.100000000000022737e-01 2.574896980345122266e+00
-3.200000000000020606e-01 2.597338475641862932e+00
-3.300000000000018474e-01 2.619779995047492704e+00
-3.400000000000020783e-01 2.642221538180224538e+00
-3.500000000000023093e-01 2.664663104666189941e+00
-3.600000000000020961e-01 2.687104694139433203e+00
-3.700000000000018829e-01 2.709546306241617408e+00
-3.800000000000021139e-01 2.731987940621499078e+00
-3.900000000000023448e-01 2.754429596935778157e+00
-4.000000000000021316e-01 2.776871274847314108e+00
-4.100000000000019185e-01 2.799312974026509249e+00
-4.200000000000021494e-01 2.821754694150234055e+00
-4.300000000000023803e-01 2.844196434901626436e+00
-4.400000000000021672e-01 2.866638195970419023e+00
-4.500000000000019540e-01 2.889079977052614989e+00
-4.600000000000021849e-01 2.911521777850007098e+00
-4.700000000000024158e-01 2.933963598070497891e+00
-4.800000000000022027e-01 2.956405437427779059e+00
-4.900000000000019895e-01 2.978847295640752346e+00
-5.000000000000022204e-01 3.001289172434457253e+00
-5.100000000000024514e-01 3.023731067538349748e+00
-5.200000000000022382e-01 3.046172980688072407e+00
-5.300000000000020250e-01 3.068614911623514629e+00
-5.400000000000022560e-01 3.091056860090296787e+00
-5.500000000000024869e-01 3.113498825838144413e+00
-5.600000000000022737e-01 3.135940808622069031e+00
-5.700000000000020606e-01 3.158382808201320113e+00
-5.800000000000022915e-01 3.180824824340204859e+00
-5.900000000000025224e-01 3.203266856806605389e+00
-6.000000000000023093e-01 3.225708905373454449e+00
-6.100000000000020961e-01 3.248150969817344524e+00
-6.200000000000023270e-01 3.270593049919447104e+00
-6.300000000000025580e-01 3.293035145464519697e+00
-6.400000000000023448e-01 3.315477256241671000e+00
-6.500000000000021316e-01 3.337919382043331051e+00
-6.600000000000023626e-01 3.360361522666310385e+00
-6.700000000000025935e-01 3.382803677910398044e+00
-6.800000000000023803e-01 3.405245847579459362e+00
-6.900000000000021672e-01 3.427688031480462527e+00
-7.000000000000023981e-01 3.450130229424261064e+00
-7.100000000000026290e-01 3.472572441224762496e+00
-7.200000000000024158e-01 3.495014666699193029e+00
-7.300000000000022027e-01 3.517456905668101985e+00
-7.400000000000024336e-01 3.539899157954680131e+00
-7.500000000000026645e-01 3.562341423385957384e+00
-7.600000000000024514e-01 3.584783701791294686e+00
-7.700000000000022382e-01 3.607225993003243758e+00
-7.800000000000024691e-01 3.629668296857477383e+00
-7.900000000000027001e-01 3.652110613191994037e+00
-8.000000000000024869e-01 3.674552941847790688e+00
-8.100000000000022737e-01 3.696995282668828597e+00
-8.200000000000025047e-01 3.719437635500908002e+00
-8.300000000000027356e-01 3.741880000193408495e+00
-8.400000000000025224e-01 3.764322376597317721e+00
-8.500000000000023093e-01 3.786764764566852293e+00
-8.600000000000025402e-01 3.809207163957971876e+00
-8.700000000000027711e-01 3.831649574629735877e+00
-8.800000000000025580e-01 3.854091996442957857e+00
-8.900000000000023448e-01 3.876534429260757975e+00
-9.000000000000025757e-01 3.898976872948820116e+00
-9.100000000000028066e-01 3.921419327374743524e+00
-9.200000000000025935e-01 3.943861792408629885e+00
-9.300000000000023803e-01 3.966304267921858973e+00
-9.400000000000026112e-01 3.988746753788722899e+00
-9.500000000000028422e-01 4.011189249885339869e+00
-9.600000000000026290e-01 4.033631756089339326e+00
-9.700000000000024158e-01 4.056074272280862480e+00
-9.800000000000026468e-01 4.078516798341538241e+00
-9.900000000000028777e-01 4.100959334154932634e+00
-1.000000000000002665e+00 4.123401879606946707e+00
