4.000000000000000000e+02 -2.611785683610519992e+00
3.990000000000000000e+02 -2.611785698097170094e+00
3.980000000000000000e+02 -2.611785712998119902e+00
3.970000000000000000e+02 -2.611785728324759415e+00
3.960000000000000000e+02 -2.611785744088510164e+00
3.950000000000000000e+02 -2.611785760300810111e+00
3.940000000000000000e+02 -2.611785776973980067e+00
3.930000000000000000e+02 -2.611785794120479842e+00
3.920000000000000000e+02 -2.611785811752959763e+00
3.910000000000000000e+02 -2.611785829884570198e+00
3.900000000000000000e+02 -2.611785848528699994e+00
3.890000000000000000e+02 -2.611785867699460084e+00
3.880000000000000000e+02 -2.611785887410859708e+00
3.870000000000000000e+02 -2.611785907677629304e+00
3.860000000000000000e+02 -2.611785928515109934e+00
3.850000000000000000e+02 -2.611785949938559614e+00
3.840000000000000000e+02 -2.611785971964089903e+00
3.830000000000000000e+02 -2.611785994607950023e+00
3.820000000000000000e+02 -2.611786017887359534e+00
3.810000000000000000e+02 -2.611786041819380344e+00
3.800000000000000000e+02 -2.611786066422339569e+00
3.790000000000000000e+02 -2.611786091714369817e+00
3.780000000000000000e+02 -2.611786117714520294e+00
3.770000000000000000e+02 -2.611786144442350022e+00
3.760000000000000000e+02 -2.611786171917940269e+00
3.750000000000000000e+02 -2.611786200162220073e+00
3.740000000000000000e+02 -2.611786229196159326e+00
3.730000000000000000e+02 -2.611786259042040204e+00
3.720000000000000000e+02 -2.611786289722149768e+00
3.710000000000000000e+02 -2.611786321260059829e+00
3.700000000000000000e+02 -2.611786353679409700e+00
3.690000000000000000e+02 -2.611786387005269994e+00
3.680000000000000000e+02 -2.611786421263009750e+00
3.670000000000000000e+02 -2.611786456478490059e+00
3.660000000000000000e+02 -2.611786492679219585e+00
3.650000000000000000e+02 -2.611786529892579978e+00
3.640000000000000000e+02 -2.611786568147249632e+00
3.630000000000000000e+02 -2.611786607472919464e+00
3.620000000000000000e+02 -2.611786647899749791e+00
3.610000000000000000e+02 -2.611786689459330013e+00
3.600000000000000000e+02 -2.611786732183569715e+00
3.590000000000000000e+02 -2.611786776106129970e+00
3.580000000000000000e+02 -2.611786821260969838e+00
3.570000000000000000e+02 -2.611786867683389524e+00
3.560000000000000000e+02 -2.611786915409839871e+00
3.550000000000000000e+02 -2.611786964477789574e+00
3.540000000000000000e+02 -2.611787014925969874e+00
3.530000000000000000e+02 -2.611787066794089895e+00
3.520000000000000000e+02 -2.611787120123109762e+00
3.510000000000000000e+02 -2.611787174955319646e+00
3.500000000000000000e+02 -2.611787231334529835e+00
3.490000000000000000e+02 -2.611787289305369963e+00
3.480000000000000000e+02 -2.611787348914379692e+00
3.470000000000000000e+02 -2.611787410209049920e+00
3.460000000000000000e+02 -2.611787473238730506e+00
3.450000000000000000e+02 -2.611787538054170188e+00
3.440000000000000000e+02 -2.611787604707699995e+00
3.430000000000000000e+02 -2.611787673253040065e+00
3.420000000000000000e+02 -2.611787743745799695e+00
3.410000000000000000e+02 -2.611787816243489768e+00
3.400000000000000000e+02 -2.611787890804889933e+00
3.390000000000000000e+02 -2.611787967491020268e+00
3.380000000000000000e+02 -2.611788046364678983e+00
3.370000000000000000e+02 -2.611788127490779932e+00
3.360000000000000000e+02 -2.611788210936039523e+00
3.350000000000000000e+02 -2.611788296769159690e+00
3.340000000000000000e+02 -2.611788385061249773e+00
3.330000000000000000e+02 -2.611788475885560068e+00
3.320000000000000000e+02 -2.611788569317579523e+00
3.310000000000000000e+02 -2.611788665435390122e+00
3.300000000000000000e+02 -2.611788764319289413e+00
3.290000000000000000e+02 -2.611788866074699733e+00
3.280000000000000000e+02 -2.611788970745379856e+00
3.270000000000000000e+02 -2.611789078438989886e+00
3.260000000000000000e+02 -2.611789189246839005e+00
3.250000000000000000e+02 -2.611789303262869399e+00
3.240000000000000000e+02 -2.611789420583979116e+00
3.230000000000000000e+02 -2.611789541310340024e+00
3.220000000000000000e+02 -2.611789665545209971e+00
3.210000000000000000e+02 -2.611789793394899917e+00
3.200000000000000000e+02 -2.611789924969779797e+00
3.190000000000000000e+02 -2.611790060383159862e+00
3.180000000000000000e+02 -2.611790199752160202e+00
3.170000000000000000e+02 -2.611790343197809783e+00
3.160000000000000000e+02 -2.611790490844950074e+00
3.150000000000000000e+02 -2.611790642822729769e+00
3.140000000000000000e+02 -2.611790799263990159e+00
3.130000000000000000e+02 -2.611790960306210163e+00
3.120000000000000000e+02 -2.611791126091580040e+00
3.110000000000000000e+02 -2.611791296766380110e+00
3.100000000000000000e+02 -2.611791472482229981e+00
3.090000000000000000e+02 -2.611791653395510338e+00
3.080000000000000000e+02 -2.611791839667759518e+00
3.070000000000000000e+02 -2.611792031465800079e+00
3.060000000000000000e+02 -2.611792228961840046e+00
3.050000000000000000e+02 -2.611792432334300251e+00
3.040000000000000000e+02 -2.611792641767159751e+00
3.030000000000000000e+02 -2.611792857450280003e+00
3.020000000000000000e+02 -2.611793079580300159e+00
3.010000000000000000e+02 -2.611793308360480292e+00
3.000000000000000000e+02 -2.611793544000319933e+00
2.990000000000000000e+02 -2.611793786716809507e+00
2.980000000000000000e+02 -2.611794036734199853e+00
2.970000000000000000e+02 -2.611794294284379703e+00
2.960000000000000000e+02 -2.611794559606400057e+00
2.950000000000000000e+02 -2.611794832948159950e+00
2.940000000000000000e+02 -2.611795114565439668e+00
2.930000000000000000e+02 -2.611795404722990543e+00
2.920000000000000000e+02 -2.611795703694389736e+00
2.910000000000000000e+02 -2.611796011762379965e+00
2.900000000000000000e+02 -2.611796329219250090e+00
2.890000000000000000e+02 -2.611796656367399549e+00
2.880000000000000000e+02 -2.611796993519550192e+00
2.870000000000000000e+02 -2.611797340998699646e+00
2.860000000000000000e+02 -2.611797699138910467e+00
2.850000000000000000e+02 -2.611798068286080188e+00
2.840000000000000000e+02 -2.611798448796770700e+00
2.830000000000000000e+02 -2.611798841040851027e+00
2.820000000000000000e+02 -2.611799245399839986e+00
2.810000000000000000e+02 -2.611799662268659450e+00
2.800000000000000000e+02 -2.611800092055109879e+00
2.790000000000000000e+02 -2.611800535181330041e+00
2.780000000000000000e+02 -2.611800992083080697e+00
2.770000000000000000e+02 -2.611801463211149699e+00
2.760000000000000000e+02 -2.611801949031649528e+00
2.750000000000000000e+02 -2.611802450025499489e+00
2.740000000000000000e+02 -2.611802966690369932e+00
2.730000000000000000e+02 -2.611803499540259921e+00
2.720000000000000000e+02 -2.611804049106290382e+00
2.710000000000000000e+02 -2.611804615936869300e+00
2.700000000000000000e+02 -2.611805200598359633e+00
2.690000000000000000e+02 -2.611805803675950166e+00
2.680000000000000000e+02 -2.611806425773949503e+00
2.670000000000000000e+02 -2.611807067515350855e+00
2.660000000000000000e+02 -2.611807729544210144e+00
2.650000000000000000e+02 -2.611808412524429635e+00
2.640000000000000000e+02 -2.611809117140949876e+00
2.630000000000000000e+02 -2.611809844100720035e+00
2.620000000000000000e+02 -2.611810594131819929e+00
2.610000000000000000e+02 -2.611811367985349630e+00
2.600000000000000000e+02 -2.611812166435250049e+00
2.590000000000000000e+02 -2.611812990278579605e+00
2.580000000000000000e+02 -2.611813840335959647e+00
2.570000000000000000e+02 -2.611814717452239698e+00
2.560000000000000000e+02 -2.611815622496469480e+00
2.550000000000000000e+02 -2.611816556362960728e+00
2.540000000000000000e+02 -2.611817519970200507e+00
2.530000000000000000e+02 -2.611818514262219892e+00
2.520000000000000000e+02 -2.611819540208398571e+00
2.510000000000000000e+02 -2.611820598803211269e+00
2.500000000000000000e+02 -2.611821691066570139e+00
2.490000000000000000e+02 -2.611822818043779026e+00
2.480000000000000000e+02 -2.611823980805159540e+00
2.470000000000000000e+02 -2.611825180446010197e+00
2.460000000000000000e+02 -2.611826418085620105e+00
2.450000000000000000e+02 -2.611827694867719707e+00
2.440000000000000000e+02 -2.611829011958880731e+00
2.430000000000000000e+02 -2.611830370548279934e+00
2.420000000000000000e+02 -2.611831771846750083e+00
2.410000000000000000e+02 -2.611833217085079539e+00
2.400000000000000000e+02 -2.611834707512999731e+00
2.390000000000000000e+02 -2.611836244397609086e+00
2.380000000000000000e+02 -2.611837829021180113e+00
2.370000000000000000e+02 -2.611839462679911072e+00
2.360000000000000000e+02 -2.611841146680310644e+00
2.350000000000000000e+02 -2.611842882337330529e+00
2.340000000000000000e+02 -2.611844670970940641e+00
2.330000000000000000e+02 -2.611846513903170131e+00
2.320000000000000000e+02 -2.611848412453709134e+00
2.310000000000000000e+02 -2.611850367936149109e+00
2.300000000000000000e+02 -2.611852381652369548e+00
2.290000000000000000e+02 -2.611854454889029675e+00
2.280000000000000000e+02 -2.611856588910050014e+00
2.270000000000000000e+02 -2.611858784951530232e+00
2.260000000000000000e+02 -2.611861044214089045e+00
2.250000000000000000e+02 -2.611863367856100737e+00
2.240000000000000000e+02 -2.611865756984808939e+00
2.230000000000000000e+02 -2.611868212647278753e+00
2.220000000000000000e+02 -2.611870735821178791e+00
2.210000000000000000e+02 -2.611873327403910761e+00
2.200000000000000000e+02 -2.611875988200850873e+00
2.190000000000000000e+02 -2.611878718913620112e+00
2.180000000000000000e+02 -2.611881520125900913e+00
2.170000000000000000e+02 -2.611884392289100187e+00
2.160000000000000000e+02 -2.611887335706928770e+00
2.150000000000000000e+02 -2.611890350518760506e+00
2.140000000000000000e+02 -2.611893436680919667e+00
2.130000000000000000e+02 -2.611896593948290324e+00
2.120000000000000000e+02 -2.611899821852220249e+00
2.110000000000000000e+02 -2.611903119679979124e+00
2.100000000000000000e+02 -2.611906486449040887e+00
2.090000000000000000e+02 -2.611909920883239700e+00
2.080000000000000000e+02 -2.611913421385120948e+00
2.070000000000000000e+02 -2.611916986006409758e+00
2.060000000000000000e+02 -2.611920612418479948e+00
2.050000000000000000e+02 -2.611924297878390089e+00
2.040000000000000000e+02 -2.611928039194590045e+00
2.030000000000000000e+02 -2.611931832689780020e+00
2.020000000000000000e+02 -2.611935674161569132e+00
2.010000000000000000e+02 -2.611939558841040565e+00
2.000000000000000000e+02 -2.611943481347549945e+00
1.990000000000000000e+02 -2.611947435643140025e+00
1.980000000000000000e+02 -2.611951414981960262e+00
1.970000000000000000e+02 -2.611955411857739939e+00
1.960000000000000000e+02 -2.611959417948749085e+00
1.950000000000000000e+02 -2.611963424058361127e+00
1.940000000000000000e+02 -2.611967420053519895e+00
1.930000000000000000e+02 -2.611971394798120460e+00
1.920000000000000000e+02 -2.611975336084439547e+00
1.910000000000000000e+02 -2.611979230559390075e+00
1.900000000000000000e+02 -2.611983063647049796e+00
1.890000000000000000e+02 -2.611986819466820542e+00
1.880000000000000000e+02 -2.611990480747499177e+00
1.870000000000000000e+02 -2.611994028735409756e+00
1.860000000000000000e+02 -2.611997443098998950e+00
1.850000000000000000e+02 -2.612000701826080018e+00
1.840000000000000000e+02 -2.612003781117779422e+00
1.830000000000000000e+02 -2.612006655274050182e+00
1.820000000000000000e+02 -2.612009296848370354e+00
1.810000000000000000e+02 -2.612011675496340501e+00
1.800000000000000000e+02 -2.612013759290670478e+00
1.790000000000000000e+02 -2.612015513665330246e+00
1.780000000000000000e+02 -2.612016901483970699e+00
1.770000000000000000e+02 -2.612017882881569886e+00
1.760000000000000000e+02 -2.612018415097728585e+00
1.750000000000000000e+02 -2.612018452299800231e+00
1.740000000000000000e+02 -2.612017945395879615e+00
1.730000000000000000e+02 -2.612016841836310110e+00
1.720000000000000000e+02 -2.612015085403530001e+00
1.710000000000000000e+02 -2.612012615990639386e+00
1.700000000000000000e+02 -2.612009369363888389e+00
1.690000000000000000e+02 -2.612005276913487606e+00
1.680000000000000000e+02 -2.612000265387758979e+00
1.670000000000000000e+02 -2.611994256611239074e+00
1.660000000000000000e+02 -2.611987167186469616e+00
1.650000000000000000e+02 -2.611978908174431346e+00
1.640000000000000000e+02 -2.611969384759599055e+00
1.630000000000000000e+02 -2.611958495889270537e+00
1.620000000000000000e+02 -2.611946133894619937e+00
1.610000000000000000e+02 -2.611932186194169780e+00
1.600000000000000000e+02 -2.611916526394119753e+00
1.590000000000000000e+02 -2.611899026583940575e+00
1.580000000000000000e+02 -2.611879548316790700e+00
1.570000000000000000e+02 -2.611857944233030082e+00
1.560000000000000000e+02 -2.611834057512349538e+00
1.550000000000000000e+02 -2.611807721289230777e+00
1.540000000000000000e+02 -2.611778758032257564e+00
1.530000000000000000e+02 -2.611746978884499804e+00
1.520000000000000000e+02 -2.611712182963260354e+00
1.510000000000000000e+02 -2.611674156615470643e+00
1.500000000000000000e+02 -2.611632672626410301e+00
1.490000000000000000e+02 -2.611587489380479354e+00
1.480000000000000000e+02 -2.611538349970038642e+00
1.470000000000000000e+02 -2.611484981249220461e+00
1.460000000000000000e+02 -2.611427092830701291e+00
1.450000000000000000e+02 -2.611364376021060529e+00
1.440000000000000000e+02 -2.611296502693479571e+00
1.430000000000000000e+02 -2.611223124091401004e+00
1.420000000000000000e+02 -2.611143869562618125e+00
1.410000000000000000e+02 -2.611058345218460808e+00
1.400000000000000000e+02 -2.610966132514619620e+00
1.390000000000000000e+02 -2.610866786749769908e+00
1.380000000000000000e+02 -2.610759835477848512e+00
1.370000000000000000e+02 -2.610644776830040925e+00
1.360000000000000000e+02 -2.610521077741508655e+00
1.350000000000000000e+02 -2.610388172078208946e+00
1.340000000000000000e+02 -2.610245458660280349e+00
1.330000000000000000e+02 -2.610092299174639585e+00
1.320000000000000000e+02 -2.609928015974558591e+00
1.310000000000000000e+02 -2.609751889756358967e+00
1.300000000000000000e+02 -2.609563157113409471e+00
1.290000000000000000e+02 -2.609361007955159018e+00
1.280000000000000000e+02 -2.609144582788429201e+00
1.270000000000000000e+02 -2.608912969853940389e+00
1.260000000000000000e+02 -2.608665202108089609e+00
1.250000000000000000e+02 -2.608400254046499889e+00
1.240000000000000000e+02 -2.608117038356328798e+00
1.230000000000000000e+02 -2.607814402393090258e+00
1.220000000000000000e+02 -2.607491124468019450e+00
1.210000000000000000e+02 -2.607145909939371009e+00
1.200000000000000000e+02 -2.606777387095200904e+00
1.190000000000000000e+02 -2.606384102815590076e+00
1.180000000000000000e+02 -2.605964518001909092e+00
1.170000000000000000e+02 -2.605517002760127987e+00
1.160000000000000000e+02 -2.605039831321060095e+00
1.150000000000000000e+02 -2.604531176685670690e+00
1.140000000000000000e+02 -2.603989104974189672e+00
1.130000000000000000e+02 -2.603411569462028563e+00
1.120000000000000000e+02 -2.602796404284049459e+00
1.110000000000000000e+02 -2.602141317782609597e+00
1.100000000000000000e+02 -2.601443885479428175e+00
1.090000000000000000e+02 -2.600701542643929720e+00
1.080000000000000000e+02 -2.599911576433669325e+00
1.070000000000000000e+02 -2.599071117576889911e+00
1.060000000000000000e+02 -2.598177131566329567e+00
1.050000000000000000e+02 -2.597226409334868702e+00
1.040000000000000000e+02 -2.596215557373569460e+00
1.030000000000000000e+02 -2.595140987260720511e+00
1.020000000000000000e+02 -2.593998904558759477e+00
1.010000000000000000e+02 -2.592785297039110759e+00
1.000000000000000000e+02 -2.591495922190689249e+00
9.900000000000000000e+01 -2.590126293967449200e+00
9.800000000000000000e+01 -2.588671668721449493e+00
9.700000000000000000e+01 -2.587127030275098161e+00
9.600000000000000000e+01 -2.585487074071699531e+00
9.500000000000000000e+01 -2.583746190351340566e+00
9.400000000000000000e+01 -2.581898446286890803e+00
9.300000000000000000e+01 -2.579937567015019084e+00
9.200000000000000000e+01 -2.577856915496281154e+00
9.100000000000000000e+01 -2.575649471124249246e+00
9.000000000000000000e+01 -2.573307807009800996e+00
8.900000000000000000e+01 -2.570824065853520857e+00
8.800000000000000000e+01 -2.568189934313529488e+00
8.700000000000000000e+01 -2.565396615772308930e+00
8.600000000000000000e+01 -2.562434801391389350e+00
8.500000000000000000e+01 -2.559294639341998412e+00
8.400000000000000000e+01 -2.555965702073859980e+00
8.300000000000000000e+01 -2.552436951487540018e+00
8.200000000000000000e+01 -2.548696701846998813e+00
8.100000000000000000e+01 -2.544732580257069277e+00
8.000000000000000000e+01 -2.540531484507908555e+00
7.900000000000000000e+01 -2.536079538066379868e+00
7.800000000000000000e+01 -2.531362041960159015e+00
7.700000000000000000e+01 -2.526363423276840603e+00
7.600000000000000000e+01 -2.521067179953909498e+00
7.500000000000000000e+01 -2.515455821501130451e+00
7.400000000000000000e+01 -2.509510805240578790e+00
7.300000000000000000e+01 -2.503212467600380187e+00
7.200000000000000000e+01 -2.496539949930819624e+00
7.100000000000000000e+01 -2.489471118241568082e+00
7.000000000000000000e+01 -2.481982476176530561e+00
6.900000000000000000e+01 -2.474049070453229859e+00
6.800000000000000000e+01 -2.465644387887570677e+00
6.700000000000000000e+01 -2.456740243012228930e+00
6.600000000000000000e+01 -2.447306655159750655e+00
6.500000000000000000e+01 -2.437311713745300423e+00
6.400000000000000000e+01 -2.426721430304539240e+00
6.300000000000000000e+01 -2.415499575671099741e+00
6.200000000000000000e+01 -2.403607500458708301e+00
6.100000000000000000e+01 -2.391003936782179373e+00
6.000000000000000000e+01 -2.377644778889569377e+00
5.900000000000000000e+01 -2.363482840066898127e+00
5.800000000000000000e+01 -2.348467582852180602e+00
5.700000000000000000e+01 -2.332544819191977759e+00
5.600000000000000000e+01 -2.315656376746670464e+00
5.500000000000000000e+01 -2.297739727026391066e+00
5.400000000000000000e+01 -2.278727570473890740e+00
5.300000000000000000e+01 -2.258547372920189922e+00
5.200000000000000000e+01 -2.237120847055679818e+00
5.100000000000000000e+01 -2.214363371651049128e+00
5.000000000000000000e+01 -2.190183340172418003e+00
