4.000000000000000000e+02 -4.231404791478968752e-01
3.990000000000000000e+02 -4.238033188502711157e-01
3.980000000000000000e+02 -4.244694770347434698e-01
3.970000000000000000e+02 -4.251389782439088938e-01
3.960000000000000000e+02 -4.258118472463133797e-01
3.950000000000000000e+02 -4.264881090384480267e-01
3.940000000000000000e+02 -4.271677888466605122e-01
3.930000000000000000e+02 -4.278509121292688455e-01
3.920000000000000000e+02 -4.285375045785134729e-01
3.910000000000000000e+02 -4.292275921225725543e-01
3.900000000000000000e+02 -4.299212009275106272e-01
3.890000000000000000e+02 -4.306183573993449532e-01
3.880000000000000000e+02 -4.313190881859479964e-01
3.870000000000000000e+02 -4.320234201790611461e-01
3.860000000000000000e+02 -4.327313805162658067e-01
3.850000000000000000e+02 -4.334429965829116327e-01
3.840000000000000000e+02 -4.341582960140821790e-01
3.830000000000000000e+02 -4.348773066964981560e-01
3.820000000000000000e+02 -4.356000567704466642e-01
3.810000000000000000e+02 -4.363265746316598026e-01
3.800000000000000000e+02 -4.370568889331952755e-01
3.790000000000000000e+02 -4.377910285873496399e-01
3.780000000000000000e+02 -4.385290227673739327e-01
3.770000000000000000e+02 -4.392709009093797023e-01
3.760000000000000000e+02 -4.400166927140770623e-01
3.750000000000000000e+02 -4.407664281485547120e-01
3.740000000000000000e+02 -4.415201374480275387e-01
3.730000000000000000e+02 -4.422778511173989235e-01
3.720000000000000000e+02 -4.430395999331233625e-01
3.710000000000000000e+02 -4.438054149446334362e-01
3.700000000000000000e+02 -4.445753274760541052e-01
3.690000000000000000e+02 -4.453493691276693145e-01
3.680000000000000000e+02 -4.461275717774587646e-01
3.670000000000000000e+02 -4.469099675824984574e-01
3.660000000000000000e+02 -4.476965889803897758e-01
3.650000000000000000e+02 -4.484874686906011876e-01
3.640000000000000000e+02 -4.492826397157323459e-01
3.630000000000000000e+02 -4.500821353427856275e-01
3.620000000000000000e+02 -4.508859891442852375e-01
3.610000000000000000e+02 -4.516942349793608980e-01
3.600000000000000000e+02 -4.525069069948750577e-01
3.590000000000000000e+02 -4.533240396262313565e-01
3.580000000000000000e+02 -4.541456675984524294e-01
3.570000000000000000e+02 -4.549718259267757636e-01
3.560000000000000000e+02 -4.558025499174913620e-01
3.550000000000000000e+02 -4.566378751685168380e-01
3.540000000000000000e+02 -4.574778375700188082e-01
3.530000000000000000e+02 -4.583224733047369659e-01
3.520000000000000000e+02 -4.591718188484005259e-01
3.510000000000000000e+02 -4.600259109699211812e-01
3.500000000000000000e+02 -4.608847867315717384e-01
3.490000000000000000e+02 -4.617484834889443723e-01
3.480000000000000000e+02 -4.626170388908569242e-01
3.470000000000000000e+02 -4.634904908790868916e-01
3.460000000000000000e+02 -4.643688776881181868e-01
3.450000000000000000e+02 -4.652522378444962081e-01
3.440000000000000000e+02 -4.661406101663024826e-01
3.430000000000000000e+02 -4.670340337622429505e-01
3.420000000000000000e+02 -4.679325480309022289e-01
3.410000000000000000e+02 -4.688361926593817008e-01
3.400000000000000000e+02 -4.697450076223451676e-01
3.390000000000000000e+02 -4.706590331803061078e-01
3.380000000000000000e+02 -4.715783098781808347e-01
3.370000000000000000e+02 -4.725028785434812750e-01
3.360000000000000000e+02 -4.734327802842331900e-01
3.350000000000000000e+02 -4.743680564869020566e-01
3.340000000000000000e+02 -4.753087488139428052e-01
3.330000000000000000e+02 -4.762548992012398674e-01
3.320000000000000000e+02 -4.772065498552331420e-01
3.310000000000000000e+02 -4.781637432498692108e-01
3.300000000000000000e+02 -4.791265221233838023e-01
3.290000000000000000e+02 -4.800949293947303076e-01
3.280000000000000000e+02 -4.810690084676670919e-01
3.270000000000000000e+02 -4.820488027811526965e-01
3.260000000000000000e+02 -4.830343560921960266e-01
3.250000000000000000e+02 -4.840257124016704715e-01
3.240000000000000000e+02 -4.850229159495056397e-01
3.230000000000000000e+02 -4.860260112093847118e-01
3.220000000000000000e+02 -4.870350428833050138e-01
3.210000000000000000e+02 -4.880500558957389101e-01
3.200000000000000000e+02 -4.890710953873702582e-01
3.190000000000000000e+02 -4.900982067087483740e-01
3.180000000000000000e+02 -4.911314354133400339e-01
3.170000000000000000e+02 -4.921708272502262060e-01
3.160000000000000000e+02 -4.932164281565927233e-01
3.150000000000000000e+02 -4.942682842497072571e-01
3.140000000000000000e+02 -4.953264418184649687e-01
3.130000000000000000e+02 -4.963909473146294049e-01
3.120000000000000000e+02 -4.974618473435110655e-01
3.110000000000000000e+02 -4.985391886543892870e-01
3.100000000000000000e+02 -4.996230181301782869e-01
3.090000000000000000e+02 -5.007133827769462142e-01
3.080000000000000000e+02 -5.018103297127124440e-01
3.070000000000000000e+02 -5.029139061559213530e-01
3.060000000000000000e+02 -5.040241594131932290e-01
3.050000000000000000e+02 -5.051411368667285684e-01
3.040000000000000000e+02 -5.062648859610605623e-01
3.030000000000000000e+02 -5.073954541892869985e-01
3.020000000000000000e+02 -5.085328890786301459e-01
3.010000000000000000e+02 -5.096772381755220183e-01
3.000000000000000000e+02 -5.108285490299946385e-01
2.990000000000000000e+02 -5.119868691793250104e-01
2.980000000000000000e+02 -5.131522461313147154e-01
2.970000000000000000e+02 -5.143247273465667568e-01
2.960000000000000000e+02 -5.155043602202155073e-01
2.950000000000000000e+02 -5.166911920629215782e-01
2.940000000000000000e+02 -5.178852700811725773e-01
2.930000000000000000e+02 -5.190866413566800341e-01
2.920000000000000000e+02 -5.202953528250563453e-01
2.910000000000000000e+02 -5.215114512538014946e-01
2.900000000000000000e+02 -5.227349832192449419e-01
2.890000000000000000e+02 -5.239659950826861534e-01
2.880000000000000000e+02 -5.252045329658378003e-01
2.870000000000000000e+02 -5.264506427250349452e-01
2.860000000000000000e+02 -5.277043699247333519e-01
2.850000000000000000e+02 -5.289657598100305780e-01
2.840000000000000000e+02 -5.302348572780887226e-01
2.830000000000000000e+02 -5.315117068485587515e-01
2.820000000000000000e+02 -5.327963526330800059e-01
2.810000000000000000e+02 -5.340888383034454456e-01
2.800000000000000000e+02 -5.353892070589348906e-01
2.790000000000000000e+02 -5.366975015923525216e-01
2.780000000000000000e+02 -5.380137640548663391e-01
2.770000000000000000e+02 -5.393380360196459167e-01
2.760000000000000000e+02 -5.406703584444048083e-01
2.750000000000000000e+02 -5.420107716323794289e-01
2.740000000000000000e+02 -5.433593151924066555e-01
2.730000000000000000e+02 -5.447160279970884034e-01
2.720000000000000000e+02 -5.460809481401740495e-01
2.710000000000000000e+02 -5.474541128920205058e-01
2.700000000000000000e+02 -5.488355586538929964e-01
2.690000000000000000e+02 -5.502253209106796605e-01
2.680000000000000000e+02 -5.516234341819250542e-01
2.670000000000000000e+02 -5.530299319715270556e-01
2.660000000000000000e+02 -5.544448467155883575e-01
2.650000000000000000e+02 -5.558682097286781199e-01
2.640000000000000000e+02 -5.573000511484329511e-01
2.630000000000000000e+02 -5.587403998782465298e-01
2.620000000000000000e+02 -5.601892835282846761e-01
2.610000000000000000e+02 -5.616467283546063838e-01
2.600000000000000000e+02 -5.631127591963382972e-01
2.590000000000000000e+02 -5.645873994108857596e-01
2.580000000000000000e+02 -5.660706708072724691e-01
2.570000000000000000e+02 -5.675625935771790864e-01
2.560000000000000000e+02 -5.690631862241040118e-01
2.550000000000000000e+02 -5.705724654902113446e-01
2.540000000000000000e+02 -5.720904462809930369e-01
2.530000000000000000e+02 -5.736171415877013846e-01
2.520000000000000000e+02 -5.751525624072497678e-01
2.510000000000000000e+02 -5.766967176599965272e-01
2.500000000000000000e+02 -5.782496141048354410e-01
2.490000000000000000e+02 -5.798112562517772073e-01
2.480000000000000000e+02 -5.813816462721030920e-01
2.470000000000000000e+02 -5.829607839056886176e-01
2.460000000000000000e+02 -5.845486663654760884e-01
2.450000000000000000e+02 -5.861452882395260522e-01
2.440000000000000000e+02 -5.877506413898366810e-01
2.430000000000000000e+02 -5.893647148482765719e-01
2.420000000000000000e+02 -5.909874947095823394e-01
2.410000000000000000e+02 -5.926189640211488863e-01
2.400000000000000000e+02 -5.942591026695507317e-01
2.390000000000000000e+02 -5.959078872639494984e-01
2.380000000000000000e+02 -5.975652910158981701e-01
2.370000000000000000e+02 -5.992312836157782652e-01
2.360000000000000000e+02 -6.009058311055900381e-01
2.350000000000000000e+02 -6.025888957481975172e-01
2.340000000000000000e+02 -6.042804358924489527e-01
2.330000000000000000e+02 -6.059804058347705302e-01
2.320000000000000000e+02 -6.076887556764843934e-01
2.310000000000000000e+02 -6.094054311770209509e-01
2.300000000000000000e+02 -6.111303736029330969e-01
2.290000000000000000e+02 -6.128635195722997864e-01
2.280000000000000000e+02 -6.146048008948640229e-01
2.270000000000000000e+02 -6.163541444071737319e-01
2.260000000000000000e+02 -6.181114718031064381e-01
2.250000000000000000e+02 -6.198766994591650148e-01
2.240000000000000000e+02 -6.216497382548048511e-01
2.230000000000000000e+02 -6.234304933871948062e-01
2.220000000000000000e+02 -6.252188641806160074e-01
2.210000000000000000e+02 -6.270147438899664749e-01
2.200000000000000000e+02 -6.288180194983268301e-01
2.190000000000000000e+02 -6.306285715085721000e-01
2.180000000000000000e+02 -6.324462737283309544e-01
2.170000000000000000e+02 -6.342709930484680125e-01
2.160000000000000000e+02 -6.361025892146713323e-01
2.150000000000000000e+02 -6.379409145919077151e-01
2.140000000000000000e+02 -6.397858139215426565e-01
2.130000000000000000e+02 -6.416371240705898149e-01
2.120000000000000000e+02 -6.434946737732861743e-01
2.110000000000000000e+02 -6.453582833639818217e-01
2.100000000000000000e+02 -6.472277645018282843e-01
2.090000000000000000e+02 -6.491029198861371086e-01
2.080000000000000000e+02 -6.509835429627084391e-01
2.070000000000000000e+02 -6.528694176201159660e-01
2.060000000000000000e+02 -6.547603178763182763e-01
2.050000000000000000e+02 -6.566560075544798369e-01
2.040000000000000000e+02 -6.585562399479101270e-01
2.030000000000000000e+02 -6.604607574736347519e-01
2.020000000000000000e+02 -6.623692913143489625e-01
2.010000000000000000e+02 -6.642815610476235921e-01
2.000000000000000000e+02 -6.661972742626811606e-01
1.990000000000000000e+02 -6.681161261636320292e-01
1.980000000000000000e+02 -6.700377991589318016e-01
1.970000000000000000e+02 -6.719619624362616062e-01
1.960000000000000000e+02 -6.738882715225487097e-01
1.950000000000000000e+02 -6.758163678282431697e-01
1.940000000000000000e+02 -6.777458781752588868e-01
1.930000000000000000e+02 -6.796764143083220411e-01
1.920000000000000000e+02 -6.816075723889494231e-01
1.910000000000000000e+02 -6.835389324693745827e-01
1.900000000000000000e+02 -6.854700579511783243e-01
1.890000000000000000e+02 -6.874004950202594610e-01
1.880000000000000000e+02 -6.893297720637693304e-01
1.870000000000000000e+02 -6.912573990659034440e-01
1.860000000000000000e+02 -6.931828669805586429e-01
1.850000000000000000e+02 -6.951056470817228439e-01
1.840000000000000000e+02 -6.970251902910611363e-01
1.830000000000000000e+02 -6.989409264803833066e-01
1.820000000000000000e+02 -7.008522625839487263e-01
1.810000000000000000e+02 -7.027585862110299342e-01
1.800000000000000000e+02 -7.046592587025647392e-01
1.790000000000000000e+02 -7.065536182223103312e-01
1.780000000000000000e+02 -7.084409779977504096e-01
1.770000000000000000e+02 -7.103206254574302436e-01
1.760000000000000000e+02 -7.121918213388627183e-01
1.750000000000000000e+02 -7.140537987622840310e-01
1.740000000000000000e+02 -7.159057622745870209e-01
1.730000000000000000e+02 -7.177468868577169259e-01
1.720000000000000000e+02 -7.195763169038849050e-01
1.710000000000000000e+02 -7.213931651547160762e-01
1.700000000000000000e+02 -7.231965116042926578e-01
1.690000000000000000e+02 -7.249854023646524759e-01
1.680000000000000000e+02 -7.267588484927984815e-01
1.670000000000000000e+02 -7.285158247791854169e-01
1.660000000000000000e+02 -7.302552684943551808e-01
1.650000000000000000e+02 -7.319760780959840840e-01
1.640000000000000000e+02 -7.336771118923055557e-01
1.630000000000000000e+02 -7.353571866623229702e-01
1.620000000000000000e+02 -7.370150762322473792e-01
1.610000000000000000e+02 -7.386495070452324674e-01
1.600000000000000000e+02 -7.402591685184207737e-01
1.590000000000000000e+02 -7.418426936254747250e-01
1.580000000000000000e+02 -7.433986692165661658e-01
1.570000000000000000e+02 -7.449256313652788952e-01
1.560000000000000000e+02 -7.464220636557579169e-01
1.550000000000000000e+02 -7.478863954161845129e-01
1.540000000000000000e+02 -7.493169998998979731e-01
1.530000000000000000e+02 -7.507121924095175869e-01
1.520000000000000000e+02 -7.520702283664966181e-01
1.510000000000000000e+02 -7.533893013198132982e-01
1.500000000000000000e+02 -7.546675408961165399e-01
1.490000000000000000e+02 -7.559030106871292842e-01
1.480000000000000000e+02 -7.570937060720299705e-01
1.470000000000000000e+02 -7.582375519749305903e-01
1.460000000000000000e+02 -7.593324005500595719e-01
1.450000000000000000e+02 -7.603760287977027188e-01
1.440000000000000000e+02 -7.613661361024808283e-01
1.430000000000000000e+02 -7.623003416938037846e-01
1.420000000000000000e+02 -7.631761820225394510e-01
1.410000000000000000e+02 -7.639911080504566687e-01
1.400000000000000000e+02 -7.647424824477423444e-01
1.390000000000000000e+02 -7.654275766927343128e-01
1.380000000000000000e+02 -7.660435680663406632e-01
1.370000000000000000e+02 -7.665875365388745699e-01
1.360000000000000000e+02 -7.670564615353828719e-01
1.350000000000000000e+02 -7.674472185786339606e-01
1.340000000000000000e+02 -7.677565757939071034e-01
1.330000000000000000e+02 -7.679811902710057536e-01
1.320000000000000000e+02 -7.681176042697097639e-01
1.310000000000000000e+02 -7.681622412575274117e-01
1.300000000000000000e+02 -7.681114017682492134e-01
1.290000000000000000e+02 -7.679612590644463443e-01
1.280000000000000000e+02 -7.677078545914451935e-01
1.270000000000000000e+02 -7.673470932064547778e-01
1.260000000000000000e+02 -7.668747381625590220e-01
1.250000000000000000e+02 -7.662864058321546823e-01
1.240000000000000000e+02 -7.655775601471935810e-01
1.230000000000000000e+02 -7.647435067378847151e-01
1.220000000000000000e+02 -7.637793867428058769e-01
1.210000000000000000e+02 -7.626801702721365261e-01
1.200000000000000000e+02 -7.614406494952826732e-01
1.190000000000000000e+02 -7.600554313276725038e-01
1.180000000000000000e+02 -7.585189296914728319e-01
1.170000000000000000e+02 -7.568253573206307205e-01
1.160000000000000000e+02 -7.549687170818935034e-01
1.150000000000000000e+02 -7.529427927845840918e-01
1.140000000000000000e+02 -7.507411394463843202e-01
1.130000000000000000e+02 -7.483570729896293905e-01
1.120000000000000000e+02 -7.457836593339252085e-01
1.110000000000000000e+02 -7.430137028603360783e-01
1.100000000000000000e+02 -7.400397342149237501e-01
1.090000000000000000e+02 -7.368539974263991210e-01
1.080000000000000000e+02 -7.334484363096321902e-01
1.070000000000000000e+02 -7.298146801312166421e-01
1.060000000000000000e+02 -7.259440285136874449e-01
1.050000000000000000e+02 -7.218274355550868826e-01
1.040000000000000000e+02 -7.174554931491077259e-01
1.030000000000000000e+02 -7.128184134879521627e-01
1.020000000000000000e+02 -7.079060107301754501e-01
1.010000000000000000e+02 -7.027076818338134911e-01
1.000000000000000000e+02 -6.972123865342150228e-01
9.900000000000000000e+01 -6.914086264752747901e-01
9.800000000000000000e+01 -6.852844234822974556e-01
9.700000000000000000e+01 -6.788272969847857219e-01
9.600000000000000000e+01 -6.720242405890843873e-01
9.500000000000000000e+01 -6.648616978091463903e-01
9.400000000000000000e+01 -6.573255369558377303e-01
9.300000000000000000e+01 -6.494010252018368456e-01
9.200000000000000000e+01 -6.410728018139427720e-01
9.100000000000000000e+01 -6.323248505649036177e-01
9.000000000000000000e+01 -6.231404713193822165e-01
8.900000000000000000e+01 -6.135022507858324259e-01
8.800000000000000000e+01 -6.033920324142537650e-01
8.700000000000000000e+01 -5.927908854199664956e-01
8.600000000000000000e+01 -5.816790728796371601e-01
8.500000000000000000e+01 -5.700360188497214375e-01
8.400000000000000000e+01 -5.578402744215336106e-01
8.300000000000000000e+01 -5.450694826092041811e-01
8.200000000000000000e+01 -5.317003419402925868e-01
8.100000000000000000e+01 -5.177085685735108855e-01
8.000000000000000000e+01 -5.030688567590890781e-01
7.900000000000000000e+01 -4.877548373784115210e-01
7.800000000000000000e+01 -4.717390342839969941e-01
7.700000000000000000e+01 -4.549928180994591287e-01
7.600000000000000000e+01 -4.374863570847156158e-01
7.500000000000000000e+01 -4.191885646097435192e-01
7.400000000000000000e+01 -4.000670427304493515e-01
7.300000000000000000e+01 -3.800880212759527588e-01
7.200000000000000000e+01 -3.592162918085047840e-01
7.100000000000000000e+01 -3.374151357245160909e-01
7.000000000000000000e+01 -3.146462457096494969e-01
6.900000000000000000e+01 -2.908696396750058977e-01
6.800000000000000000e+01 -2.660435662283705538e-01
6.700000000000000000e+01 -2.401244006514349216e-01
6.600000000000000000e+01 -2.130665302939066530e-01
6.500000000000000000e+01 -1.848222281806768397e-01
6.400000000000000000e+01 -1.553415135947854298e-01
6.300000000000000000e+01 -1.245719982550755889e-01
6.200000000000000000e+01 -9.245871668564753509e-02
6.100000000000000000e+01 -5.894393920576712631e-02
6.000000000000000000e+01 -2.396696593169966860e-02
5.900000000000000000e+01 1.253610002095184583e-02
5.800000000000000000e+01 5.063260202733210757e-02
5.700000000000000000e+01 9.039360425308107239e-02
5.600000000000000000e+01 1.318941931111020649e-01
5.500000000000000000e+01 1.752138084816058372e-01
5.400000000000000000e+01 2.204366076962940291e-01
5.300000000000000000e+01 2.676518657621771990e-01
5.200000000000000000e+01 3.169544158050494609e-01
5.100000000000000000e+01 3.684451345942507117e-01
5.000000000000000000e+01 4.222314787905870337e-01
