4.000000000000000000e+02 -2.370284797480744832e+00
3.990000000000000000e+02 -2.370223001958908338e+00
3.980000000000000000e+02 -2.370160854665486205e+00
3.970000000000000000e+02 -2.370098351180782714e+00
3.960000000000000000e+02 -2.370035489292001696e+00
3.950000000000000000e+02 -2.369972264930086947e+00
3.940000000000000000e+02 -2.369908674878411947e+00
3.930000000000000000e+02 -2.369844715405435398e+00
3.920000000000000000e+02 -2.369780382739791857e+00
3.910000000000000000e+02 -2.369715674046928289e+00
3.900000000000000000e+02 -2.369650585728316550e+00
3.890000000000000000e+02 -2.369585112460507847e+00
3.880000000000000000e+02 -2.369519251423134243e+00
3.870000000000000000e+02 -2.369452998489882667e+00
3.860000000000000000e+02 -2.369386350203608771e+00
3.850000000000000000e+02 -2.369319301851324333e+00
3.840000000000000000e+02 -2.369251849242460572e+00
3.830000000000000000e+02 -2.369183989258067946e+00
3.820000000000000000e+02 -2.369115716269544425e+00
3.810000000000000000e+02 -2.369047026564583103e+00
3.800000000000000000e+02 -2.368977915768288423e+00
3.790000000000000000e+02 -2.368908378977256035e+00
3.780000000000000000e+02 -2.368838412799200377e+00
3.770000000000000000e+02 -2.368768011076153979e+00
3.760000000000000000e+02 -2.368697169745831665e+00
3.750000000000000000e+02 -2.368625884037368845e+00
3.740000000000000000e+02 -2.368554148629042455e+00
3.730000000000000000e+02 -2.368481959713808038e+00
3.720000000000000000e+02 -2.368409309972864918e+00
3.710000000000000000e+02 -2.368336196324820175e+00
3.700000000000000000e+02 -2.368262612650713361e+00
3.690000000000000000e+02 -2.368188553543451480e+00
3.680000000000000000e+02 -2.368114013201249257e+00
3.670000000000000000e+02 -2.368038986100625021e+00
3.660000000000000000e+02 -2.367963466840039111e+00
3.650000000000000000e+02 -2.367887449546536516e+00
3.640000000000000000e+02 -2.367810928903105960e+00
3.630000000000000000e+02 -2.367733896813597472e+00
3.620000000000000000e+02 -2.367656348349480133e+00
3.610000000000000000e+02 -2.367578278394379065e+00
3.600000000000000000e+02 -2.367499678365756033e+00
3.590000000000000000e+02 -2.367420542291918117e+00
3.580000000000000000e+02 -2.367340863892222202e+00
3.570000000000000000e+02 -2.367260635875060526e+00
3.560000000000000000e+02 -2.367179851989070549e+00
3.550000000000000000e+02 -2.367098504507117784e+00
3.540000000000000000e+02 -2.367016585733257461e+00
3.530000000000000000e+02 -2.366934088285262749e+00
3.520000000000000000e+02 -2.366851005405491648e+00
3.510000000000000000e+02 -2.366767328274229865e+00
3.500000000000000000e+02 -2.366683048996556682e+00
3.490000000000000000e+02 -2.366598160372096693e+00
3.480000000000000000e+02 -2.366512652984873455e+00
3.470000000000000000e+02 -2.366426517945703800e+00
3.460000000000000000e+02 -2.366339748129190568e+00
3.450000000000000000e+02 -2.366252334467986440e+00
3.440000000000000000e+02 -2.366164266027293905e+00
3.430000000000000000e+02 -2.366075534907846833e+00
3.420000000000000000e+02 -2.365986130921331032e+00
3.410000000000000000e+02 -2.365896044931975251e+00
3.400000000000000000e+02 -2.365805266316142852e+00
3.390000000000000000e+02 -2.365713785960408266e+00
3.380000000000000000e+02 -2.365621572755800983e+00
3.370000000000000000e+02 -2.365528661753181439e+00
3.360000000000000000e+02 -2.365435001177672358e+00
3.350000000000000000e+02 -2.365340609688773021e+00
3.340000000000000000e+02 -2.365245445391793044e+00
3.330000000000000000e+02 -2.365149528126080813e+00
3.320000000000000000e+02 -2.365052812206663635e+00
3.310000000000000000e+02 -2.364955320160372132e+00
3.300000000000000000e+02 -2.364857003841934535e+00
3.290000000000000000e+02 -2.364757886937657982e+00
3.280000000000000000e+02 -2.364657917455384784e+00
3.270000000000000000e+02 -2.364557122047100446e+00
3.260000000000000000e+02 -2.364455445638060205e+00
3.250000000000000000e+02 -2.364352916086644107e+00
3.240000000000000000e+02 -2.364249475000992362e+00
3.230000000000000000e+02 -2.364145153071340655e+00
3.220000000000000000e+02 -2.364039886538660262e+00
3.210000000000000000e+02 -2.363933709495564806e+00
3.200000000000000000e+02 -2.363826555110971395e+00
3.190000000000000000e+02 -2.363718459082786882e+00
3.180000000000000000e+02 -2.363609349087841149e+00
3.170000000000000000e+02 -2.363499265185611709e+00
3.160000000000000000e+02 -2.363388129930844794e+00
3.150000000000000000e+02 -2.363275986215820801e+00
3.140000000000000000e+02 -2.363162751785752302e+00
3.130000000000000000e+02 -2.363048473098808611e+00
3.120000000000000000e+02 -2.362933061027797432e+00
3.110000000000000000e+02 -2.362816567545463098e+00
3.100000000000000000e+02 -2.362698895779977715e+00
3.090000000000000000e+02 -2.362580102814221927e+00
3.080000000000000000e+02 -2.362460085396459242e+00
3.070000000000000000e+02 -2.362338904818976459e+00
3.060000000000000000e+02 -2.362216449921771044e+00
3.050000000000000000e+02 -2.362092787559754825e+00
3.040000000000000000e+02 -2.361967799497809661e+00
3.030000000000000000e+02 -2.361841531536007732e+00
3.020000000000000000e+02 -2.361713933794559406e+00
3.010000000000000000e+02 -2.361584979511360594e+00
3.000000000000000000e+02 -2.361454641144062894e+00
2.990000000000000000e+02 -2.361322890377263395e+00
2.980000000000000000e+02 -2.361189698106185286e+00
2.970000000000000000e+02 -2.361055034412280040e+00
2.960000000000000000e+02 -2.360918868526007852e+00
2.950000000000000000e+02 -2.360781168816699083e+00
2.940000000000000000e+02 -2.360641902751567489e+00
2.930000000000000000e+02 -2.360501036871895497e+00
2.920000000000000000e+02 -2.360358536767110493e+00
2.910000000000000000e+02 -2.360214367030631699e+00
2.900000000000000000e+02 -2.360068491245676192e+00
2.890000000000000000e+02 -2.359920871943823606e+00
2.880000000000000000e+02 -2.359771470560791506e+00
2.870000000000000000e+02 -2.359620247425682660e+00
2.860000000000000000e+02 -2.359467161697198279e+00
2.850000000000000000e+02 -2.359312171348991960e+00
2.840000000000000000e+02 -2.359155233110594718e+00
2.830000000000000000e+02 -2.358996302445582671e+00
2.820000000000000000e+02 -2.358835333495822084e+00
2.810000000000000000e+02 -2.358672279044939035e+00
2.800000000000000000e+02 -2.358507090470381318e+00
2.790000000000000000e+02 -2.358339717703288319e+00
2.780000000000000000e+02 -2.358170109172202267e+00
2.770000000000000000e+02 -2.357998211757989626e+00
2.760000000000000000e+02 -2.357823970748314402e+00
2.750000000000000000e+02 -2.357647329768666644e+00
2.740000000000000000e+02 -2.357468230747830074e+00
2.730000000000000000e+02 -2.357286613850285484e+00
2.720000000000000000e+02 -2.357102417417229034e+00
2.710000000000000000e+02 -2.356915577908263337e+00
2.700000000000000000e+02 -2.356726029843928316e+00
2.690000000000000000e+02 -2.356533705737684059e+00
2.680000000000000000e+02 -2.356338536025463171e+00
2.670000000000000000e+02 -2.356140449009298088e+00
2.660000000000000000e+02 -2.355939370765716134e+00
2.650000000000000000e+02 -2.355735225103844588e+00
2.640000000000000000e+02 -2.355527933466682988e+00
2.630000000000000000e+02 -2.355317414849698476e+00
2.620000000000000000e+02 -2.355103585751367135e+00
2.610000000000000000e+02 -2.354886360055650218e+00
2.600000000000000000e+02 -2.354665648969710201e+00
2.590000000000000000e+02 -2.354441360939356187e+00
2.580000000000000000e+02 -2.354213401530539151e+00
2.570000000000000000e+02 -2.353981673370363570e+00
2.560000000000000000e+02 -2.353746076044175961e+00
2.550000000000000000e+02 -2.353506505975469842e+00
2.540000000000000000e+02 -2.353262856361800104e+00
2.530000000000000000e+02 -2.353015017035684053e+00
2.520000000000000000e+02 -2.352762874383377056e+00
2.510000000000000000e+02 -2.352506311226227442e+00
2.500000000000000000e+02 -2.352245206706136127e+00
2.490000000000000000e+02 -2.351979436186295125e+00
2.480000000000000000e+02 -2.351708871100424592e+00
2.470000000000000000e+02 -2.351433378873093449e+00
2.460000000000000000e+02 -2.351152822763372008e+00
2.450000000000000000e+02 -2.350867061748268316e+00
2.440000000000000000e+02 -2.350575950403796632e+00
2.430000000000000000e+02 -2.350279338750044467e+00
2.420000000000000000e+02 -2.349977072125969180e+00
2.410000000000000000e+02 -2.349668991057759726e+00
2.400000000000000000e+02 -2.349354931096800492e+00
2.390000000000000000e+02 -2.349034722681401455e+00
2.380000000000000000e+02 -2.348708190995956180e+00
2.370000000000000000e+02 -2.348375155810203729e+00
2.360000000000000000e+02 -2.348035431305339316e+00
2.350000000000000000e+02 -2.347688825964804327e+00
2.340000000000000000e+02 -2.347335142334178393e+00
2.330000000000000000e+02 -2.346974176922255850e+00
2.320000000000000000e+02 -2.346605720016846863e+00
2.310000000000000000e+02 -2.346229555476927686e+00
2.300000000000000000e+02 -2.345845460575775476e+00
2.290000000000000000e+02 -2.345453205851796952e+00
2.280000000000000000e+02 -2.345052554873471085e+00
2.270000000000000000e+02 -2.344643264085392254e+00
2.260000000000000000e+02 -2.344225082583923925e+00
2.250000000000000000e+02 -2.343797751973185850e+00
2.240000000000000000e+02 -2.343361006137009817e+00
2.230000000000000000e+02 -2.342914571003956059e+00
2.220000000000000000e+02 -2.342458164424063849e+00
2.210000000000000000e+02 -2.341991495851985849e+00
2.200000000000000000e+02 -2.341514266268589495e+00
2.190000000000000000e+02 -2.341026167811330438e+00
2.180000000000000000e+02 -2.340526883681258496e+00
2.170000000000000000e+02 -2.340016087865257166e+00
2.160000000000000000e+02 -2.339493444857803972e+00
2.150000000000000000e+02 -2.338958609552616252e+00
2.140000000000000000e+02 -2.338411226902046725e+00
2.130000000000000000e+02 -2.337850931663216336e+00
2.120000000000000000e+02 -2.337277348266557198e+00
2.110000000000000000e+02 -2.336690090464000669e+00
2.100000000000000000e+02 -2.336088761082938614e+00
2.090000000000000000e+02 -2.335472951816428555e+00
2.080000000000000000e+02 -2.334842242920280864e+00
2.070000000000000000e+02 -2.334196202948652488e+00
2.060000000000000000e+02 -2.333534388492004563e+00
2.050000000000000000e+02 -2.332856343865697291e+00
2.040000000000000000e+02 -2.332161600892325382e+00
2.030000000000000000e+02 -2.331449678498397127e+00
2.020000000000000000e+02 -2.330720082507657498e+00
2.010000000000000000e+02 -2.329972305319136350e+00
2.000000000000000000e+02 -2.329205825584037992e+00
1.990000000000000000e+02 -2.328420107863496735e+00
1.980000000000000000e+02 -2.327614602332936933e+00
1.970000000000000000e+02 -2.326788744428490041e+00
1.960000000000000000e+02 -2.325941954537488421e+00
1.950000000000000000e+02 -2.325073637623737088e+00
1.940000000000000000e+02 -2.324183182872062936e+00
1.930000000000000000e+02 -2.323269963289611884e+00
1.920000000000000000e+02 -2.322333335392892995e+00
1.910000000000000000e+02 -2.321372638789788390e+00
1.900000000000000000e+02 -2.320387195717430906e+00
1.890000000000000000e+02 -2.319376310821926968e+00
1.880000000000000000e+02 -2.318339270419744746e+00
1.870000000000000000e+02 -2.317275342473692046e+00
1.860000000000000000e+02 -2.316183775830736202e+00
1.850000000000000000e+02 -2.315063799847347781e+00
1.840000000000000000e+02 -2.313914623974912210e+00
1.830000000000000000e+02 -2.312735437383964587e+00
1.820000000000000000e+02 -2.311525405814110812e+00
1.810000000000000000e+02 -2.310283680135142070e+00
1.800000000000000000e+02 -2.309009383371356527e+00
1.790000000000000000e+02 -2.307701617770345770e+00
1.780000000000000000e+02 -2.306359462809186578e+00
1.770000000000000000e+02 -2.304981974215202012e+00
1.760000000000000000e+02 -2.303568183686674153e+00
1.750000000000000000e+02 -2.302117098081762681e+00
1.740000000000000000e+02 -2.300627699046727148e+00
1.730000000000000000e+02 -2.299098942109027544e+00
1.720000000000000000e+02 -2.297529756304518056e+00
1.710000000000000000e+02 -2.295919043414830885e+00
1.700000000000000000e+02 -2.294265677328966913e+00
1.690000000000000000e+02 -2.292568503111378497e+00
1.680000000000000000e+02 -2.290826336817803455e+00
1.670000000000000000e+02 -2.289037964305708162e+00
1.660000000000000000e+02 -2.287202140765003389e+00
1.650000000000000000e+02 -2.285317589819362727e+00
1.640000000000000000e+02 -2.283383002993236488e+00
1.630000000000000000e+02 -2.281397038551866707e+00
1.620000000000000000e+02 -2.279358321185038783e+00
1.610000000000000000e+02 -2.277265441008212044e+00
1.600000000000000000e+02 -2.275116952242930424e+00
1.590000000000000000e+02 -2.272911373533029078e+00
1.580000000000000000e+02 -2.270647185730567230e+00
1.570000000000000000e+02 -2.268322832411962420e+00
1.560000000000000000e+02 -2.265936717827468527e+00
1.550000000000000000e+02 -2.263487206728043155e+00
1.540000000000000000e+02 -2.260972623119104075e+00
1.530000000000000000e+02 -2.258391249598883377e+00
1.520000000000000000e+02 -2.255741326198986929e+00
1.510000000000000000e+02 -2.253021049600577363e+00
1.500000000000000000e+02 -2.250228572052939136e+00
1.490000000000000000e+02 -2.247362000479021127e+00
1.480000000000000000e+02 -2.244419395398287609e+00
1.470000000000000000e+02 -2.241398769877101849e+00
1.460000000000000000e+02 -2.238298088708172262e+00
1.450000000000000000e+02 -2.235115267029017527e+00
1.440000000000000000e+02 -2.231848169201383403e+00
1.430000000000000000e+02 -2.228494608145883404e+00
1.420000000000000000e+02 -2.225052343486424444e+00
1.410000000000000000e+02 -2.221519080847569771e+00
1.400000000000000000e+02 -2.217892470448147524e+00
1.390000000000000000e+02 -2.214170105595495652e+00
1.380000000000000000e+02 -2.210349521152322971e+00
1.370000000000000000e+02 -2.206428193329703191e+00
1.360000000000000000e+02 -2.202403535914421173e+00
1.350000000000000000e+02 -2.198272901018144321e+00
1.340000000000000000e+02 -2.194033610218343089e+00
1.330000000000000000e+02 -2.189682816398717424e+00
1.320000000000000000e+02 -2.185217705912633424e+00
1.310000000000000000e+02 -2.180635361297464936e+00
1.300000000000000000e+02 -2.175932792667163884e+00
1.290000000000000000e+02 -2.171106935370509916e+00
1.280000000000000000e+02 -2.166154647481334905e+00
1.270000000000000000e+02 -2.161072707108276258e+00
1.260000000000000000e+02 -2.155857809504669653e+00
1.250000000000000000e+02 -2.150506563965265183e+00
1.240000000000000000e+02 -2.145015490491719579e+00
1.230000000000000000e+02 -2.139381016210005537e+00
1.220000000000000000e+02 -2.133599471521254731e+00
1.210000000000000000e+02 -2.127667085969195071e+00
1.200000000000000000e+02 -2.121579983807027947e+00
1.190000000000000000e+02 -2.115334179243147261e+00
1.180000000000000000e+02 -2.108925571351175865e+00
1.170000000000000000e+02 -2.102349938625919012e+00
1.160000000000000000e+02 -2.095602933166649251e+00
1.150000000000000000e+02 -2.088680074476836790e+00
1.140000000000000000e+02 -2.081576742858989082e+00
1.130000000000000000e+02 -2.074288172396160590e+00
1.120000000000000000e+02 -2.066809443504855626e+00
1.110000000000000000e+02 -2.059135475048170072e+00
1.100000000000000000e+02 -2.051261016001396875e+00
1.090000000000000000e+02 -2.043180636660251626e+00
1.080000000000000000e+02 -2.034888719387507816e+00
1.070000000000000000e+02 -2.026379448893365520e+00
1.060000000000000000e+02 -2.017646802046121124e+00
1.050000000000000000e+02 -2.008684537213881072e+00
1.040000000000000000e+02 -1.999486183138767137e+00
1.030000000000000000e+02 -1.990045027345934692e+00
1.020000000000000000e+02 -1.980354104087099776e+00
1.010000000000000000e+02 -1.970406181832018655e+00
1.000000000000000000e+02 -1.960193750299355830e+00
9.900000000000000000e+01 -1.949709007044613029e+00
9.800000000000000000e+01 -1.938943843595236416e+00
9.700000000000000000e+01 -1.927889831140327637e+00
9.600000000000000000e+01 -1.916538205769005909e+00
9.500000000000000000e+01 -1.904879853249219712e+00
9.400000000000000000e+01 -1.892905293329946170e+00
9.300000000000000000e+01 -1.880604663551873390e+00
9.200000000000000000e+01 -1.867967702522821405e+00
9.100000000000000000e+01 -1.854983732623596060e+00
9.000000000000000000e+01 -1.841641642082632258e+00
8.900000000000000000e+01 -1.827929866345685994e+00
8.800000000000000000e+01 -1.813836368645045383e+00
8.700000000000000000e+01 -1.799348619663338367e+00
8.600000000000000000e+01 -1.784453576141805886e+00
8.500000000000000000e+01 -1.769137658281473735e+00
8.400000000000000000e+01 -1.753386725733377061e+00
8.300000000000000000e+01 -1.737186051960479816e+00
8.200000000000000000e+01 -1.720520296708123009e+00
8.100000000000000000e+01 -1.703373476279050003e+00
8.000000000000000000e+01 -1.685728931292093113e+00
7.900000000000000000e+01 -1.667569291527117636e+00
7.800000000000000000e+01 -1.648876437441075371e+00
7.700000000000000000e+01 -1.629631457884090251e+00
7.600000000000000000e+01 -1.609814603496133367e+00
7.500000000000000000e+01 -1.589405235212188128e+00
7.400000000000000000e+01 -1.568381767261298965e+00
7.300000000000000000e+01 -1.546721603979250848e+00
7.200000000000000000e+01 -1.524401069717397528e+00
7.100000000000000000e+01 -1.501395331055718874e+00
7.000000000000000000e+01 -1.477678310487525959e+00
6.900000000000000000e+01 -1.453222590676571446e+00
6.800000000000000000e+01 -1.427999308326729944e+00
6.700000000000000000e+01 -1.401978036636919889e+00
6.600000000000000000e+01 -1.375126655257131070e+00
6.500000000000000000e+01 -1.347411206557589392e+00
6.400000000000000000e+01 -1.318795736975422850e+00
6.300000000000000000e+01 -1.289242122057475237e+00
6.200000000000000000e+01 -1.258709873759287889e+00
6.100000000000000000e+01 -1.227155928365765147e+00
6.000000000000000000e+01 -1.194534413308356857e+00
5.900000000000000000e+01 -1.160796390884731855e+00
5.800000000000000000e+01 -1.125889576728795971e+00
5.700000000000000000e+01 -1.089758030554917934e+00
5.600000000000000000e+01 -1.052341816372733829e+00
5.500000000000000000e+01 -1.013576628967231885e+00
5.400000000000000000e+01 -9.733933829320384756e-01
5.300000000000000000e+01 -9.317177599365091822e-01
5.200000000000000000e+01 -8.884697092123212681e-01
5.100000000000000000e+01 -8.435628953093938787e-01
5.000000000000000000e+01 -7.969040861859690850e-01
